1 0.16640625 0.90546875 0.29375 0.1859375
1 0.915625 0.91015625 0.1671875 0.1765625
1 0.62265625 0.90546875 0.30625 0.1859375
1 0.6984375 0.39453125 0.134375 0.115625
1 0.9734375 0.3234375 0.0515625 0.071875
1 0.4484375 0.22890625 0.078125 0.065625
1 0.68984375 0.2109375 0.10625 0.0703125
1 0.1984375 0.24140625 0.0828125 0.06875
1 0.58203125 0.190625 0.084375 0.0640625
1 0.3484375 0.28359375 0.103125 0.078125
1 0.39140625 0.246875 0.090625 0.071875
1 0.56484375 0.2890625 0.1125 0.09375
1 0.56171875 0.23828125 0.1 0.0578125
1 0.15859375 0.11796875 0.0375 0.046875
1 0.31171875 0.1984375 0.05625 0.05625
1 0.68828125 0.07109375 0.025 0.0203125
1 0.56484375 0.35703125 0.10625 0.08125
1 0.2640625 0.2203125 0.0875 0.075
1 0.96953125 0.2796875 0.059375 0.0640625
2 0.20390625 0.28828125 0.04375 0.05
2 0.14921875 0.1859375 0.0296875 0.0390625
2 0.2796875 0.159375 0.03125 0.0453125
2 0.1921875 0.17578125 0.025 0.0375
3 0.73828125 0.27890625 0.159375 0.128125
3 0.58984375 0.665625 0.2875 0.265625
0 0.0546875 0.24453125 0.109375 0.2265625
0 0.83828125 0.2515625 0.1375 0.15625
0 0.259375 0.06015625 0.1171875 0.109375
0 0.37265625 0.03046875 0.0546875 0.0609375