1 0.04375 0.95625 0.0875 0.084375
1 0.553125 0.7359375 0.0875 0.165625
1 0.5578125 0.91796875 0.1125 0.1609375
1 0.21015625 0.92421875 0.13125 0.1484375
1 0.12578125 0.80625 0.115625 0.184375
1 0.39609375 0.92890625 0.125 0.1390625
1 0.41796875 0.740625 0.0875 0.1671875
1 0.91171875 0.3515625 0.040625 0.05625
1 0.03359375 0.796875 0.0671875 0.16875
1 0.44921875 0.584375 0.078125 0.15
1 0.32734375 0.63984375 0.08125 0.1359375
1 0.87578125 0.278125 0.0625 0.0453125
1 0.95390625 0.31015625 0.040625 0.05
1 0.19296875 0.65625 0.0984375 0.1765625
1 0.26171875 0.55703125 0.0734375 0.1109375
1 0.2734375 0.78671875 0.109375 0.18125
1 0.6421875 0.13671875 0.0125 0.021875
1 0.46875 0.1390625 0.0125 0.01875
1 0.35546875 0.5546875 0.071875 0.109375
1 0.22109375 0.23203125 0.0265625 0.0359375
1 0.3 0.4796875 0.0609375 0.0890625
1 0.48125 0.1515625 0.0125 0.0140625
1 0.39765625 0.43984375 0.0515625 0.0796875
1 0.2640625 0.2015625 0.0234375 0.0375
1 0.36953125 0.490625 0.059375 0.09375
1 0.3203125 0.43203125 0.05 0.0765625
0 0.1421875 0.52109375 0.215625 0.3171875
0 0.01953125 0.57421875 0.0390625 0.2171875
0 0.24453125 0.38515625 0.0984375 0.175
0 0.29296875 0.3203125 0.0828125 0.1375
1 0.396875 0.3859375 0.040625 0.0421875
1 0.33671875 0.39375 0.034375 0.071875
1 0.35703125 0.36640625 0.0328125 0.0578125
1 0.37265625 0.33359375 0.03125 0.053125
3 0.30234375 0.2359375 0.06875 0.053125
0 0.35 0.26640625 0.0859375 0.11875
0 0.4171875 0.30390625 0.065625 0.16875