1 0.16640625 0.9140625 0.29375 0.16875
1 0.90078125 0.909375 0.196875 0.178125
1 0.5953125 0.9046875 0.30625 0.1875
1 0.953125 0.378125 0.0921875 0.1
1 0.5828125 0.19140625 0.084375 0.065625
1 0.1453125 0.23359375 0.08125 0.0671875
1 0.68828125 0.21015625 0.10625 0.071875
1 0.25859375 0.2609375 0.0953125 0.0703125
1 0.47578125 0.32109375 0.109375 0.0859375
1 0.3421875 0.23828125 0.0875 0.06875
1 0.98203125 0.16171875 0.034375 0.0546875
1 0.9734375 0.3140625 0.0515625 0.05625
1 0.39609375 0.21796875 0.075 0.065625
1 0.96953125 0.27890625 0.059375 0.0609375
1 0.5015625 0.26875 0.1078125 0.078125
1 0.12265625 0.13203125 0.05625 0.05
1 0.5265625 0.23984375 0.096875 0.0765625
2 0.18671875 0.2890625 0.0421875 0.0453125
2 0.146875 0.1734375 0.028125 0.0359375
3 0.72734375 0.2734375 0.159375 0.128125
3 0.58984375 0.66484375 0.2875 0.2625
0 0.03984375 0.25546875 0.0796875 0.1984375
0 0.36640625 0.03359375 0.05625 0.0671875
0 0.83828125 0.2515625 0.1375 0.15625