1 0.40859375 0.6359375 0.1234375 0.1796875
1 0.64140625 0.60546875 0.184375 0.221875
1 0.02578125 0.371875 0.0515625 0.0703125
1 0.97578125 0.415625 0.046875 0.0640625
1 0.7703125 0.93984375 0.2203125 0.1171875
1 0.97421875 0.16953125 0.05 0.046875
1 0.43828125 0.34609375 0.05 0.0890625
1 0.42265625 0.4484375 0.075 0.115625
1 0.52109375 0.153125 0.03125 0.0390625
1 0.98203125 0.48125 0.034375 0.075
1 0.3625 0.32890625 0.046875 0.0984375
1 0.6703125 0.28125 0.075 0.1109375
1 0.39296875 0.17109375 0.0265625 0.0390625
1 0.40390625 0.27890625 0.04375 0.0765625
1 0.0984375 0.28046875 0.06875 0.05
1 0.465625 0.28359375 0.0375 0.0671875
1 0.42421875 0.21171875 0.0328125 0.05
1 0.4625 0.23125 0.0421875 0.05625
0 0.10703125 0.45078125 0.2140625 0.3703125
0 0.26953125 0.21796875 0.1125 0.15
0 0.19765625 0.21875 0.115625 0.1296875
0 0.28359375 0.32890625 0.1109375 0.2546875
0 0.34921875 0.19375 0.06875 0.125
0 0.23203125 0.09453125 0.0421875 0.0515625