1 0.32890625 0.62109375 0.1671875 0.171875
1 0.26796875 0.41484375 0.0953125 0.078125
1 0.81875 0.27421875 0.0375 0.0453125
1 0.1765625 0.4 0.059375 0.0625
1 0.6671875 0.334375 0.0625 0.0796875
1 0.93203125 0.18671875 0.0140625 0.01875
1 0.35234375 0.378125 0.078125 0.078125
1 0.53359375 0.30625 0.05 0.046875
1 0.57578125 0.29296875 0.04375 0.0453125
1 0.61171875 0.278125 0.0390625 0.040625
1 0.64609375 0.26484375 0.0375 0.040625
1 0.50703125 0.29375 0.01875 0.028125
1 0.4171875 0.3515625 0.065625 0.0671875
0 0.9859375 0.2234375 0.0265625 0.06875
0 0.9546875 0.15546875 0.021875 0.025