1 0.6921875 0.696875 0.09375 0.1578125
1 0.63515625 0.48125 0.0546875 0.0890625
1 0.51015625 0.4609375 0.046875 0.075
1 0.58671875 0.38359375 0.046875 0.0546875
1 0.971875 0.38203125 0.0546875 0.046875
1 0.15234375 0.4484375 0.084375 0.05625
1 0.86171875 0.55390625 0.146875 0.11875
1 0.190625 0.56484375 0.0875 0.1046875
1 0.0984375 0.56953125 0.071875 0.109375
1 0.69765625 0.36484375 0.034375 0.040625
1 0.39921875 0.478125 0.0703125 0.0671875
1 0.4125 0.43984375 0.05 0.0546875
1 0.93515625 0.5390625 0.1015625 0.096875
1 0.84609375 0.38359375 0.0890625 0.0453125
1 0.14921875 0.5109375 0.0609375 0.0703125
1 0.8703125 0.359375 0.08125 0.040625
1 0.04921875 0.4546875 0.046875 0.0546875
0 0.65390625 0.340625 0.04375 0.075
1 0.32734375 0.5125 0.1046875 0.1375
1 0.7546875 0.340625 0.025 0.0390625
1 0.73515625 0.3328125 0.0171875 0.028125
1 0.74921875 0.31640625 0.0171875 0.0125
0 0.78984375 0.29375 0.040625 0.0609375