1 0.74609375 0.2609375 0.084375 0.0625
1 0.43671875 0.2109375 0.0578125 0.0375
1 0.63125 0.221875 0.071875 0.0484375
1 0.4984375 0.45078125 0.1203125 0.10625
1 0.67265625 0.45859375 0.1375 0.1140625
1 0.67109375 0.4 0.121875 0.0890625
1 0.54453125 0.36328125 0.103125 0.08125
1 0.55 0.18828125 0.05 0.0359375
1 0.41171875 0.1890625 0.04375 0.034375
1 0.45390625 0.1703125 0.034375 0.0296875
1 0.50546875 0.396875 0.103125 0.084375
1 0.88671875 0.58046875 0.225 0.2390625
1 0.06953125 0.17421875 0.01875 0.021875
1 0.365625 0.15859375 0.0375 0.025
1 0.25390625 0.31875 0.059375 0.059375
1 0.28359375 0.16171875 0.03125 0.028125
1 0.9046875 0.51796875 0.1640625 0.1171875
2 0.31796875 0.75625 0.046875 0.090625
3 0.18359375 0.50703125 0.1125 0.15625
0 0.8984375 0.425 0.2015625 0.24375