1 0.04609375 0.225 0.053125 0.06875
1 0.12265625 0.40078125 0.096875 0.1390625
1 0.8359375 0.540625 0.26875 0.21875
1 0.52734375 0.59296875 0.240625 0.2734375
1 0.75 0.38125 0.1984375 0.1296875
1 0.16953125 0.26953125 0.075 0.090625
1 0.26953125 0.221875 0.0734375 0.075
1 0.8484375 0.19921875 0.1078125 0.084375
1 0.25546875 0.17421875 0.05625 0.05625
1 0.07265625 0.10390625 0.028125 0.034375
1 0.06015625 0.075 0.0203125 0.028125
1 0.03359375 0.06875 0.0171875 0.0265625
1 0.70078125 0.1609375 0.084375 0.078125
1 0.55703125 0.12890625 0.0234375 0.0578125
1 0.003125 0.11484375 0.00625 0.025
0 0.4515625 0.15703125 0.2 0.1703125
0 0.12265625 0.0796875 0.0671875 0.075