1 0.05625 0.5015625 0.1125 0.1078125
1 0.40703125 0.3203125 0.078125 0.0703125
1 0.428125 0.20546875 0.065625 0.040625
1 0.78203125 0.17421875 0.0578125 0.0375
1 0.8125 0.22890625 0.0484375 0.05
1 0.8828125 0.20703125 0.06875 0.040625
1 0.94765625 0.45703125 0.103125 0.1484375
1 0.61796875 0.28671875 0.0625 0.0671875
1 0.32734375 0.209375 0.0671875 0.040625
1 0.1984375 0.221875 0.059375 0.040625
1 0.31015625 0.41796875 0.103125 0.090625
1 0.66640625 0.1953125 0.065625 0.05
1 0.28515625 0.384375 0.1 0.0796875
1 0.71875 0.240625 0.059375 0.0515625
1 0.84765625 0.1890625 0.059375 0.040625
1 0.0390625 0.21640625 0.06875 0.034375
1 0.64140625 0.18359375 0.04375 0.040625
1 0.734375 0.2640625 0.0625 0.0546875
1 0.2703125 0.20078125 0.065625 0.046875
1 0.97734375 0.3203125 0.04375 0.0859375
1 0.1046875 0.209375 0.0453125 0.0328125
1 0.95859375 0.2 0.05625 0.0375
2 0.27109375 0.53125 0.0375 0.0859375
2 0.66796875 0.33046875 0.021875 0.05
2 0.35546875 0.53984375 0.04375 0.090625
2 0.721875 0.33046875 0.0375 0.046875
0 0.54296875 0.221875 0.134375 0.1375
0 0.4046875 0.16953125 0.128125 0.071875
0 0.465625 0.83203125 0.93125 0.33125
0 0.97265625 0.16171875 0.053125 0.071875
1 0.96015625 0.23046875 0.0421875 0.053125
1 0.978125 0.25390625 0.04375 0.0546875
1 0.4890625 0.153125 0.025 0.0359375
1 0.51796875 0.17421875 0.046875 0.028125
1 0.15546875 0.21171875 0.0515625 0.0375
1 0.11953125 0.22265625 0.053125 0.0359375
1 0.02421875 0.215625 0.040625 0.0375
1 0.2578125 0.18046875 0.040625 0.0296875
1 0.29375 0.165625 0.034375 0.03125
1 0.31796875 0.14765625 0.0171875 0.021875
0 0.3671875 0.121875 0.05 0.040625
1 0.821875 0.36796875 0.121875 0.1375