1 0.775 0.73125 0.225 0.2703125
1 0.4453125 0.61640625 0.2265625 0.221875
1 0.27421875 0.91015625 0.334375 0.1765625
1 0.39765625 0.22421875 0.13125 0.0890625
1 0.5546875 0.70390625 0.2265625 0.240625
1 0.11796875 0.88515625 0.2359375 0.2234375
1 0.56171875 0.15078125 0.090625 0.065625
1 0.1578125 0.234375 0.1078125 0.0765625
1 0.7171875 0.146875 0.075 0.071875
1 0.66875 0.14296875 0.065625 0.0671875
1 0.7328125 0.0796875 0.05 0.0265625
1 0.97109375 0.109375 0.05625 0.078125
1 0.93046875 0.140625 0.06875 0.078125
1 0.21796875 0.18046875 0.0625 0.0609375
1 0.07734375 0.2046875 0.09375 0.071875
1 0.81171875 0.15 0.0984375 0.075
2 0.4484375 0.1859375 0.0265625 0.046875
0 0.1984375 0.125 0.0953125 0.1171875