1 0.38359375 0.62578125 0.1921875 0.2078125
1 0.97421875 0.60625 0.05 0.171875
1 0.23046875 0.4234375 0.115625 0.125
1 0.54921875 0.43203125 0.165625 0.15
1 0.26953125 0.34375 0.1078125 0.1015625
1 0.30390625 0.2796875 0.096875 0.0859375
1 0.86640625 0.20078125 0.128125 0.0875
1 0.71953125 0.18515625 0.1125 0.078125
1 0.60078125 0.24609375 0.10625 0.09375
1 0.58828125 0.171875 0.096875 0.0671875
1 0.60703125 0.3609375 0.14375 0.1296875
1 0.8375 0.41484375 0.221875 0.196875
1 0.86875 0.1609375 0.128125 0.0640625
1 0.4546875 0.3109375 0.128125 0.115625
1 0.05078125 0.284375 0.040625 0.065625
1 0.01640625 0.17109375 0.0328125 0.0453125
1 0.975 0.21015625 0.0484375 0.0984375
1 0.52578125 0.28125 0.11875 0.1046875
1 0.70625 0.14609375 0.0984375 0.0703125
1 0.3109375 0.15390625 0.0625 0.0515625
1 0.8578125 0.0453125 0.0875 0.0546875
1 0.021875 0.2703125 0.04375 0.0640625
1 0.7328125 0.08515625 0.090625 0.0515625
1 0.59921875 0.13984375 0.09375 0.06875
2 0.18046875 0.84609375 0.1140625 0.140625
0 0.440625 0.1296875 0.2 0.134375
0 0.14765625 0.27890625 0.184375 0.171875
0 0.1703125 0.06875 0.0953125 0.0703125
0 0.73984375 0.034375 0.08125 0.065625