1 0.48515625 0.365625 0.084375 0.1578125
1 0.521875 0.73203125 0.1359375 0.325
1 0.61953125 0.35546875 0.090625 0.1484375
1 0.03359375 0.5109375 0.0671875 0.21875
1 0.73828125 0.3734375 0.115625 0.1609375
1 0.75390625 0.89296875 0.196875 0.2109375
1 0.8828125 0.7453125 0.2328125 0.3609375
1 0.96953125 0.27890625 0.059375 0.13125
1 0.66953125 0.5484375 0.1109375 0.196875
1 0.9734375 0.60859375 0.0515625 0.1359375
1 0.95703125 0.059375 0.078125 0.059375
1 0.9765625 0.096875 0.0453125 0.071875
1 0.23828125 0.04375 0.034375 0.046875
1 0.40390625 0.0296875 0.028125 0.0484375
1 0.44375 0.021875 0.028125 0.04375
1 0.73125 0.01328125 0.0375 0.0265625
1 0.35859375 0.040625 0.034375 0.0484375
2 0.21484375 0.09609375 0.0203125 0.0671875
0 0.81640625 0.2234375 0.265625 0.3796875