1 0.07734375 0.8796875 0.1546875 0.234375
1 0.69921875 0.65859375 0.140625 0.1875
1 0.04453125 0.4171875 0.0890625 0.090625
1 0.39375 0.40625 0.06875 0.0984375
1 0.615625 0.33359375 0.0625 0.0625
1 0.6171875 0.90078125 0.203125 0.1953125
1 0.259375 0.4265625 0.0921875 0.125
1 0.17578125 0.36875 0.05625 0.08125
1 0.44140625 0.63671875 0.1375 0.240625
1 0.85625 0.5 0.140625 0.11875
1 0.87890625 0.928125 0.23125 0.140625
1 0.7140625 0.54296875 0.128125 0.1375
1 0.9671875 0.5234375 0.0640625 0.109375
1 0.31484375 0.303125 0.04375 0.0640625
1 0.45390625 0.5109375 0.090625 0.1296875
1 0.49453125 0.38046875 0.0734375 0.1140625
1 0.57734375 0.28203125 0.04375 0.05
1 0.3796875 0.31171875 0.0453125 0.065625
1 0.63515625 0.28984375 0.046875 0.0546875
1 0.44765625 0.3109375 0.05 0.0625
1 0.75078125 0.353125 0.0859375 0.0984375
1 0.82265625 0.315625 0.0265625 0.04375
2 0.04921875 0.371875 0.05 0.0546875
2 0.08671875 0.3140625 0.025 0.0390625
0 0.9125 0.359375 0.1734375 0.2453125
0 0.53046875 0.078125 0.05 0.0671875
0 0.29921875 0.20703125 0.040625 0.0703125