1 0.6453125 0.94609375 0.1375 0.1046875
1 0.9734375 0.434375 0.0515625 0.046875
1 0.28828125 0.48671875 0.08125 0.05625
1 0.65703125 0.5515625 0.059375 0.0890625
1 0.10234375 0.62109375 0.071875 0.109375
1 0.86484375 0.60546875 0.146875 0.11875
1 0.35703125 0.553125 0.0515625 0.075
1 0.19375 0.61484375 0.0859375 0.096875
1 0.68828125 0.45 0.0390625 0.05625
1 0.93828125 0.590625 0.103125 0.096875
1 0.15390625 0.5609375 0.059375 0.0703125
1 0.42578125 0.61640625 0.0609375 0.1046875
1 0.03046875 0.5 0.040625 0.059375
1 0.8734375 0.41328125 0.08125 0.040625
1 0.6578125 0.41171875 0.0359375 0.04375
1 0.6359375 0.4546875 0.040625 0.0546875
1 0.41328125 0.4953125 0.053125 0.065625
2 0.2859375 0.57421875 0.0265625 0.0703125
0 0.5046875 0.58359375 0.1171875 0.2453125
0 0.70078125 0.36875 0.05 0.078125
0 0.5609375 0.50078125 0.09375 0.16875