1 0.0703125 0.2453125 0.0578125 0.0796875
1 0.19140625 0.48984375 0.1265625 0.184375
1 0.825 0.828125 0.3484375 0.340625
1 0.5984375 0.39609375 0.1796875 0.15625
1 0.22109375 0.30625 0.090625 0.109375
1 0.24140625 0.19921875 0.065625 0.06875
1 0.85078125 0.1953125 0.10625 0.084375
1 0.23125 0.15859375 0.053125 0.05
1 0.56015625 0.125 0.021875 0.0546875
1 0.06640625 0.09375 0.0265625 0.0359375
1 0.584375 0.2984375 0.1453125 0.0953125
1 0.703125 0.15625 0.0859375 0.0765625
2 0.0125 0.11953125 0.0109375 0.025
0 0.45390625 0.15078125 0.2015625 0.171875
0 0.11875 0.07421875 0.0625 0.075