1 0.6390625 0.75 0.0953125 0.1453125
1 0.9734375 0.45625 0.0515625 0.046875
1 0.48046875 0.75625 0.0875 0.146875
1 0.57734375 0.61328125 0.059375 0.096875
1 0.27578125 0.5140625 0.0796875 0.0609375
1 0.86640625 0.628125 0.146875 0.11875
1 0.64609375 0.55078125 0.0546875 0.0984375
1 0.11640625 0.53046875 0.0859375 0.0546875
1 0.52421875 0.48359375 0.0671875 0.0515625
1 0.87265625 0.434375 0.08125 0.04375
1 0.93984375 0.61328125 0.103125 0.096875
1 0.10234375 0.646875 0.071875 0.109375
1 0.61171875 0.46484375 0.0421875 0.0484375
1 0.19375 0.64375 0.0859375 0.1015625
1 0.95546875 0.36875 0.021875 0.025
1 0.03671875 0.56015625 0.0734375 0.0609375
1 0.853125 0.45625 0.08125 0.04375
1 0.52265625 0.4234375 0.03125 0.0359375
1 0.55546875 0.4640625 0.0359375 0.0390625
1 0.62734375 0.4390625 0.0375 0.040625
1 0.15546875 0.5890625 0.0625 0.075
1 0.01484375 0.51796875 0.0296875 0.0390625
1 0.07890625 0.59375 0.059375 0.06875
1 0.45234375 0.46640625 0.040625 0.0265625
2 0.20234375 0.71015625 0.025 0.075
0 0.42109375 0.58515625 0.1578125 0.221875
0 0.31796875 0.825 0.24375 0.346875
0 0.18359375 0.88203125 0.34375 0.23125