1 0.25703125 0.8859375 0.2671875 0.20625
1 0.09609375 0.26015625 0.0859375 0.0546875
1 0.77578125 0.825 0.28125 0.246875
1 0.31015625 0.696875 0.2125 0.184375
1 0.7640625 0.68828125 0.2390625 0.184375
1 0.984375 0.67421875 0.0296875 0.1296875
1 0.90234375 0.16484375 0.0796875 0.0515625
1 0.44296875 0.2265625 0.0875 0.065625
1 0.68828125 0.1234375 0.0578125 0.0390625
1 0.85390625 0.1109375 0.0484375 0.0375
1 0.7578125 0.14609375 0.0703125 0.0515625
1 0.71328125 0.390625 0.0734375 0.1078125
1 0.16015625 0.18515625 0.05 0.0453125
1 0.71640625 0.5109375 0.09375 0.18125
1 0.2609375 0.221875 0.075 0.0515625
1 0.72421875 0.109375 0.04375 0.034375
1 0.2015625 0.2234375 0.05625 0.05
1 0.52578125 0.1640625 0.059375 0.05
1 0.9828125 0.1484375 0.0328125 0.040625
1 0.29140625 0.19453125 0.065625 0.0453125
1 0.34609375 0.2046875 0.075 0.05
1 0.796875 0.234375 0.05 0.06875