1 0.9734375 0.603125 0.0515625 0.171875
1 0.84296875 0.68671875 0.2703125 0.2515625
1 0.54765625 0.43046875 0.1671875 0.15
1 0.6046875 0.3609375 0.14375 0.1296875
1 0.58515625 0.17109375 0.096875 0.071875
1 0.63359375 0.08828125 0.08125 0.05
1 0.2671875 0.34296875 0.1078125 0.1046875
1 0.97265625 0.10625 0.053125 0.065625
1 0.7171875 0.18203125 0.1140625 0.0796875
1 0.8640625 0.196875 0.1265625 0.090625
1 0.453125 0.309375 0.128125 0.115625
1 0.97421875 0.20625 0.05 0.1015625
1 0.78828125 0.078125 0.090625 0.05625
1 0.32890625 0.28125 0.1015625 0.0859375
1 0.85234375 0.04375 0.0875 0.05
1 0.0640625 0.196875 0.04375 0.05
1 0.8359375 0.41328125 0.2203125 0.196875
1 0.30859375 0.153125 0.0625 0.053125
1 0.70390625 0.14140625 0.0984375 0.065625
1 0.25078125 0.2703125 0.046875 0.0640625
1 0.59609375 0.13515625 0.090625 0.0671875
1 0.04765625 0.28359375 0.0421875 0.0671875
1 0.11640625 0.09609375 0.03125 0.0265625
1 0.0203125 0.27109375 0.040625 0.0609375
1 0.88359375 0.16875 0.13125 0.078125
0 0.43828125 0.128125 0.1984375 0.134375
0 0.14609375 0.278125 0.184375 0.1734375
0 0.0703125 0.0796875 0.071875 0.0484375
0 0.7375 0.03203125 0.08125 0.0640625