1 0.68671875 0.275 0.1171875 0.0984375
1 0.93203125 0.24453125 0.1125 0.0859375
1 0.03359375 0.54921875 0.0671875 0.1328125
1 0.45703125 0.3296875 0.134375 0.1296875
1 0.50078125 0.2296875 0.1015625 0.08125
1 0.9578125 0.14140625 0.0828125 0.0796875
1 0.484375 0.18125 0.109375 0.0671875
1 0.33046875 0.29375 0.121875 0.0984375
1 0.80859375 0.2109375 0.0953125 0.075
1 0.93828125 0.00859375 0.0359375 0.0171875
1 0.84453125 0.1609375 0.0828125 0.059375
1 0.25390625 0.2296875 0.103125 0.075
1 0.88203125 0.10390625 0.0625 0.05625
1 0.884375 0.03203125 0.0375 0.0390625
1 0.25390625 0.40703125 0.11875 0.1515625
1 0.89921875 0.07890625 0.046875 0.04375
1 0.65859375 0.18984375 0.0703125 0.05
1 0.99453125 0.1953125 0.009375 0.03125
1 0.01015625 0.19453125 0.0203125 0.0296875
2 0.2828125 0.2640625 0.046875 0.05625
2 0.04765625 0.33046875 0.053125 0.05
2 0.596875 0.1859375 0.03125 0.05
2 0.7875 0.153125 0.025 0.03125
2 0.1359375 0.33671875 0.0453125 0.0625
2 0.9546875 0.93515625 0.0890625 0.1046875
2 0.42109375 0.21484375 0.040625 0.040625
2 0.19140625 0.28046875 0.05625 0.0546875
3 0.59140625 0.6203125 0.2875 0.2640625
0 0.24921875 0.1546875 0.340625 0.1609375
0 0.69375 0.1046875 0.2796875 0.1359375