1 0.46953125 0.0796875 0.0609375 0.040625
1 0.74296875 0.078125 0.075 0.0484375
1 0.86171875 0.04609375 0.09375 0.0515625
1 0.87890625 0.2015625 0.0890625 0.0890625
1 0.16953125 0.375 0.090625 0.10625
1 0.09765625 0.33359375 0.08125 0.09375
1 0.67734375 0.30859375 0.15625 0.1140625
1 0.9125 0.3484375 0.1734375 0.115625
1 0.9796875 0.61015625 0.0390625 0.16875
1 0.66796875 0.3453125 0.16875 0.084375
1 0.3390625 0.07421875 0.0453125 0.0375
1 0.35078125 0.27578125 0.1 0.0703125
1 0.96328125 0.18046875 0.071875 0.0765625
1 0.9375 0.453125 0.1234375 0.15
1 0.41640625 0.0515625 0.046875 0.0375
1 0.48828125 0.1203125 0.0671875 0.034375
1 0.8640625 0.14921875 0.0703125 0.0609375
1 0.97578125 0.20859375 0.046875 0.0796875
1 0.2828125 0.228125 0.0703125 0.0703125
1 0.9515625 0.29140625 0.0953125 0.0953125
3 0.28828125 0.3765625 0.1828125 0.246875
0 0.68515625 0.20625 0.328125 0.228125
0 0.671875 0.5703125 0.59375 0.5296875
0 0.45390625 0.22421875 0.2703125 0.19375
0 0.14921875 0.25703125 0.1765625 0.1671875
0 0.03671875 0.278125 0.0734375 0.1515625
0 0.34140625 0.16171875 0.2015625 0.13125
0 0.16640625 0.1484375 0.1625 0.1
0 0.23671875 0.09453125 0.125 0.0671875
0 0.38515625 0.33515625 0.09375 0.1