1 0.28359375 0.28359375 0.0875 0.1109375
1 0.67734375 0.63515625 0.2390625 0.275
1 0.440625 0.31328125 0.1171875 0.1265625
1 0.86953125 0.6390625 0.259375 0.29375
1 0.57265625 0.1515625 0.0828125 0.0640625
1 0.29296875 0.13125 0.0625 0.05625
1 0.18984375 0.2234375 0.0671875 0.1015625
1 0.1578125 0.175 0.0484375 0.071875
1 0.06796875 0.09609375 0.0453125 0.0484375
1 0.18046875 0.1390625 0.05 0.05625
1 0.01015625 0.034375 0.01875 0.028125
1 0.60390625 0.1203125 0.0421875 0.034375
2 0.075 0.34453125 0.0296875 0.0859375
0 0.1765625 0.0484375 0.071875 0.075
0 0.27109375 0.06953125 0.1109375 0.1015625