1 0.11953125 0.49375 0.134375 0.1140625
1 0.37265625 0.29921875 0.08125 0.071875
1 0.5296875 0.203125 0.053125 0.0546875
1 0.1078125 0.2640625 0.075 0.06875
1 0.24453125 0.2015625 0.059375 0.0515625
1 0.46171875 0.203125 0.059375 0.05
1 0.66484375 0.26796875 0.0734375 0.1140625
1 0.3453125 0.15703125 0.046875 0.040625
1 0.97109375 0.15390625 0.05625 0.040625
1 0.59609375 0.1609375 0.0390625 0.040625
1 0.96171875 0.46796875 0.071875 0.071875
1 0.5578125 0.15390625 0.04375 0.040625
1 0.00859375 0.40859375 0.0171875 0.084375
0 0.67265625 0.13359375 0.1015625 0.1109375