1 0.61640625 0.3890625 0.1125 0.09375
1 0.40390625 0.50546875 0.121875 0.115625
1 0.46171875 0.38125 0.096875 0.0890625
1 0.62734375 0.1953125 0.0578125 0.0390625
1 0.10625 0.28046875 0.0359375 0.04375
1 0.36796875 0.15859375 0.034375 0.025
1 0.75546875 0.4796875 0.1375 0.115625
1 0.45390625 0.16953125 0.034375 0.03125
1 0.059375 0.24140625 0.028125 0.046875
1 0.17265625 0.2140625 0.0296875 0.03125
1 0.23125 0.18515625 0.0296875 0.025
1 0.15078125 0.18046875 0.025 0.0203125
1 0.21015625 0.2765625 0.05 0.046875
1 0.55 0.18671875 0.05 0.0375
1 0.02578125 0.2140625 0.0125 0.0171875
1 0.24765625 0.31171875 0.0578125 0.0578125
2 0.1984375 0.7640625 0.0390625 0.084375
2 0.33203125 0.18515625 0.0125 0.021875
2 0.22421875 0.90078125 0.1015625 0.1953125
0 0.89921875 0.4234375 0.2 0.2421875
0 0.05703125 0.1609375 0.040625 0.0328125