1 0.94140625 0.5296875 0.115625 0.215625
1 0.521875 0.63671875 0.121875 0.2671875
1 0.4859375 0.36640625 0.0828125 0.159375
1 0.48984375 0.9109375 0.1828125 0.175
1 0.084375 0.23203125 0.096875 0.1015625
1 0.96015625 0.2796875 0.078125 0.134375
1 0.60078125 0.31796875 0.0859375 0.1390625
1 0.38515625 0.11015625 0.040625 0.0765625
1 0.55859375 0.1390625 0.05 0.078125
1 0.77734375 0.059375 0.0703125 0.059375
1 0.32421875 0.121875 0.040625 0.075
1 0.96953125 0.04296875 0.059375 0.05625
1 0.51484375 0.04296875 0.0375 0.059375
1 0.58046875 0.03046875 0.034375 0.046875
1 0.46015625 0.08046875 0.059375 0.0828125
1 0.6140625 0.09375 0.046875 0.071875
1 0.3546875 0.0453125 0.0390625 0.0546875
1 0.5296875 0.01640625 0.028125 0.0328125
1 0.734375 0.01328125 0.034375 0.0265625
1 0.45546875 0.01875 0.034375 0.0375
1 0.40234375 0.0359375 0.040625 0.05
1 0.3171875 0.040625 0.0375 0.0453125
1 0.02109375 0.16328125 0.0421875 0.0765625
1 0.68125 0.00859375 0.0234375 0.0171875
1 0.56796875 0.0109375 0.0265625 0.021875
1 0.00703125 0.17109375 0.0140625 0.0640625
3 0.79609375 0.34453125 0.2625 0.4375
0 0.21640625 0.1359375 0.1515625 0.2203125
0 0.07890625 0.5484375 0.1578125 0.515625