1 0.47109375 0.68046875 0.221875 0.2390625
1 0.97421875 0.60625 0.05 0.171875
1 0.54921875 0.43203125 0.1671875 0.15
1 0.853125 0.0453125 0.09375 0.0546875
1 0.309375 0.28046875 0.096875 0.0859375
1 0.26953125 0.3390625 0.1078125 0.09375
1 0.58828125 0.1734375 0.096875 0.071875
1 0.86640625 0.19921875 0.128125 0.090625
1 0.8375 0.415625 0.221875 0.1953125
1 0.6984375 0.26171875 0.121875 0.1015625
1 0.65703125 0.08359375 0.084375 0.0515625
1 0.45390625 0.309375 0.128125 0.115625
1 0.60703125 0.36171875 0.14375 0.128125
1 0.97421875 0.20859375 0.05 0.1015625
1 0.71875 0.184375 0.1125 0.0796875
1 0.86875 0.16171875 0.128125 0.065625
1 0.05078125 0.28359375 0.0390625 0.0671875
1 0.625 0.296875 0.140625 0.109375
1 0.31015625 0.153125 0.0625 0.053125
1 0.01796875 0.17578125 0.034375 0.0453125
1 0.021875 0.2703125 0.04375 0.0640625
1 0.28046875 0.44453125 0.128125 0.134375
1 0.01328125 0.38046875 0.0265625 0.0984375
1 0.57890625 0.0953125 0.075 0.046875
1 0.59765625 0.13828125 0.0921875 0.06875
1 0.70546875 0.14453125 0.0984375 0.0703125
2 0.21796875 0.89375 0.125 0.1578125
0 0.43984375 0.12890625 0.2 0.13125
0 0.146875 0.2765625 0.184375 0.1765625
0 0.153125 0.0734375 0.090625 0.0609375
0 0.740625 0.034375 0.0796875 0.065625