1 0.95 0.92578125 0.0984375 0.1453125
1 0.68046875 0.90625 0.309375 0.184375
1 0.01640625 0.93125 0.0328125 0.134375
1 0.0328125 0.378125 0.065625 0.1109375
1 0.23203125 0.8859375 0.29375 0.2234375
1 0.9734375 0.3203125 0.0515625 0.075
1 0.6890625 0.21015625 0.10625 0.071875
1 0.49453125 0.31640625 0.1140625 0.09375
1 0.58203125 0.18828125 0.084375 0.05625
1 0.92265625 0.09453125 0.046875 0.040625
1 0.43046875 0.25625 0.096875 0.071875
1 0.47109375 0.23359375 0.09375 0.0671875
1 0.98359375 0.16328125 0.03125 0.0515625
1 0.575 0.28984375 0.109375 0.0953125
1 0.58671875 0.246875 0.103125 0.06875
1 0.96953125 0.27890625 0.059375 0.0609375
2 0.44296875 0.14296875 0.03125 0.040625
2 0.2140625 0.2859375 0.04375 0.046875
2 0.19765625 0.16171875 0.015625 0.04375
2 0.22734375 0.1953125 0.025 0.04375
2 0.33203125 0.16953125 0.01875 0.0390625
3 0.58984375 0.66484375 0.2875 0.2625
3 0.73828125 0.275 0.1609375 0.128125
0 0.85546875 0.0390625 0.0734375 0.078125
0 0.83828125 0.25078125 0.1390625 0.1578125
0 0.09453125 0.17578125 0.1609375 0.178125