1 0.80078125 0.31875 0.125 0.0953125
1 0.121875 0.91171875 0.24375 0.171875
1 0.58046875 0.90703125 0.30625 0.18125
1 0.81640625 0.15625 0.08125 0.05
1 0.97578125 0.13046875 0.046875 0.046875
1 0.03203125 0.3546875 0.0640625 0.115625
1 0.11484375 0.2640625 0.075 0.084375
1 0.19453125 0.2265625 0.0625 0.0765625
1 0.353125 0.13359375 0.046875 0.0484375
1 0.903125 0.1453125 0.06875 0.0578125
1 0.1234375 0.16328125 0.053125 0.0515625
1 0.01953125 0.2890625 0.0390625 0.059375
2 0.41328125 0.18984375 0.028125 0.0359375
2 0.58515625 0.1203125 0.028125 0.034375
2 0.26796875 0.27109375 0.040625 0.05
2 0.6015625 0.22890625 0.0390625 0.04375
2 0.05 0.5453125 0.059375 0.0984375
2 0.31328125 0.175 0.0296875 0.0390625
2 0.2734375 0.196875 0.015625 0.0390625
2 0.34453125 0.190625 0.021875 0.040625
2 0.20234375 0.525 0.0609375 0.084375
2 0.23125 0.3796875 0.025 0.059375
2 0.5375 0.2140625 0.059375 0.05
2 0.521875 0.215625 0.028125 0.04375
2 0.01328125 0.50546875 0.0265625 0.0671875
3 0.58671875 0.65703125 0.2875 0.259375
0 0.29375 0.0609375 0.06875 0.1109375