1 0.76875 0.2609375 0.1125 0.09375
1 0.14140625 0.48515625 0.1703125 0.159375
1 0.59765625 0.21171875 0.0953125 0.084375
1 0.13828125 0.25859375 0.1109375 0.0765625
1 0.92734375 0.1953125 0.0890625 0.06875
1 0.53828125 0.30859375 0.128125 0.1203125
1 0.91015625 0.06171875 0.03125 0.04375
1 0.39375 0.203125 0.1125 0.071875
1 0.9296875 0.1484375 0.078125 0.05625
1 0.35703125 0.36796875 0.1140625 0.1390625
1 0.42734375 0.26171875 0.109375 0.0875
1 0.9375 0.01171875 0.0375 0.0234375
1 0.8328125 0.11640625 0.06875 0.0546875
1 0.8625 0.09609375 0.059375 0.0359375
1 0.98984375 0.24140625 0.01875 0.046875
2 0.85234375 0.14296875 0.025 0.0375
2 0.25390625 0.28671875 0.0421875 0.0546875
2 0.31171875 0.23984375 0.0390625 0.0390625
2 0.99296875 0.10078125 0.0125 0.04375
2 0.00703125 0.38359375 0.0140625 0.0515625
3 0.59453125 0.62421875 0.29375 0.2640625
0 0.61171875 0.11875 0.29375 0.140625
0 0.16796875 0.1671875 0.3359375 0.15625