1 0.53671875 0.51640625 0.11875 0.19375
1 0.58125 0.8734375 0.2375 0.25
1 0.97734375 0.4203125 0.04375 0.059375
1 0.3484375 0.5484375 0.0890625 0.1484375
1 0.40390625 0.41484375 0.059375 0.1046875
1 0.025 0.3296875 0.05 0.059375
1 0.07890625 0.3265625 0.075 0.0640625
1 0.3984375 0.16484375 0.0265625 0.0375
1 0.43125 0.3296875 0.046875 0.08125
1 0.4078125 0.26796875 0.040625 0.071875
1 0.36171875 0.315625 0.04375 0.09375
1 0.97265625 0.1703125 0.053125 0.0484375
1 0.91171875 0.72890625 0.175 0.165625
1 0.465625 0.27109375 0.0375 0.0609375
1 0.42890625 0.20859375 0.0328125 0.04375
1 0.66796875 0.28203125 0.075 0.1171875
1 0.21640625 0.1390625 0.0328125 0.025
1 0.1890625 0.334375 0.046875 0.0609375
1 0.00703125 0.38984375 0.0140625 0.0453125
0 0.10703125 0.475 0.2140625 0.38125
0 0.29140625 0.2984375 0.1078125 0.221875
0 0.25703125 0.23203125 0.11875 0.1609375
0 0.18046875 0.23359375 0.125 0.1375
0 0.4953125 0.09453125 0.075 0.0671875
0 0.35625 0.18515625 0.0625 0.115625