1 0.93203125 0.91328125 0.134375 0.1703125
1 0.19765625 0.91328125 0.29375 0.1703125
1 0.64296875 0.90546875 0.30625 0.1859375
1 0.9734375 0.3203125 0.0515625 0.075
1 0.27578125 0.25703125 0.0875 0.075
1 0.6890625 0.209375 0.10625 0.0703125
1 0.58203125 0.18671875 0.084375 0.059375
1 0.52578125 0.33671875 0.125 0.09375
1 0.42421875 0.2546875 0.0984375 0.071875
1 0.471875 0.23203125 0.08125 0.06875
1 0.96953125 0.27890625 0.059375 0.0609375
1 0.36875 0.209375 0.0546875 0.0640625
1 0.9828125 0.153125 0.0328125 0.06875
1 0.57421875 0.28984375 0.1125 0.0953125
1 0.92265625 0.11796875 0.05 0.046875
1 0.31171875 0.16953125 0.0375 0.0390625
1 0.8703125 0.06171875 0.0328125 0.0359375
1 0.58046875 0.24453125 0.1046875 0.0671875
2 0.21484375 0.2859375 0.04375 0.046875
2 0.19609375 0.19296875 0.025 0.040625
2 0.23984375 0.18125 0.025 0.040625
3 0.5890625 0.66484375 0.284375 0.2625
3 0.73828125 0.2765625 0.159375 0.128125
0 0.06953125 0.2109375 0.1390625 0.209375
0 0.83828125 0.25078125 0.1375 0.1578125
0 0.815625 0.0265625 0.071875 0.053125