1 0.6765625 0.31484375 0.15625 0.11875
1 0.91171875 0.36484375 0.175 0.1484375
1 0.878125 0.2046875 0.090625 0.0875
1 0.96484375 0.61015625 0.06875 0.171875
1 0.09765625 0.3390625 0.08125 0.09375
1 0.47265625 0.09375 0.065625 0.05
1 0.16875 0.38125 0.090625 0.1078125
1 0.95078125 0.2953125 0.096875 0.0953125
1 0.8609375 0.04921875 0.090625 0.0546875
1 0.96328125 0.18125 0.071875 0.075
1 0.28203125 0.23203125 0.0703125 0.071875
1 0.975 0.209375 0.0484375 0.08125
1 0.48515625 0.1265625 0.0671875 0.0359375
1 0.86328125 0.14921875 0.071875 0.065625
2 0.85234375 0.096875 0.040625 0.04375
2 0.91796875 0.08203125 0.034375 0.0390625
2 0.7390625 0.0703125 0.0265625 0.034375
3 0.28671875 0.38125 0.18125 0.2453125
0 0.68515625 0.209375 0.328125 0.2265625
0 0.45390625 0.228125 0.2703125 0.1890625
0 0.67109375 0.5734375 0.59375 0.528125
0 0.14765625 0.2640625 0.178125 0.16875
0 0.03515625 0.28125 0.0703125 0.15
0 0.33828125 0.16796875 0.196875 0.1359375
0 0.23515625 0.0984375 0.125 0.0640625
0 0.165625 0.1546875 0.1625 0.0984375
0 0.3890625 0.340625 0.1015625 0.1046875