1 0.67734375 0.3140625 0.15625 0.1203125
1 0.8640625 0.0484375 0.0890625 0.0515625
1 0.87890625 0.2046875 0.090625 0.0875
1 0.0984375 0.33125 0.08125 0.09375
1 0.16953125 0.37578125 0.090625 0.1078125
1 0.98046875 0.61171875 0.0375 0.16875
1 0.52890625 0.09921875 0.075 0.05
1 0.91328125 0.36328125 0.171875 0.140625
1 0.9515625 0.29609375 0.0953125 0.09375
1 0.31796875 0.27421875 0.09375 0.078125
1 0.97578125 0.21171875 0.046875 0.0796875
1 0.33671875 0.05078125 0.01875 0.025
1 0.89453125 0.43203125 0.2015625 0.165625
1 0.9640625 0.18359375 0.0703125 0.078125
1 0.74296875 0.07578125 0.0828125 0.05625
1 0.490625 0.303125 0.125 0.071875
1 0.828125 0.10859375 0.090625 0.0546875
3 0.28828125 0.378125 0.18125 0.2453125
0 0.68671875 0.20859375 0.328125 0.228125
0 0.671875 0.575 0.59375 0.525
0 0.45390625 0.221875 0.2703125 0.1859375
0 0.1515625 0.25859375 0.1828125 0.165625
0 0.03671875 0.27734375 0.0734375 0.1515625
0 0.16640625 0.146875 0.1625 0.0953125
0 0.34296875 0.1609375 0.203125 0.134375
0 0.23671875 0.09453125 0.121875 0.0640625