1 0.97578125 0.6015625 0.046875 0.1671875
1 0.55234375 0.43125 0.165625 0.1484375
1 0.63046875 0.084375 0.078125 0.0578125
1 0.89140625 0.3703125 0.1921875 0.140625
1 0.42265625 0.2640625 0.096875 0.090625
1 0.91796875 0.1109375 0.115625 0.059375
1 0.50703125 0.1359375 0.078125 0.065625
1 0.56015625 0.165625 0.05 0.06875
1 0.41328125 0.15546875 0.075 0.0640625
1 0.05390625 0.28125 0.0375 0.0671875
1 0.37265625 0.13046875 0.0625 0.0546875
1 0.85078125 0.04375 0.071875 0.05
1 0.40234375 0.36640625 0.10625 0.1453125
1 0.265625 0.19921875 0.1125 0.06875
1 0.89296875 0.0609375 0.09375 0.0703125
1 0.99375 0.0953125 0.0109375 0.05
2 0.09375 0.61015625 0.05 0.090625
0 0.228125 0.35859375 0.290625 0.328125
0 0.78671875 0.24453125 0.425 0.25625
0 0.2625 0.1234375 0.134375 0.10625
0 0.92421875 0.2546875 0.15 0.24375
0 0.12109375 0.25546875 0.125 0.140625