1 0.43828125 0.325 0.0765625 0.084375
1 0.73515625 0.8046875 0.209375 0.2359375
1 0.6453125 0.565625 0.134375 0.1390625
1 0.3734375 0.375 0.0828125 0.090625
1 0.29453125 0.31015625 0.071875 0.0796875
1 0.2125 0.26484375 0.06875 0.0625
1 0.49765625 0.14375 0.0296875 0.0453125
1 0.09609375 0.19296875 0.065625 0.0484375
1 0.28046875 0.21875 0.075 0.0484375
1 0.5890625 0.09375 0.021875 0.03125
1 0.37265625 0.13203125 0.03125 0.0609375
1 0.49453125 0.0359375 0.028125 0.0234375
1 0.20390625 0.23203125 0.0765625 0.05
1 0.61953125 0.19921875 0.03125 0.0609375
1 0.70546875 0.12109375 0.071875 0.0546875
1 0.80078125 0.27890625 0.0609375 0.071875
1 0.5265625 0.028125 0.0125 0.01875
1 0.459375 0.140625 0.0296875 0.0453125
1 0.0859375 0.2390625 0.08125 0.05625
1 0.30078125 0.25703125 0.06875 0.059375
2 0.92265625 0.1546875 0.025 0.0390625
2 0.22109375 0.3859375 0.0484375 0.065625
2 0.16796875 0.20859375 0.025 0.03125
2 0.16640625 0.48046875 0.05625 0.0875
2 0.60390625 0.38046875 0.028125 0.0546875
2 0.625 0.1515625 0.025 0.0328125
2 0.02890625 0.3390625 0.0375 0.0625
2 0.84609375 0.16015625 0.0390625 0.0390625
2 0.8 0.08515625 0.0125 0.0296875
2 0.034375 0.26171875 0.0234375 0.046875
2 0.24453125 0.16015625 0.0125 0.03125
2 0.271875 0.56796875 0.0625 0.0875
2 0.0875 0.27421875 0.01875 0.0453125
1 0.82734375 0.36875 0.1125 0.1453125
0 0.703125 0.2453125 0.14375 0.184375
0 0.94296875 0.45 0.1125 0.259375
2 0.01171875 0.26640625 0.0234375 0.0390625
1 0.03828125 0.21875 0.0765625 0.0359375
1 0.34375 0.1015625 0.0234375 0.0359375
1 0.40078125 0.06953125 0.0265625 0.028125
1 0.80625 0.0640625 0.0203125 0.0328125