1 0.12421875 0.73828125 0.1375 0.2390625
1 0.58359375 0.6484375 0.134375 0.196875
1 0.61171875 0.48359375 0.10625 0.11875
1 0.33203125 0.34609375 0.053125 0.0890625
1 0.88046875 0.51171875 0.13125 0.1140625
1 0.22421875 0.36953125 0.05 0.0875
1 0.4703125 0.8390625 0.153125 0.31875
1 0.46640625 0.44375 0.0765625 0.1171875
1 0.871875 0.43515625 0.1046875 0.08125
1 0.16484375 0.396875 0.059375 0.0984375
1 0.15234375 0.28984375 0.0484375 0.06875
1 0.703125 0.3734375 0.0859375 0.0984375
1 0.53515625 0.28359375 0.0453125 0.0515625
1 0.43984375 0.3609375 0.0625 0.08125
1 0.62265625 0.30703125 0.059375 0.0671875
1 0.17890625 0.48515625 0.0765625 0.159375
1 0.578125 0.27109375 0.0421875 0.04375
1 0.24140625 0.26015625 0.015625 0.05
1 0.41640625 0.29453125 0.04375 0.059375
1 0.1796875 0.25546875 0.034375 0.0484375
1 0.25859375 0.3046875 0.04375 0.0609375
1 0.853125 0.2640625 0.0484375 0.04375
2 0.0875 0.31484375 0.025 0.040625
2 0.9859375 0.43828125 0.0265625 0.0546875
2 0.04375 0.31328125 0.0171875 0.0375
0 0.78828125 0.31953125 0.16875 0.165625
0 0.53125 0.07890625 0.0484375 0.06875
0 0.6234375 0.2359375 0.053125 0.084375