1 0.70390625 0.62421875 0.19375 0.2078125
1 0.29140625 0.44296875 0.0609375 0.121875
1 0.2859375 0.3234375 0.046875 0.0796875
1 0.97265625 0.8390625 0.053125 0.175
1 0.46171875 0.57421875 0.115625 0.1703125
1 0.35625 0.3046875 0.0390625 0.0796875
1 0.55703125 0.7546875 0.21875 0.2796875
1 0.77578125 0.07421875 0.015625 0.021875
1 0.41640625 0.26953125 0.034375 0.065625
1 0.46953125 0.40859375 0.08125 0.125
1 0.6703125 0.284375 0.075 0.1140625
1 0.47890625 0.21953125 0.034375 0.0640625
1 0.46484375 0.2953125 0.046875 0.0859375
1 0.97421875 0.17109375 0.05 0.04375
1 0.43984375 0.20859375 0.03125 0.05
1 0.45703125 0.16640625 0.03125 0.0453125
1 0.353125 0.221875 0.0328125 0.0484375
1 0.97265625 0.44921875 0.04375 0.065625
1 0.38984375 0.23359375 0.0328125 0.0515625
1 0.00390625 0.6046875 0.0078125 0.06875
0 0.13046875 0.3703125 0.2140625 0.2859375
0 0.16484375 0.246875 0.134375 0.125
0 0.4140625 0.115625 0.0625 0.071875
0 0.49453125 0.09609375 0.0671875 0.0640625
0 0.3625 0.16171875 0.065625 0.1015625
0 0.2328125 0.09609375 0.040625 0.0484375