1 0.09609375 0.8765625 0.1921875 0.2234375
1 0.86796875 0.896875 0.2625 0.2015625
1 0.42890625 0.88203125 0.24375 0.228125
1 0.56640625 0.11015625 0.084375 0.065625
1 0.184375 0.17421875 0.084375 0.0671875
1 0.46640625 0.0890625 0.0703125 0.059375
1 0.34609375 0.1609375 0.09375 0.0671875
1 0.66171875 0.19921875 0.1125 0.0796875
1 0.8765625 0.2140625 0.125 0.090625
1 0.9875 0.0859375 0.0234375 0.05
1 0.6703125 0.125 0.0890625 0.0765625
1 0.740625 0.1796875 0.10625 0.078125
1 0.80703125 0.16015625 0.096875 0.071875
1 0.94921875 0.19453125 0.1 0.0890625
1 0.1625 0.11015625 0.0734375 0.04375
1 0.04921875 0.16328125 0.078125 0.05625
1 0.39140625 0.1359375 0.078125 0.065625
1 0.0375 0.13046875 0.075 0.0546875
1 0.1109375 0.06875 0.071875 0.0515625
1 0.6671875 0.2859375 0.140625 0.109375
1 0.96328125 0.03046875 0.053125 0.046875
1 0.39609375 0.071875 0.059375 0.05625
1 0.15234375 0.13984375 0.078125 0.053125
1 0.01171875 0.0828125 0.0234375 0.059375
1 0.3515625 0.053125 0.053125 0.05
1 0.99375 0.24609375 0.0109375 0.0453125
2 0.06875 0.575 0.071875 0.09375
3 0.6015625 0.59140625 0.290625 0.265625