1 0.80390625 0.90859375 0.3171875 0.1796875
1 0.03984375 0.921875 0.078125 0.1515625
1 0.79921875 0.24140625 0.1125 0.084375
1 0.26640625 0.88828125 0.29375 0.2203125
1 0.10859375 0.28203125 0.0765625 0.0875
1 0.02109375 0.3140625 0.03125 0.05625
1 0.97265625 0.31875 0.053125 0.075
1 0.60078125 0.29609375 0.1140625 0.096875
1 0.478125 0.16484375 0.0734375 0.059375
1 0.4296875 0.25390625 0.096875 0.075
1 0.9875 0.171875 0.0234375 0.0453125
1 0.47890625 0.2296875 0.0796875 0.0703125
1 0.95625 0.109375 0.04375 0.040625
1 0.21171875 0.178125 0.0484375 0.059375
1 0.96875 0.27578125 0.0609375 0.059375
1 0.6203125 0.1984375 0.0984375 0.08125
1 0.09921875 0.23125 0.071875 0.075
1 0.66875 0.27421875 0.1046875 0.0890625
1 0.1453125 0.153125 0.0515625 0.0609375
1 0.1234375 0.128125 0.05 0.0484375
1 0.0859375 0.20546875 0.0640625 0.0671875
1 0.3265625 0.2265625 0.09375 0.0796875
1 0.3796875 0.20625 0.0515625 0.0609375
1 0.6015625 0.36640625 0.1125 0.0859375
2 0.265625 0.20625 0.0296875 0.0546875
2 0.21328125 0.284375 0.04375 0.046875
3 0.5875 0.6609375 0.284375 0.2625
0 0.29609375 0.0734375 0.0859375 0.10625
0 0.26328125 0.0453125 0.071875 0.06875