1 0.359375 0.4140625 0.103125 0.0984375
1 0.74296875 0.58203125 0.125 0.184375
1 0.71484375 0.41640625 0.071875 0.1375
1 0.09140625 0.2515625 0.06875 0.0640625
1 0.22578125 0.340625 0.090625 0.0703125
1 0.2796875 0.18515625 0.0546875 0.0453125
1 0.3359375 0.140625 0.0375 0.040625
1 0.66484375 0.26328125 0.075 0.11875
1 0.22265625 0.22578125 0.0546875 0.0625
1 0.971875 0.14921875 0.0546875 0.0453125
1 0.96875 0.44453125 0.0484375 0.09375
1 0.55390625 0.23828125 0.065625 0.0796875
1 0.12109375 0.13671875 0.046875 0.0296875
1 0.1765625 0.4234375 0.11875 0.1015625
1 0.45078125 0.1984375 0.05625 0.0453125
1 0.2140625 0.121875 0.0328125 0.0265625
0 0.71796875 0.06796875 0.046875 0.090625
0 0.77734375 0.0265625 0.025 0.0390625