1 0.07421875 0.7078125 0.1484375 0.16875
1 0.38046875 0.7 0.225 0.178125
1 0.90390625 0.16796875 0.078125 0.05
1 0.09765625 0.2609375 0.0859375 0.0546875
1 0.76484375 0.6859375 0.2375 0.1796875
1 0.79921875 0.8234375 0.28125 0.2421875
1 0.26328125 0.2234375 0.071875 0.05
1 0.39140625 0.9734375 0.2484375 0.05
1 0.96953125 0.6890625 0.059375 0.121875
1 0.84453125 0.93984375 0.246875 0.1171875
1 0.0234375 0.26640625 0.046875 0.0484375
1 0.71953125 0.51328125 0.09375 0.18125
1 0.678125 0.13046875 0.059375 0.0359375
1 0.16328125 0.1859375 0.053125 0.046875
1 0.2046875 0.225 0.05625 0.05
1 0.71640625 0.39375 0.075 0.109375
1 0.528125 0.1640625 0.059375 0.046875
1 0.29296875 0.1953125 0.065625 0.046875
1 0.64921875 0.1109375 0.05 0.0328125
1 0.6703125 0.2546875 0.075 0.109375
1 0.34921875 0.2046875 0.071875 0.05
1 0.80625 0.04453125 0.0171875 0.021875
1 0.4703125 0.2109375 0.0765625 0.0640625
1 0.990625 0.38828125 0.0171875 0.046875