1 0.77734375 0.7359375 0.2265625 0.271875
1 0.2453125 0.6359375 0.2515625 0.190625
1 0.16171875 0.85546875 0.321875 0.275
1 0.24296875 0.32109375 0.0765625 0.128125
1 0.55546875 0.709375 0.228125 0.240625
1 0.44765625 0.62109375 0.2265625 0.2140625
1 0.29296875 0.8984375 0.35625 0.2
1 0.56328125 0.15546875 0.090625 0.0671875
1 0.50703125 0.94296875 0.3 0.1109375
1 0.71953125 0.1515625 0.075 0.0703125
1 0.928125 0.1453125 0.075 0.0796875
1 0.66953125 0.14609375 0.065625 0.0703125
1 0.62890625 0.13359375 0.046875 0.0484375
1 0.7984375 0.1453125 0.0671875 0.06875
1 0.83046875 0.153125 0.0703125 0.0796875
1 0.88359375 0.12421875 0.065625 0.078125
1 0.97421875 0.11171875 0.05 0.0796875
1 0.93828125 0.09609375 0.04375 0.028125
1 0.77734375 0.125 0.0515625 0.05625
1 0.91171875 0.084375 0.040625 0.034375
1 0.92109375 0.05546875 0.0421875 0.03125
1 0.9546875 0.06171875 0.0484375 0.05