1 0.66015625 0.45625 0.0671875 0.1015625
1 0.48671875 0.23671875 0.025 0.0375
1 0.71875 0.40078125 0.059375 0.0765625
1 0.47890625 0.328125 0.0375 0.0640625
1 0.46015625 0.29609375 0.0328125 0.0546875
1 0.67421875 0.2984375 0.0359375 0.0515625
1 0.22578125 0.3359375 0.05 0.0609375
1 0.59296875 0.2109375 0.01875 0.0265625
1 0.653125 0.2609375 0.028125 0.0375
1 0.640625 0.225 0.03125 0.0359375
1 0.31953125 0.265625 0.040625 0.0390625
1 0.98125 0.409375 0.0359375 0.078125
1 0.91484375 0.35 0.059375 0.0625
1 0.95390625 0.3796875 0.0625 0.0671875
1 0.665625 0.18671875 0.028125 0.0296875
2 0.14375 0.425 0.021875 0.06875
3 0.02890625 0.43984375 0.0578125 0.0984375