1 0.20859375 0.696875 0.14375 0.2203125
1 0.65546875 0.325 0.059375 0.0859375
1 0.40703125 0.503125 0.096875 0.15
1 0.33671875 0.28671875 0.05625 0.08125
1 0.46328125 0.29296875 0.0546875 0.0859375
1 0.38359375 0.35546875 0.0671875 0.1046875
1 0.48359375 0.2140625 0.04375 0.0609375
1 0.0453125 0.253125 0.040625 0.06875
1 0.95859375 0.24140625 0.08125 0.06875
1 0.41328125 0.1484375 0.03125 0.0484375
1 0.43046875 0.1890625 0.034375 0.05625
1 0.97890625 0.2953125 0.040625 0.0984375
1 0.41015625 0.271875 0.046875 0.075
1 0.88515625 0.2234375 0.05 0.071875
1 0.40234375 0.23046875 0.0390625 0.065625
2 0.01015625 0.459375 0.0203125 0.084375
2 0.92578125 0.296875 0.0203125 0.0609375
0 0.21328125 0.3640625 0.2 0.26875