1 0.3921875 0.7796875 0.30625 0.2296875
1 0.53125 0.2484375 0.109375 0.0671875
1 0.91953125 0.23203125 0.1 0.06875
1 0.48671875 0.20546875 0.0875 0.05625
1 0.1921875 0.23671875 0.096875 0.059375
1 0.075 0.23515625 0.0859375 0.05625
1 0.84453125 0.13203125 0.05625 0.0359375
1 0.02109375 0.225 0.0421875 0.059375
1 0.2921875 0.2515625 0.10625 0.08125
1 0.13125 0.203125 0.0296875 0.0390625
1 0.9125 0.12421875 0.0546875 0.021875
1 0.33984375 0.2046875 0.059375 0.0609375
1 0.2890625 0.21640625 0.08125 0.0484375
1 0.74921875 0.1765625 0.0546875 0.0390625