1 0.50546875 0.90703125 0.1171875 0.18125
1 0.9734375 0.43125 0.0515625 0.0453125
1 0.359375 0.7203125 0.0796875 0.1375
1 0.42734375 0.63515625 0.06875 0.1046875
1 0.653125 0.56953125 0.0625 0.09375
1 0.4828125 0.56328125 0.0671875 0.0859375
1 0.19453125 0.61328125 0.0875 0.1
1 0.10234375 0.61875 0.071875 0.1109375
1 0.7046875 0.38984375 0.028125 0.0359375
1 0.93984375 0.5890625 0.103125 0.096875
1 0.57734375 0.61171875 0.059375 0.125
1 0.46484375 0.48984375 0.05625 0.06875
1 0.35703125 0.54921875 0.0515625 0.075
1 0.15390625 0.559375 0.0625 0.0703125
1 0.66015625 0.47421875 0.0421875 0.075
1 0.87421875 0.4109375 0.08125 0.040625
1 0.52109375 0.39609375 0.03125 0.0328125
1 0.415625 0.49375 0.0546875 0.065625
1 0.865625 0.6046875 0.1484375 0.1171875
1 0.01875 0.50390625 0.0375 0.0515625
1 0.59765625 0.509375 0.05 0.0703125
2 0.14453125 0.72578125 0.028125 0.0859375
3 0.80078125 0.81640625 0.3515625 0.3640625
0 0.63203125 0.4 0.078125 0.103125
0 0.55703125 0.44609375 0.084375 0.134375
0 0.8546875 0.2953125 0.021875 0.03125
0 0.75859375 0.328125 0.025 0.0453125