1 0.20859375 0.91328125 0.1328125 0.1703125
1 0.55625 0.909375 0.1109375 0.178125
1 0.55078125 0.71796875 0.0875 0.1640625
1 0.0546875 0.9265625 0.109375 0.14375
1 0.95703125 0.51171875 0.084375 0.10625
1 0.41640625 0.7234375 0.0875 0.16875
1 0.39453125 0.9203125 0.125 0.15625
1 0.05703125 0.69921875 0.1140625 0.1515625
1 0.909375 0.34296875 0.0546875 0.0625
1 0.446875 0.565625 0.078125 0.15
1 0.28046875 0.74375 0.10625 0.1765625
1 0.13046875 0.77421875 0.1140625 0.178125
1 0.57890625 0.20078125 0.025 0.0359375
1 0.32578125 0.6203125 0.08125 0.1375
1 0.24765625 0.24609375 0.028125 0.040625
1 0.2609375 0.53984375 0.071875 0.1140625
1 0.54140625 0.16484375 0.01875 0.025
1 0.19375 0.63125 0.096875 0.175
1 0.55546875 0.14375 0.015625 0.025
1 0.3546875 0.53671875 0.0703125 0.1109375
1 0.396875 0.41875 0.05 0.08125
1 0.2984375 0.46171875 0.059375 0.090625
1 0.52890625 0.08671875 0.009375 0.0109375
1 0.36796875 0.47109375 0.0609375 0.0875
1 0.31875 0.41484375 0.05 0.075
0 0.14140625 0.4953125 0.2203125 0.309375
0 0.29140625 0.3015625 0.0796875 0.134375
0 0.24140625 0.36484375 0.1015625 0.1703125
0 0.42265625 0.2765625 0.05625 0.125
0 0.346875 0.2515625 0.0828125 0.1203125
0 0.3859375 0.1875 0.0484375 0.0671875
0 0.41171875 0.140625 0.0328125 0.053125
1 0.221875 0.2140625 0.0296875 0.0390625
1 0.26328125 0.18515625 0.025 0.034375