1 0.190625 0.85625 0.25625 0.228125
1 0.96015625 0.29375 0.078125 0.071875
1 0.43046875 0.9359375 0.2546875 0.125
1 0.88984375 0.86484375 0.21875 0.2
1 0.828125 0.96171875 0.303125 0.071875
1 0.38515625 0.13046875 0.053125 0.046875
1 0.94296875 0.46484375 0.1125 0.1515625
2 0.31640625 0.23671875 0.0265625 0.0453125
2 0.46875 0.24609375 0.03125 0.040625
2 0.0578125 0.1953125 0.025 0.0359375
2 0.42265625 0.15 0.028125 0.0328125
2 0.60234375 0.2765625 0.028125 0.04375
3 0.59140625 0.6765625 0.2875 0.2609375