1 0.7375 0.33828125 0.0671875 0.1015625
1 0.73203125 0.53828125 0.10625 0.184375
1 0.89921875 0.68203125 0.2 0.209375
1 0.14765625 0.25703125 0.071875 0.0625
1 0.10859375 0.39609375 0.121875 0.08125
1 0.79140625 0.23828125 0.05 0.084375
1 0.96640625 0.4234375 0.046875 0.05625
1 0.7734375 0.0890625 0.04375 0.0296875
1 0.1 0.46484375 0.1171875 0.1046875
1 0.29140625 0.17578125 0.05 0.0484375
1 0.97109375 0.1359375 0.05625 0.04375
1 0.50859375 0.18671875 0.0546875 0.0515625
1 0.3390625 0.16953125 0.046875 0.046875
1 0.96953125 0.37890625 0.040625 0.046875
1 0.38046875 0.23515625 0.075 0.0671875
2 0.559375 0.4359375 0.0234375 0.0609375
0 0.13515625 0.67109375 0.2703125 0.50625
0 0.6203125 0.14375 0.096875 0.128125
0 0.16328125 0.19296875 0.20625 0.1484375
0 0.22265625 0.075 0.0421875 0.0546875