1 0.23359375 0.86953125 0.18125 0.2578125
1 0.4109375 0.575 0.1265625 0.2609375
1 0.21328125 0.2765625 0.096875 0.0859375
1 0.0484375 0.209375 0.040625 0.0671875
1 0.96015625 0.19609375 0.078125 0.0671875
1 0.47109375 0.21015625 0.0484375 0.071875
1 0.49140625 0.1640625 0.040625 0.0609375
1 0.98046875 0.24921875 0.0375 0.09375
1 0.1375 0.21171875 0.05625 0.0640625
1 0.41484375 0.13984375 0.03125 0.0453125
2 0.09765625 0.3046875 0.0296875 0.0609375
0 0.91484375 0.5296875 0.16875 0.5296875
0 0.34453125 0.240625 0.1265625 0.21875
0 0.43203125 0.3015625 0.096875 0.2046875