1 0.67578125 0.31484375 0.15625 0.11875
1 0.91171875 0.365625 0.175 0.146875
1 0.87734375 0.2046875 0.0890625 0.0875
1 0.95078125 0.2953125 0.096875 0.0953125
1 0.16875 0.38046875 0.090625 0.10625
1 0.09765625 0.3390625 0.08125 0.09375
1 0.28125 0.23203125 0.071875 0.071875
1 0.86328125 0.05 0.084375 0.0484375
1 0.96328125 0.18046875 0.071875 0.06875
1 0.41953125 0.0890625 0.0625 0.0375
1 0.72890625 0.09140625 0.0796875 0.0359375
1 0.975 0.2109375 0.0484375 0.08125
1 0.86328125 0.15 0.06875 0.0640625
1 0.97890625 0.6109375 0.040625 0.1703125
2 0.88515625 0.08125 0.034375 0.0484375
2 0.6578125 0.06171875 0.0359375 0.0546875
3 0.28671875 0.38125 0.18125 0.2453125
0 0.684375 0.209375 0.328125 0.2265625
0 0.67109375 0.5734375 0.59375 0.528125
0 0.45234375 0.228125 0.2703125 0.19375
0 0.14765625 0.2640625 0.178125 0.16875
0 0.03515625 0.2796875 0.0703125 0.153125
0 0.33828125 0.16640625 0.1984375 0.134375
0 0.234375 0.0984375 0.125 0.0640625
0 0.3875 0.340625 0.0984375 0.1046875
0 0.7453125 0.0359375 0.08125 0.065625
0 0.16640625 0.15390625 0.1625 0.1