1 0.33359375 0.36328125 0.15 0.134375
1 0.871875 0.54921875 0.1796875 0.2140625
1 0.63828125 0.4734375 0.1734375 0.1765625
1 0.6765625 0.315625 0.0859375 0.1140625
1 0.0859375 0.73125 0.171875 0.2515625
1 0.60859375 0.21875 0.1046875 0.1109375
1 0.93359375 0.33984375 0.121875 0.13125
1 0.90625 0.27109375 0.1046875 0.1015625
1 0.8484375 0.184375 0.06875 0.0984375
1 0.82578125 0.23671875 0.05625 0.10625
2 0.18203125 0.29921875 0.04375 0.071875
2 0.096875 0.30390625 0.0390625 0.0625
0 0.48046875 0.20546875 0.31875 0.21875
3 0.92578125 0.0703125 0.109375 0.140625
0 0.7390625 0.09609375 0.1953125 0.159375
2 0.13828125 0.2875 0.040625 0.0609375
1 0.86328125 0.0984375 0.0203125 0.05625