1 0.87265625 0.21796875 0.071875 0.084375
1 0.0359375 0.5203125 0.071875 0.1703125
1 0.6796875 0.0640625 0.028125 0.0390625
1 0.66015625 0.02578125 0.021875 0.0296875
1 0.07578125 0.45078125 0.0890625 0.1390625
1 0.12421875 0.38828125 0.09375 0.1203125
1 0.73671875 0.03671875 0.025 0.040625
1 0.77265625 0.13203125 0.046875 0.0609375
1 0.7796875 0.109375 0.040625 0.05625
1 0.21640625 0.28984375 0.071875 0.0984375
1 0.17421875 0.33515625 0.084375 0.1109375
1 0.23828125 0.25703125 0.0515625 0.0859375
2 0.71328125 0.765625 0.071875 0.25
0 0.43359375 0.53125 0.2234375 0.68125