1 0.08046875 0.82890625 0.1609375 0.2953125
1 0.6625 0.540625 0.09375 0.140625
1 0.04453125 0.38203125 0.08125 0.1140625
1 0.93671875 0.90625 0.125 0.184375
1 0.08984375 0.525 0.128125 0.1953125
1 0.80234375 0.55625 0.1203125 0.16875
1 0.6265625 0.36796875 0.059375 0.090625
1 0.52265625 0.3390625 0.0703125 0.09375
1 0.153125 0.23984375 0.05625 0.06875
1 0.76328125 0.30390625 0.0515625 0.0703125
1 0.72734375 0.3640625 0.0671875 0.1015625
1 0.41015625 0.3 0.0546875 0.08125
1 0.2671875 0.3703125 0.065625 0.1046875
1 0.62421875 0.2046875 0.034375 0.046875
1 0.72265625 0.23671875 0.0390625 0.059375
1 0.24609375 0.325 0.065625 0.0859375
1 0.6859375 0.26484375 0.040625 0.0625
1 0.43984375 0.23828125 0.04375 0.0609375
1 0.13359375 0.39375 0.0890625 0.1359375
1 0.9046875 0.49921875 0.09375 0.165625
1 0.68203125 0.19375 0.0359375 0.05
1 0.22265625 0.203125 0.0421875 0.05
1 0.37578125 0.25390625 0.046875 0.075
0 0.3109375 0.5484375 0.21875 0.4484375
0 0.29453125 0.21953125 0.109375 0.146875