1 0.2203125 0.60625 0.1265625 0.15
1 0.9625 0.29140625 0.0734375 0.06875
1 0.32734375 0.31875 0.0703125 0.059375
1 0.70390625 0.934375 0.2296875 0.128125
1 0.4515625 0.18046875 0.0328125 0.03125
1 0.36640625 0.16953125 0.034375 0.025
1 0.09921875 0.20703125 0.0265625 0.0265625
1 0.0265625 0.3140625 0.03125 0.05
1 0.025 0.38515625 0.05 0.0890625
1 0.2265625 0.18515625 0.0125 0.021875
1 0.08671875 0.23515625 0.025 0.0296875
1 0.28125 0.17109375 0.0296875 0.028125
2 0.18046875 0.18125 0.0140625 0.025
2 0.35390625 0.19609375 0.0203125 0.021875
2 0.1609375 0.88359375 0.05625 0.121875
0 0.2875 0.4859375 0.2546875 0.275
0 0.80625 0.76953125 0.384375 0.4578125
0 0.83828125 0.49921875 0.321875 0.309375