1 0.684375 0.90546875 0.309375 0.1859375
1 0.95546875 0.928125 0.0875 0.140625
1 0.26796875 0.884375 0.2953125 0.228125
1 0.58203125 0.184375 0.084375 0.05625
1 0.43125 0.253125 0.0984375 0.071875
1 0.47890625 0.23046875 0.08125 0.06875
1 0.040625 0.9203125 0.08125 0.15625
1 0.68984375 0.20625 0.10625 0.071875
1 0.8671875 0.08984375 0.03125 0.04375
1 0.575 0.28828125 0.1125 0.090625
1 0.971875 0.0890625 0.0484375 0.040625
1 0.96953125 0.27421875 0.059375 0.0640625
1 0.58828125 0.24375 0.103125 0.06875
1 0.328125 0.2265625 0.096875 0.0796875
1 0.11015625 0.2296875 0.0578125 0.075
1 0.1375 0.2515625 0.075 0.1078125
1 0.18203125 0.18125 0.0375 0.0671875
1 0.95 0.134375 0.0609375 0.046875
1 0.02265625 0.29921875 0.0453125 0.1140625
1 0.37890625 0.20625 0.0546875 0.0578125
1 0.19765625 0.15 0.046875 0.0515625
1 0.97421875 0.31875 0.05 0.075
2 0.26640625 0.20390625 0.028125 0.05625
2 0.21484375 0.28359375 0.04375 0.0484375
2 0.46484375 0.13515625 0.03125 0.034375
2 0.3046875 0.1765625 0.03125 0.04375
3 0.5875 0.66015625 0.28125 0.2609375
3 0.7390625 0.271875 0.1625 0.1296875
0 0.171875 0.11328125 0.1234375 0.134375
0 0.06796875 0.18671875 0.1359375 0.159375
0 0.83515625 0.246875 0.1375 0.1546875
0 0.28984375 0.03359375 0.065625 0.0671875