1 0.02265625 0.72578125 0.0453125 0.11875
1 0.30703125 0.83984375 0.246875 0.2359375
1 0.67421875 0.79609375 0.2515625 0.2375
1 0.76484375 0.69296875 0.2375 0.2
1 0.31015625 0.68046875 0.21875 0.16875
1 0.09765625 0.25703125 0.0859375 0.0515625
1 0.90390625 0.16640625 0.078125 0.0484375
1 0.21953125 0.28125 0.0859375 0.078125
1 0.96953125 0.671875 0.059375 0.1515625
1 0.6484375 0.171875 0.075 0.0484375
1 0.74921875 0.1296875 0.065625 0.040625
1 0.87890625 0.13203125 0.065625 0.0359375
1 0.2046875 0.2234375 0.05625 0.05
1 0.16484375 0.18515625 0.053125 0.0453125
1 0.71953125 0.51171875 0.090625 0.1796875
1 0.71640625 0.39140625 0.0734375 0.109375
1 0.2640625 0.22109375 0.075 0.05
1 0.528125 0.1609375 0.059375 0.0453125
1 0.34921875 0.203125 0.075 0.0546875
1 0.80234375 0.23125 0.0515625 0.0703125
1 0.29453125 0.19453125 0.065625 0.0453125
0 0.32421875 0.09609375 0.096875 0.0671875
0 0.73828125 0.06171875 0.040625 0.0609375
0 0.05859375 0.1140625 0.065625 0.05
0 0.23046875 0.05859375 0.040625 0.03125