1 0.9109375 0.3640625 0.1765625 0.146875
1 0.5046875 0.07890625 0.0625 0.046875
1 0.965625 0.103125 0.0671875 0.06875
1 0.86015625 0.046875 0.090625 0.0546875
1 0.96328125 0.61015625 0.071875 0.171875
1 0.87734375 0.2015625 0.0875 0.0890625
1 0.1671875 0.3765625 0.090625 0.10625
1 0.67578125 0.3109375 0.1546875 0.115625
1 0.09609375 0.334375 0.08125 0.090625
1 0.95 0.29140625 0.0984375 0.090625
1 0.35078125 0.07109375 0.04375 0.0390625
1 0.66328125 0.08671875 0.0828125 0.0453125
1 0.63671875 0.33828125 0.15625 0.090625
1 0.9625 0.178125 0.0734375 0.075
1 0.29296875 0.26640625 0.090625 0.075
1 0.41328125 0.0515625 0.046875 0.0375
1 0.97421875 0.209375 0.05 0.08125
1 0.28046875 0.22109375 0.0703125 0.0609375
1 0.8609375 0.146875 0.0703125 0.065625
1 0.4859375 0.121875 0.065625 0.0296875
3 0.2859375 0.37890625 0.18125 0.24375
0 0.68359375 0.20703125 0.328125 0.2265625
0 0.66953125 0.57109375 0.5953125 0.528125
0 0.45234375 0.225 0.271875 0.190625
0 0.14609375 0.2609375 0.178125 0.1671875
0 0.34140625 0.16328125 0.2046875 0.134375
0 0.18671875 0.1484375 0.1171875 0.096875
0 0.23359375 0.09453125 0.125 0.0640625
0 0.03515625 0.27890625 0.0703125 0.1484375
0 0.38359375 0.334375 0.09375 0.0984375
0 0.23359375 0.12578125 0.125 0.1265625