1 0.97265625 0.6 0.053125 0.1703125
1 0.54609375 0.4296875 0.1671875 0.1484375
1 0.603125 0.359375 0.1421875 0.1296875
1 0.97265625 0.203125 0.053125 0.1015625
1 0.58359375 0.16953125 0.096875 0.06875
1 0.86171875 0.19453125 0.125 0.0890625
1 0.265625 0.340625 0.109375 0.1046875
1 0.715625 0.1796875 0.1125 0.08125
1 0.4515625 0.30703125 0.128125 0.115625
1 0.971875 0.86171875 0.0546875 0.271875
1 0.83359375 0.409375 0.2203125 0.196875
1 0.60390625 0.08828125 0.08125 0.0609375
1 0.04453125 0.28359375 0.04375 0.0671875
1 0.72734375 0.14296875 0.1015625 0.0703125
1 0.30625 0.15078125 0.0625 0.0546875
1 0.090625 0.13671875 0.028125 0.0375
1 0.1046875 0.18125 0.04375 0.040625
1 0.32578125 0.28125 0.103125 0.0890625
1 0.28515625 0.22890625 0.078125 0.06875
1 0.92265625 0.16796875 0.0921875 0.0765625
1 0.59609375 0.1359375 0.09375 0.06875
1 0.85234375 0.034375 0.090625 0.065625
1 0.25234375 0.26640625 0.0515625 0.0640625
0 0.43515625 0.12578125 0.2 0.134375
0 0.14296875 0.278125 0.184375 0.1703125