1 0.23359375 0.4265625 0.1203125 0.128125
1 0.76015625 0.50546875 0.2265625 0.19375
1 0.6921875 0.3 0.14375 0.121875
1 0.60390625 0.35078125 0.14375 0.128125
1 0.87109375 0.1515625 0.121875 0.084375
1 0.80390625 0.18203125 0.125 0.0796875
1 0.85234375 0.034375 0.090625 0.05
1 0.65234375 0.134375 0.034375 0.065625
1 0.9421875 0.28203125 0.1140625 0.109375
1 0.18515625 0.31640625 0.0875 0.0890625
1 0.059375 0.28203125 0.0703125 0.071875
1 0.92734375 0.3546875 0.14375 0.146875
1 0.39296875 0.1265625 0.05 0.0546875
1 0.35546875 0.146875 0.06875 0.0578125
1 0.171875 0.084375 0.0375 0.028125
1 0.3296875 0.1203125 0.0546875 0.059375
1 0.20546875 0.14140625 0.0484375 0.0453125
1 0.83046875 0.403125 0.225 0.1984375
1 0.09609375 0.171875 0.04375 0.0484375
1 0.26875 0.14296875 0.05625 0.0515625
1 0.32578125 0.053125 0.021875 0.028125
1 0.17109375 0.24453125 0.0671875 0.0640625
1 0.11953125 0.23671875 0.0609375 0.059375
1 0.7359375 0.028125 0.08125 0.05625
1 0.98984375 0.2046875 0.01875 0.0546875
2 0.23671875 0.87421875 0.1140625 0.1640625
0 0.36328125 0.33984375 0.321875 0.26875
0 0.5296875 0.12421875 0.23125 0.1453125