1 0.73828125 0.4140625 0.0921875 0.0875
1 0.58359375 0.434375 0.090625 0.109375
1 0.6734375 0.88671875 0.203125 0.221875
1 0.11015625 0.440625 0.1296875 0.1078125
1 0.35703125 0.43046875 0.071875 0.109375
1 0.55390625 0.290625 0.0546875 0.059375
1 0.96953125 0.59140625 0.059375 0.1171875
1 0.71640625 0.57109375 0.1375 0.14375
1 0.4734375 0.50390625 0.0890625 0.134375
1 0.1796875 0.39140625 0.0625 0.09375
1 0.96015625 0.50625 0.078125 0.090625
1 0.20546875 0.3046875 0.0640625 0.0609375
1 0.67109375 0.32421875 0.059375 0.0640625
1 0.33046875 0.3359375 0.05 0.0765625
1 0.46796875 0.33671875 0.059375 0.075
1 0.74609375 0.728125 0.18125 0.28125
1 0.4078125 0.640625 0.146875 0.240625
1 0.14921875 0.296875 0.0484375 0.0609375
1 0.39140625 0.3234375 0.053125 0.06875
1 0.446875 0.39296875 0.078125 0.115625
2 0.08671875 0.315625 0.025 0.0390625
2 0.04921875 0.37578125 0.0484375 0.059375
0 0.92109375 0.36328125 0.15625 0.234375
0 0.653125 0.23671875 0.075 0.1296875
0 0.53125 0.078125 0.0484375 0.0671875
0 0.32421875 0.2453125 0.071875 0.1171875