1 0.35078125 0.40390625 0.159375 0.115625
1 0.5078125 0.25703125 0.1375 0.08125
1 0.0546875 0.421875 0.109375 0.1078125
1 0.69140625 0.1203125 0.0796875 0.0546875
1 0.56171875 0.13671875 0.08125 0.059375
1 0.36328125 0.1453125 0.0921875 0.0578125
1 0.975 0.16796875 0.0484375 0.0796875
1 0.08359375 0.2734375 0.115625 0.0765625
1 0.90703125 0.15859375 0.09375 0.065625
1 0.1359375 0.20546875 0.1 0.0703125
1 0.17890625 0.175 0.0875 0.065625
1 0.0390625 0.3203125 0.078125 0.09375
1 0.01171875 0.15078125 0.0234375 0.0453125
1 0.4875 0.1265625 0.0796875 0.05
1 0.91328125 0.11953125 0.0734375 0.0390625
1 0.05546875 0.19140625 0.090625 0.0609375
1 0.84921875 0.1390625 0.090625 0.05625
1 0.9546875 0.03671875 0.05625 0.040625
1 0.0078125 0.221875 0.015625 0.0453125
1 0.94140625 0.0109375 0.0390625 0.021875
2 0.821875 0.59453125 0.0828125 0.0890625
2 0.46640625 0.540625 0.0734375 0.0859375
2 0.471875 0.084375 0.0234375 0.0390625
2 0.43203125 0.08359375 0.0375 0.040625
2 0.12578125 0.87109375 0.1046875 0.1140625
3 0.59140625 0.621875 0.290625 0.2640625
0 0.7546875 0.06484375 0.209375 0.1296875
0 0.28671875 0.07890625 0.21875 0.14375