1 0.89765625 0.525 0.128125 0.128125
1 0.6203125 0.5453125 0.1125 0.1359375
1 0.36640625 0.65859375 0.13125 0.184375
1 0.4 0.50703125 0.078125 0.121875
1 0.47109375 0.46171875 0.08125 0.10625
1 0.49453125 0.39296875 0.065625 0.08125
1 0.43828125 0.33671875 0.053125 0.0671875
1 0.68671875 0.9515625 0.1671875 0.09375
1 0.20703125 0.32890625 0.0625 0.0609375
1 0.85234375 0.28515625 0.05 0.0453125
1 0.92265625 0.9203125 0.153125 0.15625
1 0.146875 0.31796875 0.0484375 0.0609375
1 0.34921875 0.28203125 0.0328125 0.05
1 0.58671875 0.36328125 0.075 0.096875
1 0.76015625 0.253125 0.0359375 0.0359375
2 0.05 0.40078125 0.046875 0.0578125
2 0.01484375 0.5265625 0.0296875 0.071875
0 0.53046875 0.10078125 0.046875 0.06875