1 0.27890625 0.571875 0.121875 0.19375
1 0.621875 0.384375 0.14375 0.1203125
1 0.68828125 0.840625 0.315625 0.315625
1 0.26484375 0.25625 0.0625 0.05625
1 0.20859375 0.1984375 0.040625 0.040625
1 0.10859375 0.2265625 0.0375 0.046875
1 0.9734375 0.165625 0.0515625 0.0796875
1 0.15625 0.26953125 0.053125 0.065625
1 0.08515625 0.15625 0.01875 0.025
1 0.0515625 0.22578125 0.03125 0.0453125
1 0.11640625 0.30703125 0.0546875 0.09375
1 0.8953125 0.26640625 0.109375 0.078125
1 0.01875 0.18046875 0.021875 0.03125
1 0.05703125 0.18515625 0.0234375 0.034375
1 0.134375 0.18671875 0.0296875 0.034375
1 0.00546875 0.209375 0.0109375 0.0328125
0 0.62109375 0.27890625 0.35625 0.25
0 0.07109375 0.41796875 0.1421875 0.2984375