1 0.03984375 0.92109375 0.0796875 0.1515625
1 0.68359375 0.90546875 0.3078125 0.1859375
1 0.68828125 0.21328125 0.10625 0.0859375
1 0.82421875 0.2390625 0.1125 0.0671875
1 0.0796875 0.29296875 0.08125 0.1
1 0.58203125 0.184375 0.0828125 0.05625
1 0.4734375 0.23125 0.090625 0.0671875
1 0.96953125 0.2703125 0.059375 0.05625
1 0.98125 0.31875 0.0359375 0.075
1 0.9546875 0.925 0.0890625 0.146875
1 0.57421875 0.2890625 0.1140625 0.09375
1 0.1171875 0.20703125 0.05625 0.0671875
1 0.4296875 0.25390625 0.096875 0.075
1 0.3265625 0.22578125 0.09375 0.08125
1 0.58671875 0.24375 0.1046875 0.06875
1 0.28671875 0.1046875 0.0328125 0.046875
1 0.575 0.35703125 0.109375 0.0859375
1 0.8375 0.059375 0.0296875 0.034375
1 0.37890625 0.20859375 0.053125 0.0578125
1 0.2671875 0.88359375 0.2953125 0.2296875
2 0.21328125 0.28359375 0.04375 0.0484375
2 0.4640625 0.13515625 0.03125 0.034375
2 0.26484375 0.20625 0.03125 0.0546875
2 0.96640625 0.20625 0.0375 0.05
3 0.58671875 0.66015625 0.28125 0.2609375
3 0.87734375 0.31328125 0.178125 0.1453125
0 0.203125 0.153125 0.1375 0.16875
0 0.37421875 0.11640625 0.0609375 0.096875