1 0.48125 0.21953125 0.075 0.1015625
1 0.9796875 0.06015625 0.0390625 0.05
1 0.14375 0.23125 0.059375 0.0890625
1 0.128125 0.15703125 0.053125 0.10625
1 0.59609375 0.0140625 0.0421875 0.028125
1 0.77734375 0.053125 0.075 0.05
1 0.40078125 0.0109375 0.0265625 0.021875
1 0.509375 0.02578125 0.0359375 0.0515625
1 0.4640625 0.1515625 0.053125 0.078125
1 0.68828125 0.01328125 0.028125 0.0265625
1 0.7453125 0.015625 0.028125 0.03125
1 0.27578125 0.0046875 0.025 0.009375
2 0.66171875 0.15703125 0.04375 0.0515625
2 0.0265625 0.246875 0.053125 0.1015625
2 0.76796875 0.1015625 0.0203125 0.0484375
2 0.2109375 0.11015625 0.040625 0.05
2 0.30078125 0.2359375 0.0453125 0.06875
2 0.09765625 0.14140625 0.021875 0.0390625
2 0.30078125 0.15 0.0375 0.05625
2 0.4703125 0.0859375 0.059375 0.0578125