1 0.27734375 0.53359375 0.121875 0.175
1 0.6796875 0.73515625 0.278125 0.3296875
1 0.3109375 0.28828125 0.0703125 0.0765625
1 0.23515625 0.3390625 0.075 0.0890625
1 0.21484375 0.22421875 0.0453125 0.0484375
1 0.14375 0.35703125 0.0671875 0.1
1 0.44609375 0.29140625 0.1140625 0.1140625
1 0.16640625 0.175 0.03125 0.0359375
1 0.8953125 0.26953125 0.109375 0.0796875
1 0.53828125 0.92578125 0.2234375 0.1453125
1 0.97265625 0.16953125 0.053125 0.0796875
1 0.10625 0.13828125 0.01875 0.025
1 0.09140625 0.21796875 0.0375 0.046875
1 0.74453125 0.23359375 0.0859375 0.078125
1 0.21328125 0.16015625 0.0296875 0.03125
1 0.06484375 0.25078125 0.0375 0.05
1 0.04453125 0.17109375 0.025 0.0359375
1 0.60078125 0.20078125 0.0234375 0.0546875
0 0.47578125 0.23046875 0.2421875 0.184375
0 0.0703125 0.41640625 0.140625 0.3