1 0.28203125 0.49375 0.178125 0.146875
1 0.03828125 0.5796875 0.0765625 0.1265625
1 0.3515625 0.19453125 0.090625 0.059375
1 0.8796875 0.1296875 0.0625 0.0484375
1 0.07421875 0.47421875 0.121875 0.1375
1 0.82421875 0.1546875 0.046875 0.05
1 0.84140625 0.05703125 0.03125 0.0375
1 0.76640625 0.14140625 0.075 0.05
1 0.76484375 0.16875 0.0671875 0.0671875
2 0.74921875 0.428125 0.05625 0.08125
2 0.5453125 0.4703125 0.053125 0.075
2 0.88671875 0.19453125 0.021875 0.0453125
2 0.96953125 0.11171875 0.0234375 0.03125
2 0.01015625 0.221875 0.0203125 0.05625
3 0.58671875 0.65546875 0.284375 0.259375
0 0.56171875 0.21640625 0.346875 0.19375
0 0.1609375 0.29453125 0.321875 0.2265625
0 0.25 0.05859375 0.103125 0.0984375
0 0.03046875 0.39921875 0.0609375 0.2265625
0 0.971875 0.07421875 0.0546875 0.0515625