1 0.12890625 0.51484375 0.15 0.1109375
1 0.28515625 0.4390625 0.115625 0.0890625
1 0.25625 0.39609375 0.10625 0.08125
1 0.38359375 0.378125 0.09375 0.075
1 0.0890625 0.471875 0.14375 0.11875
1 0.46640625 0.2 0.05625 0.0375
1 0.590625 0.25703125 0.059375 0.0515625
1 0.79296875 0.1640625 0.05 0.03125
1 0.35234375 0.20859375 0.0625 0.04375
1 0.490625 0.31796875 0.075 0.0640625
1 0.49140625 0.25078125 0.059375 0.046875
1 0.39765625 0.32109375 0.075 0.0546875
1 0.659375 0.225 0.046875 0.04375
1 0.4125 0.2859375 0.065625 0.046875
1 0.346875 0.19453125 0.0609375 0.0375
1 0.65 0.07578125 0.015625 0.0140625
1 0.96171875 0.22890625 0.0375 0.065625
1 0.546875 0.24453125 0.053125 0.0515625
1 0.97734375 0.3234375 0.04375 0.090625
1 0.71328125 0.20390625 0.04375 0.0375
1 0.27421875 0.19921875 0.05625 0.0359375
1 0.47421875 0.29375 0.0671875 0.0546875
2 0.65078125 0.28203125 0.0234375 0.04375
2 0.84921875 0.228125 0.0109375 0.034375
2 0.91953125 0.34296875 0.01875 0.0453125
2 0.73046875 0.27421875 0.0171875 0.0375
2 0.25078125 0.2359375 0.0125 0.03125
2 0.71328125 0.225 0.0125 0.028125
2 0.89765625 0.23515625 0.009375 0.034375
2 0.934375 0.32578125 0.015625 0.0453125
0 0.45703125 0.15703125 0.146875 0.0890625