1 0.67734375 0.31484375 0.1578125 0.11875
1 0.9125 0.3640625 0.1734375 0.146875
1 0.86796875 0.0484375 0.08125 0.0515625
1 0.0984375 0.34296875 0.08125 0.09375
1 0.87890625 0.203125 0.0890625 0.0875
1 0.96328125 0.609375 0.071875 0.1703125
1 0.16953125 0.384375 0.090625 0.10625
1 0.28203125 0.2359375 0.071875 0.071875
1 0.45546875 0.09609375 0.065625 0.0515625
1 0.9515625 0.29296875 0.0953125 0.09375
1 0.96328125 0.1796875 0.071875 0.075
1 0.975 0.20859375 0.0484375 0.0796875
1 0.1265625 0.06875 0.025 0.021875
1 0.8640625 0.15 0.0703125 0.0640625
2 0.39609375 0.08046875 0.021875 0.0390625
3 0.28828125 0.38515625 0.1828125 0.2453125
0 0.68515625 0.21015625 0.328125 0.228125
0 0.67265625 0.5734375 0.5953125 0.528125
0 0.45390625 0.23046875 0.2703125 0.190625
0 0.14921875 0.26875 0.178125 0.1703125
0 0.03671875 0.28984375 0.0734375 0.15
0 0.16640625 0.15703125 0.1609375 0.1
0 0.23515625 0.1015625 0.125 0.0640625
0 0.38984375 0.3390625 0.1 0.096875
0 0.33359375 0.1703125 0.1859375 0.134375
0 0.74453125 0.0359375 0.0796875 0.065625