1 0.32734375 0.6890625 0.221875 0.1671875
1 0.0984375 0.26015625 0.0875 0.0546875
1 0.046875 0.71875 0.09375 0.140625
1 0.76484375 0.690625 0.2390625 0.1890625
1 0.96953125 0.6890625 0.059375 0.121875
1 0.73359375 0.9109375 0.2890625 0.175
1 0.7203125 0.51328125 0.09375 0.18125
1 0.2640625 0.2234375 0.075 0.05
1 0.1640625 0.18671875 0.0515625 0.0453125
1 0.7328125 0.80078125 0.26875 0.2390625
1 0.20546875 0.225 0.0546875 0.05
1 0.90546875 0.16796875 0.078125 0.05
1 0.7171875 0.39296875 0.071875 0.1078125
1 0.80703125 0.1296875 0.0625 0.040625
1 0.29453125 0.19609375 0.065625 0.0453125
1 0.95859375 0.490625 0.0546875 0.0640625
1 0.55703125 0.190625 0.0734375 0.0640625
1 0.34453125 0.9796875 0.215625 0.0375
1 0.3515625 0.2046875 0.0703125 0.046875
1 0.6703125 0.25625 0.075 0.10625
1 0.96640625 0.4359375 0.034375 0.065625
1 0.97109375 0.6296875 0.05625 0.0625
1 0.8171875 0.01328125 0.0140625 0.021875
1 0.87578125 0.15 0.078125 0.0453125
0 0.28984375 0.09921875 0.08125 0.05625
0 0.759375 0.02578125 0.034375 0.0515625