1 0.03984375 0.92109375 0.078125 0.1546875
1 0.68359375 0.90546875 0.309375 0.1859375
1 0.9546875 0.9265625 0.0890625 0.14375
1 0.2671875 0.89140625 0.2953125 0.2140625
1 0.82265625 0.24296875 0.1125 0.075
1 0.103125 0.26953125 0.075 0.0953125
1 0.58203125 0.184375 0.084375 0.05625
1 0.6890625 0.21484375 0.10625 0.0859375
1 0.96953125 0.2703125 0.059375 0.0515625
1 0.47265625 0.23125 0.0921875 0.0671875
1 0.43046875 0.25390625 0.0984375 0.075
1 0.57421875 0.28828125 0.1125 0.09375
1 0.128125 0.2 0.05625 0.0640625
1 0.575 0.35703125 0.109375 0.0859375
1 0.98359375 0.30078125 0.03125 0.0390625
1 0.58671875 0.2453125 0.1046875 0.06875
1 0.378125 0.20859375 0.0546875 0.0578125
2 0.21328125 0.284375 0.04375 0.046875
2 0.4640625 0.13515625 0.03125 0.034375
2 0.26484375 0.20859375 0.03125 0.05
2 0.95703125 0.19453125 0.0375 0.0453125
3 0.58828125 0.66015625 0.2859375 0.2609375
3 0.90859375 0.32421875 0.18125 0.1515625
0 0.21171875 0.14453125 0.134375 0.159375