1 0.7625 0.69453125 0.2375 0.2
1 0.07890625 0.33046875 0.103125 0.090625
1 0.59296875 0.76328125 0.25 0.2109375
1 0.2109375 0.6984375 0.209375 0.18125
1 0.0953125 0.2609375 0.0875 0.0515625
1 0.115625 0.890625 0.23125 0.2046875
1 0.72734375 0.128125 0.059375 0.040625
1 0.9671875 0.11953125 0.0640625 0.0390625
1 0.9015625 0.16796875 0.078125 0.05
1 0.26171875 0.22421875 0.0734375 0.0515625
1 0.5984375 0.18671875 0.078125 0.05625
1 0.71328125 0.39375 0.0734375 0.10625
1 0.71640625 0.5140625 0.09375 0.1796875
1 0.803125 0.11328125 0.059375 0.034375
1 0.52578125 0.16328125 0.059375 0.0453125
1 0.29140625 0.196875 0.065625 0.046875
1 0.975 0.3796875 0.0484375 0.0625
1 0.34609375 0.20546875 0.075 0.0515625
1 0.66796875 0.97578125 0.2265625 0.0453125
1 0.684375 0.10859375 0.0390625 0.03125
1 0.66796875 0.25625 0.075 0.10625
1 0.159375 0.18671875 0.0484375 0.0453125
1 0.20078125 0.22578125 0.059375 0.0484375
1 0.96796875 0.675 0.0625 0.153125