1 0.68984375 0.2203125 0.10625 0.0859375
1 0.559375 0.909375 0.271875 0.178125
1 0.5828125 0.19296875 0.0828125 0.0671875
1 0.08984375 0.8796875 0.1796875 0.234375
1 0.47578125 0.18515625 0.065625 0.0671875
1 0.88671875 0.828125 0.225 0.2046875
1 0.8875 0.93828125 0.2234375 0.1203125
1 0.98359375 0.12421875 0.03125 0.0453125
1 0.96953125 0.28125 0.059375 0.0640625
1 0.94296875 0.14453125 0.05625 0.0515625
1 0.97421875 0.09296875 0.05 0.0375
1 0.00859375 0.1625 0.0171875 0.04375
3 0.590625 0.66796875 0.2875 0.265625
0 0.83671875 0.25390625 0.140625 0.15625
0 0.36015625 0.05078125 0.0734375 0.1015625