1 0.67578125 0.3140625 0.15625 0.1203125
1 0.91171875 0.3640625 0.175 0.146875
1 0.86171875 0.0484375 0.0890625 0.0515625
1 0.96484375 0.61015625 0.06875 0.171875
1 0.87734375 0.20390625 0.090625 0.0890625
1 0.09765625 0.3359375 0.08125 0.090625
1 0.28203125 0.23046875 0.0703125 0.071875
1 0.68984375 0.078125 0.0875 0.0515625
1 0.16875 0.37890625 0.090625 0.10625
1 0.95078125 0.29453125 0.096875 0.0953125
1 0.96328125 0.1765625 0.071875 0.06875
1 0.975 0.209375 0.0484375 0.08125
1 0.48515625 0.12421875 0.0671875 0.0375
1 0.86328125 0.14921875 0.0703125 0.065625
3 0.2875 0.38046875 0.18125 0.246875
0 0.684375 0.209375 0.328125 0.2265625
0 0.453125 0.22578125 0.26875 0.19375
0 0.67109375 0.57109375 0.59375 0.528125
0 0.03515625 0.278125 0.0703125 0.153125
0 0.14765625 0.26328125 0.178125 0.1703125
0 0.1890625 0.1515625 0.115625 0.1
0 0.234375 0.09609375 0.125 0.0640625
0 0.3890625 0.33828125 0.1 0.1015625
0 0.3390625 0.165625 0.2 0.1359375