1 0.7125 0.3546875 0.134375 0.10625
1 0.40078125 0.421875 0.1515625 0.1265625
1 0.15703125 0.55390625 0.196875 0.1671875
1 0.09609375 0.49609375 0.1578125 0.1515625
1 0.15234375 0.21484375 0.096875 0.059375
1 0.73203125 0.16171875 0.075 0.05625
1 0.13984375 0.190625 0.0984375 0.05625
1 0.4453125 0.33203125 0.1015625 0.0984375
1 0.85390625 0.07578125 0.0375 0.040625
1 0.2625 0.1890625 0.05625 0.059375
1 0.70078125 0.196875 0.028125 0.0546875
1 0.90546875 0.078125 0.040625 0.0375
1 0.29609375 0.19609375 0.0734375 0.0453125
1 0.94296875 0.06953125 0.04375 0.0390625
2 0.83359375 0.47890625 0.0609375 0.065625
2 0.2125 0.121875 0.0171875 0.05625
2 0.13671875 0.1109375 0.0203125 0.0375
3 0.58828125 0.65546875 0.2890625 0.2625
0 0.1921875 0.3390625 0.3640625 0.29375
0 0.88203125 0.15703125 0.234375 0.1453125
0 0.51640625 0.21796875 0.3515625 0.190625
0 0.25234375 0.0515625 0.09375 0.096875
0 0.85859375 0.03046875 0.09375 0.0609375