1 0.0375 0.4359375 0.0625 0.0796875
1 0.19921875 0.58125 0.109375 0.1375
1 0.1828125 0.27578125 0.0453125 0.0453125
1 0.01328125 0.31640625 0.0265625 0.059375
1 0.36484375 0.16953125 0.034375 0.025
1 0.45234375 0.18046875 0.0359375 0.03125
1 0.546875 0.20078125 0.05 0.0359375
1 0.0875 0.23984375 0.021875 0.03125
1 0.76015625 0.4265625 0.109375 0.128125
1 0.0234375 0.2 0.0203125 0.021875
0 0.41640625 0.57109375 0.35625 0.371875
0 0.56640625 0.40390625 0.296875 0.2265625
0 0.14296875 0.40078125 0.1625 0.1875