1 0.78359375 0.45859375 0.165625 0.125
1 0.128125 0.88984375 0.25625 0.215625
1 0.83828125 0.9359375 0.265625 0.125
1 0.41796875 0.31953125 0.1125 0.084375
1 0.6796875 0.86171875 0.265625 0.225
1 0.48515625 0.9453125 0.2875 0.10625
1 0.4515625 0.18046875 0.075 0.053125
1 0.12734375 0.134375 0.0625 0.0546875
1 0.4203125 0.37890625 0.103125 0.06875
1 0.99296875 0.85625 0.0125 0.0796875
2 0.2890625 0.29375 0.03125 0.04375
2 0.61015625 0.1609375 0.028125 0.0328125
2 0.54296875 0.27109375 0.034375 0.046875
2 0.19296875 0.55859375 0.115625 0.0984375
2 0.8125 0.3203125 0.0484375 0.0484375
2 0.72109375 0.31953125 0.04375 0.05
2 0.984375 0.3953125 0.0296875 0.0578125
2 0.45703125 0.253125 0.034375 0.0390625
2 0.87578125 0.371875 0.05 0.0515625
2 0.40078125 0.1515625 0.021875 0.0296875
3 0.59140625 0.6765625 0.2890625 0.2578125
0 0.75546875 0.18984375 0.259375 0.1984375