1 0.2890625 0.39140625 0.0953125 0.109375
1 0.54765625 0.22578125 0.0671875 0.0625
1 0.95703125 0.01875 0.0390625 0.034375
1 0.5 0.565625 0.1671875 0.15625
1 0.7796875 0.16015625 0.05625 0.05
1 0.39921875 0.084375 0.0546875 0.05
1 0.52734375 0.0359375 0.04375 0.0359375
1 0.01171875 0.21015625 0.0234375 0.0515625
1 0.71015625 0.059375 0.04375 0.0375
1 0.71171875 0.08125 0.04375 0.0484375
1 0.95390625 0.1359375 0.0515625 0.0578125
1 0.80859375 0.03671875 0.0359375 0.040625
1 0.80859375 0.2609375 0.0859375 0.1078125
0 0.50859375 0.71015625 0.63125 0.5765625
0 0.9328125 0.2546875 0.1328125 0.3140625