1 0.66796875 0.48515625 0.11875 0.240625
1 0.91875 0.7859375 0.1609375 0.328125
1 0.70234375 0.88984375 0.1953125 0.215625
1 0.44921875 0.19375 0.096875 0.0796875
1 0.7375 0.28359375 0.0734375 0.1109375
1 0.01484375 0.7296875 0.0296875 0.15625
1 0.61171875 0.23515625 0.0640625 0.1
1 0.0421875 0.496875 0.084375 0.16875
1 0.96796875 0.44375 0.0625 0.1609375
1 0.87578125 0.21484375 0.0671875 0.0859375
1 0.08984375 0.4265625 0.090625 0.1390625
1 0.81328125 0.0734375 0.0375 0.05
1 0.63359375 0.13515625 0.04375 0.0671875
1 0.8953125 0.12578125 0.053125 0.065625
1 0.1375 0.365625 0.09375 0.125
1 0.625 0.0265625 0.025 0.0390625
1 0.77421875 0.09921875 0.0390625 0.0546875
1 0.87109375 0.16171875 0.0625 0.06875
1 0.18828125 0.31171875 0.084375 0.109375
1 0.5921875 0.15703125 0.04375 0.0921875
2 0.69921875 0.17890625 0.0203125 0.0546875
0 0.5484375 0.03671875 0.0375 0.0734375
1 0.2296875 0.26640625 0.065625 0.0921875
1 0.25234375 0.23203125 0.0484375 0.0734375
1 0.2671875 0.196875 0.071875 0.046875
1 0.18984375 0.19140625 0.0796875 0.0609375
1 0.6046875 0.0875 0.03125 0.05
1 0.775 0.053125 0.034375 0.04375
1 0.72421875 0.02421875 0.0234375 0.0359375