1 0.88046875 0.25625 0.121875 0.10625
1 0.04765625 0.25390625 0.0953125 0.0984375
1 0.18203125 0.23125 0.1359375 0.1078125
1 0.57109375 0.15703125 0.0828125 0.084375
1 0.29375 0.4109375 0.203125 0.115625
1 0.5015625 0.0859375 0.046875 0.0578125
1 0.45078125 0.08984375 0.05625 0.065625
1 0.16171875 0.175 0.115625 0.084375
1 0.63984375 0.0765625 0.03125 0.04375
1 0.3359375 0.21640625 0.146875 0.075
1 0.2328125 0.57109375 0.3375 0.3359375
1 0.4609375 0.17578125 0.1125 0.09375
1 0.86015625 0.1234375 0.06875 0.05625
1 0.915625 0.1171875 0.053125 0.0515625
1 0.96953125 0.1125 0.05625 0.05
1 0.5890625 0.08046875 0.040625 0.05