1 0.68359375 0.73984375 0.1625 0.3171875
1 0.77265625 0.42578125 0.109375 0.1671875
1 0.95703125 0.3234375 0.084375 0.125
1 0.01640625 0.72578125 0.0328125 0.159375
1 0.621875 0.203125 0.05625 0.090625
1 0.55625 0.31328125 0.075 0.121875
1 0.67109375 0.13671875 0.046875 0.0703125
1 0.04375 0.49140625 0.0875 0.171875
1 0.878125 0.14921875 0.059375 0.06875
1 0.64375 0.0484375 0.028125 0.0453125
1 0.603125 0.403125 0.0875 0.2015625
1 0.81953125 0.11328125 0.05 0.0640625
1 0.79140625 0.03203125 0.034375 0.04375
1 0.60234375 0.08984375 0.0359375 0.0578125
1 0.13828125 0.359375 0.090625 0.121875
1 0.78671875 0.1515625 0.0546875 0.0703125
1 0.0921875 0.42109375 0.090625 0.1390625
1 0.9796875 0.21640625 0.0390625 0.08125
2 0.19296875 0.40078125 0.0296875 0.0953125
0 0.53984375 0.103125 0.065625 0.14375
1 0.87890625 0.0953125 0.0453125 0.05625
1 0.75859375 0.0765625 0.03125 0.0484375
1 0.7453125 0.0515625 0.0265625 0.04375
1 0.7359375 0.03125 0.0234375 0.03125
1 0.759375 0.015625 0.028125 0.03125
1 0.5984375 0.05390625 0.0265625 0.0359375
1 0.590625 0.02578125 0.0234375 0.0328125
1 0.1921875 0.30859375 0.0765625 0.1046875
1 0.23359375 0.26015625 0.0671875 0.1
1 0.25859375 0.22890625 0.0484375 0.084375
1 0.2640625 0.1921875 0.0875 0.0453125