1 0.103125 0.5546875 0.18125 0.165625
1 0.93671875 0.28359375 0.115625 0.0890625
1 0.04765625 0.23984375 0.09375 0.065625
1 0.3984375 0.43515625 0.153125 0.1328125
1 0.25234375 0.41015625 0.1421875 0.125
1 0.61796875 0.29609375 0.1171875 0.0890625
1 0.709375 0.33671875 0.1171875 0.1046875
1 0.84453125 0.26015625 0.0984375 0.084375
1 0.2703125 0.184375 0.09375 0.05625
1 0.42421875 0.2953125 0.128125 0.090625
1 0.43671875 0.33828125 0.1296875 0.0859375
1 0.44375 0.19296875 0.09375 0.059375
1 0.57578125 0.19375 0.0875 0.0609375
1 0.03046875 0.49453125 0.0609375 0.1015625
1 0.20859375 0.21640625 0.096875 0.0484375
1 0.04140625 0.42578125 0.0828125 0.075
1 0.665625 0.14375 0.065625 0.053125
1 0.74140625 0.18203125 0.071875 0.0609375
1 0.20234375 0.26484375 0.11875 0.0890625
1 0.4125 0.16796875 0.0734375 0.0609375
1 0.60859375 0.16171875 0.078125 0.046875
2 0.31171875 0.290625 0.04375 0.0546875
2 0.0234375 0.87421875 0.046875 0.096875
2 0.71171875 0.18671875 0.0375 0.05625
2 0.21328125 0.11796875 0.0171875 0.0546875
2 0.02109375 0.3703125 0.0421875 0.0515625
3 0.59140625 0.653125 0.29375 0.265625
0 0.8921875 0.16953125 0.2140625 0.1546875
0 0.25390625 0.05 0.09375 0.096875
0 0.88359375 0.034375 0.1015625 0.06875
0 0.8171875 0.1203125 0.24375 0.11875