1 0.97421875 0.6046875 0.05 0.16875
1 0.09921875 0.43828125 0.096875 0.1203125
1 0.45234375 0.6734375 0.2125 0.228125
1 0.64140625 0.2546875 0.1171875 0.0984375
1 0.26953125 0.34296875 0.10625 0.1046875
1 0.55 0.43203125 0.1671875 0.15
1 0.60703125 0.3609375 0.1421875 0.125
1 0.8671875 0.19921875 0.1265625 0.090625
1 0.5984375 0.13671875 0.090625 0.0671875
1 0.27890625 0.203125 0.0625 0.065625
1 0.85703125 0.04453125 0.0890625 0.0515625
1 0.71953125 0.18359375 0.1125 0.078125
1 0.58828125 0.171875 0.096875 0.0703125
1 0.78046875 0.08984375 0.096875 0.0609375
1 0.83828125 0.4140625 0.2203125 0.1984375
1 0.0359375 0.35 0.071875 0.0859375
1 0.4546875 0.309375 0.128125 0.115625
1 0.975 0.209375 0.0484375 0.1
1 0.86875 0.1609375 0.128125 0.0640625
1 0.07734375 0.121875 0.0328125 0.0375
1 0.05078125 0.28359375 0.04375 0.0671875
1 0.06328125 0.16875 0.0296875 0.0453125
1 0.31015625 0.1515625 0.065625 0.0515625
1 0.1390625 0.08828125 0.028125 0.028125
1 0.51953125 0.084375 0.046875 0.05
1 0.70703125 0.14140625 0.1 0.065625
1 0.02109375 0.2703125 0.0421875 0.059375
1 0.25078125 0.2640625 0.046875 0.0765625
2 0.04765625 0.671875 0.0546875 0.1046875
0 0.43984375 0.128125 0.196875 0.134375
0 0.14765625 0.27578125 0.184375 0.1734375
0 0.0703125 0.07890625 0.0625 0.05
0 0.740625 0.03203125 0.08125 0.0640625
0 0.26171875 0.065625 0.1171875 0.071875