1 0.15703125 0.7796875 0.209375 0.25625
1 0.42890625 0.78125 0.246875 0.25625
1 0.325 0.26328125 0.078125 0.0640625
1 0.5734375 0.43203125 0.153125 0.0875
1 0.03203125 0.39296875 0.0640625 0.1109375
1 0.83984375 0.41171875 0.1515625 0.10625
1 0.92734375 0.4984375 0.14375 0.1453125
1 0.16796875 0.2515625 0.0765625 0.0671875
1 0.08203125 0.24140625 0.0671875 0.0546875
1 0.440625 0.01171875 0.040625 0.0234375
1 0.97421875 0.03671875 0.05 0.015625
1 0.13125 0.28203125 0.090625 0.0765625
1 0.00859375 0.190625 0.0171875 0.053125