1 0.71953125 0.78828125 0.1125 0.1796875
1 0.97265625 0.43828125 0.053125 0.046875
1 0.6484375 0.5484375 0.0578125 0.0859375
1 0.2265625 0.4984375 0.084375 0.05625
1 0.86484375 0.61015625 0.1453125 0.1171875
1 0.10078125 0.62421875 0.071875 0.10625
1 0.93671875 0.59453125 0.103125 0.096875
1 0.35703125 0.5546875 0.0515625 0.0765625
1 0.01328125 0.56171875 0.0265625 0.04375
1 0.36171875 0.4796875 0.078125 0.059375
1 0.52265625 0.403125 0.03125 0.0359375
1 0.84921875 0.43828125 0.0875 0.04375
1 0.18828125 0.62109375 0.0765625 0.1015625
1 0.70859375 0.3984375 0.028125 0.0453125
1 0.87265625 0.415625 0.08125 0.0390625
1 0.61796875 0.471875 0.04375 0.059375
1 0.15234375 0.5640625 0.0625 0.06875
1 0.68359375 0.43046875 0.0375 0.046875
1 0.02421875 0.5046875 0.04375 0.0578125
1 0.42265625 0.459375 0.03125 0.0265625
1 0.46328125 0.49375 0.05625 0.06875
1 0.4140625 0.49921875 0.053125 0.065625
2 0.30078125 0.55703125 0.021875 0.08125
2 0.21796875 0.67109375 0.040625 0.10625
0 0.45703125 0.646875 0.1875 0.309375
0 0.55078125 0.53046875 0.1 0.1984375
0 0.64296875 0.39921875 0.06875 0.090625