1 0.3609375 0.39609375 0.1640625 0.115625
1 0.51796875 0.9140625 0.30625 0.16875
1 0.11875 0.32578125 0.13125 0.0890625
1 0.94296875 0.13828125 0.103125 0.0546875
1 0.61171875 0.31875 0.1375 0.1
1 0.68828125 0.134375 0.090625 0.065625
1 0.2125 0.12890625 0.075 0.0578125
1 0.13828125 0.20625 0.0984375 0.06875
1 0.07734375 0.19296875 0.0765625 0.075
1 0.73203125 0.11015625 0.090625 0.05
2 0.6328125 0.07421875 0.03125 0.0296875
2 0.87890625 0.51796875 0.0703125 0.071875
2 0.2984375 0.096875 0.0375 0.0359375
3 0.59296875 0.6234375 0.2859375 0.265625
0 0.91015625 0.025 0.1 0.05
0 0.25625 0.03359375 0.084375 0.0671875