1 0.97265625 0.60078125 0.053125 0.171875
1 0.54609375 0.4296875 0.165625 0.1484375
1 0.60390625 0.359375 0.14375 0.1296875
1 0.584375 0.1703125 0.096875 0.0703125
1 0.54921875 0.084375 0.059375 0.0546875
1 0.26640625 0.340625 0.1078125 0.1046875
1 0.97265625 0.203125 0.053125 0.1015625
1 0.76171875 0.0953125 0.0953125 0.071875
1 0.4515625 0.30859375 0.128125 0.1171875
1 0.71640625 0.1796875 0.1125 0.08125
1 0.8625 0.19609375 0.125 0.0890625
1 0.5953125 0.13515625 0.09375 0.0671875
1 0.834375 0.409375 0.221875 0.196875
1 0.04609375 0.28359375 0.040625 0.0671875
1 0.853125 0.04140625 0.090625 0.05
1 0.30703125 0.1515625 0.0625 0.0515625
1 0.084375 0.13125 0.028125 0.0375
1 0.25234375 0.265625 0.05 0.065625
1 0.71171875 0.13984375 0.1015625 0.065625
1 0.32578125 0.28125 0.103125 0.0890625
3 0.79765625 0.771875 0.20625 0.3
0 0.43515625 0.12578125 0.1953125 0.134375
0 0.14375 0.27578125 0.184375 0.1734375