1 0.48203125 0.25078125 0.028125 0.04375
1 0.63046875 0.371875 0.0484375 0.078125
1 0.70390625 0.353125 0.05 0.0640625
1 0.45 0.403125 0.0546875 0.0859375
1 0.42890625 0.3515625 0.0484375 0.0703125
1 0.22578125 0.33203125 0.0484375 0.0609375
1 0.59140625 0.19921875 0.0171875 0.025
1 0.66640625 0.27890625 0.0328125 0.046875
1 0.66640625 0.18046875 0.03125 0.028125
1 0.640625 0.22109375 0.025 0.0359375
1 0.321875 0.26171875 0.0296875 0.0390625
1 0.98203125 0.403125 0.034375 0.071875
1 0.9546875 0.3734375 0.0625 0.071875
2 0.11953125 0.44296875 0.021875 0.0671875
3 0.02890625 0.4359375 0.0578125 0.096875