1 0.4015625 0.48828125 0.096875 0.1609375
1 0.35859375 0.3765625 0.0859375 0.128125
1 0.44765625 0.1546875 0.0375 0.05625
1 0.27109375 0.29921875 0.078125 0.09375
1 0.30703125 0.225 0.053125 0.075
1 0.96015625 0.19453125 0.078125 0.0671875
1 0.046875 0.20625 0.0421875 0.065625
1 0.5078125 0.03828125 0.01875 0.03125
1 0.40859375 0.25859375 0.059375 0.109375
1 0.4203125 0.0953125 0.0265625 0.04375
1 0.1859375 0.22890625 0.05625 0.071875
1 0.97890625 0.24453125 0.040625 0.09375
1 0.425 0.19296875 0.04375 0.0640625
1 0.13359375 0.20859375 0.053125 0.0609375
1 0.475 0.04609375 0.01875 0.0296875
1 0.88828125 0.175 0.05 0.071875
1 0.21953125 0.190625 0.0484375 0.059375
1 0.3921875 0.22421875 0.0484375 0.078125
0 0.0890625 0.59296875 0.178125 0.5375
0 0.9140625 0.528125 0.1703125 0.534375