1 0.0875 0.50390625 0.175 0.175
1 0.36484375 0.84921875 0.371875 0.2984375
1 0.0359375 0.26015625 0.071875 0.0984375
1 0.52109375 0.4109375 0.2125 0.1671875
1 0.65 0.09609375 0.034375 0.040625
1 0.57734375 0.1734375 0.08125 0.084375
1 0.59609375 0.09921875 0.0421875 0.0390625
1 0.46015625 0.103125 0.05625 0.065625
1 0.47265625 0.18828125 0.10625 0.090625
3 0.140625 0.2453125 0.221875 0.2015625
1 0.86640625 0.14765625 0.071875 0.053125
1 0.92578125 0.13984375 0.0515625 0.05
1 0.97421875 0.13359375 0.05 0.053125
1 0.5125 0.1015625 0.046875 0.05625
1 0.33671875 0.21875 0.1265625 0.078125