1 0.05390625 0.53828125 0.1078125 0.1265625
1 0.02421875 0.3046875 0.0484375 0.0578125
1 0.31015625 0.1796875 0.04375 0.0453125
1 0.34296875 0.26484375 0.0703125 0.059375
1 0.37890625 0.29609375 0.0734375 0.0671875
1 0.60546875 0.18671875 0.0484375 0.0453125
1 0.56640625 0.18203125 0.04375 0.046875
1 0.97265625 0.15546875 0.053125 0.0453125
1 0.37265625 0.1796875 0.03125 0.05625
1 0.80234375 0.040625 0.0125 0.021875
1 0.2125 0.1296875 0.03125 0.0265625
1 0.9546875 0.46875 0.053125 0.0703125
3 0.66640625 0.26796875 0.075 0.1203125
0 0.13359375 0.21171875 0.23125 0.1546875