1 0.4046875 0.359375 0.0875 0.09375
1 0.36875 0.2234375 0.040625 0.0390625
1 0.26640625 0.30078125 0.053125 0.065625
1 0.2828125 0.16640625 0.0171875 0.025
1 0.52109375 0.259375 0.0578125 0.0484375
1 0.79140625 0.39296875 0.11875 0.09375
1 0.23046875 0.17578125 0.021875 0.021875
1 0.840625 0.296875 0.0875 0.0578125
1 0.05078125 0.2890625 0.034375 0.05625
1 0.83046875 0.365625 0.090625 0.0875
1 0.45859375 0.25859375 0.05625 0.0546875
2 0.2890625 0.69375 0.046875 0.109375
2 0.103125 0.36796875 0.0171875 0.0390625
2 0.13671875 0.36015625 0.015625 0.0390625
3 0.028125 0.375 0.05625 0.0875