1 0.3484375 0.24609375 0.053125 0.0453125
1 0.02734375 0.296875 0.0375 0.065625
1 0.39921875 0.3640625 0.084375 0.0765625
1 0.21640625 0.33984375 0.0625 0.0609375
1 0.36796875 0.16171875 0.034375 0.025
1 0.67734375 0.646875 0.184375 0.16875
1 0.08359375 0.23125 0.0265625 0.034375
1 0.36796875 0.31328125 0.0734375 0.059375
1 0.6734375 0.409375 0.11875 0.1
1 0.61953125 0.44140625 0.128125 0.10625
1 0.45390625 0.171875 0.034375 0.0296875
1 0.57421875 0.19921875 0.0546875 0.0390625
1 0.09296875 0.1796875 0.0203125 0.015625
1 0.88671875 0.58125 0.225 0.2453125
1 0.1578125 0.18203125 0.025 0.0203125
1 0.28359375 0.1640625 0.03125 0.028125
1 0.2078125 0.1859375 0.0125 0.0203125
0 0.8984375 0.4265625 0.2015625 0.2390625