1 0.15234375 0.87578125 0.1875 0.2453125
1 0.61640625 0.346875 0.0734375 0.0859375
1 0.284375 0.4390625 0.115625 0.0890625
1 0.634375 0.1953125 0.0625 0.0390625
1 0.73203125 0.1953125 0.0578125 0.0359375
1 0.12890625 0.5140625 0.15 0.109375
1 0.84296875 0.2234375 0.0546875 0.046875
1 0.24765625 0.39921875 0.1078125 0.084375
1 0.08828125 0.4703125 0.14375 0.115625
1 0.7171875 0.28359375 0.0625 0.0625
1 0.3140625 0.2109375 0.065625 0.040625
1 0.38203125 0.3765625 0.09375 0.0765625
1 0.46484375 0.33046875 0.0796875 0.06875
1 0.825 0.203125 0.059375 0.0390625
1 0.97734375 0.31796875 0.04375 0.1015625
1 0.40703125 0.2 0.0625 0.040625
1 0.3625 0.34453125 0.0796875 0.075
1 0.52265625 0.29375 0.06875 0.0609375
1 0.39609375 0.296875 0.0609375 0.0609375
1 0.94609375 0.23828125 0.0234375 0.0546875
1 0.45546875 0.26015625 0.053125 0.04375
1 0.57890625 0.26484375 0.059375 0.0515625
1 0.61796875 0.240625 0.0515625 0.0484375
1 0.92890625 0.19296875 0.059375 0.0375
1 0.51015625 0.196875 0.065625 0.0390625
1 0.19375 0.21640625 0.0546875 0.0375
1 0.57109375 0.23203125 0.05 0.046875
1 0.52109375 0.23046875 0.053125 0.0390625
1 0.50703125 0.26171875 0.0625 0.0546875
1 0.45 0.30390625 0.071875 0.059375
0 0.73828125 0.15546875 0.15625 0.0890625
0 0.97421875 0.23125 0.05 0.121875
0 0.09296875 0.17421875 0.1375 0.0640625
1 0.23046875 0.20703125 0.0453125 0.03125
1 0.2640625 0.1953125 0.04375 0.0328125
1 0.35078125 0.190625 0.0453125 0.0375
1 0.39453125 0.18046875 0.0453125 0.025
1 0.39765625 0.19609375 0.0578125 0.0375
1 0.30390625 0.17890625 0.0421875 0.028125
1 0.21640625 0.184375 0.040625 0.0296875
1 0.16640625 0.20390625 0.0484375 0.0359375
1 0.5515625 0.1734375 0.0625 0.040625
1 0.55 0.1875 0.046875 0.0359375
1 0.915625 0.18828125 0.04375 0.0296875