1 0.85703125 0.7140625 0.2828125 0.2765625
1 0.5515625 0.4296875 0.165625 0.1484375
1 0.97578125 0.5984375 0.046875 0.1640625
1 0.9109375 0.28828125 0.1765625 0.14375
1 0.3046875 0.20390625 0.071875 0.0640625
1 0.271875 0.34296875 0.10625 0.1046875
1 0.39609375 0.48203125 0.153125 0.1640625
1 0.721875 0.36953125 0.1953125 0.125
1 0.58984375 0.1703125 0.096875 0.0703125
1 0.721875 0.1796875 0.1125 0.08125
1 0.97578125 0.203125 0.046875 0.1015625
1 0.6734375 0.096875 0.0875 0.0578125
1 0.22109375 0.12890625 0.046875 0.046875
1 0.19140625 0.08828125 0.0359375 0.03125
1 0.31015625 0.1265625 0.0546875 0.0546875
1 0.27265625 0.26640625 0.0859375 0.0859375
1 0.86953125 0.1890625 0.1265625 0.078125
1 0.1359375 0.65546875 0.0640625 0.1
1 0.58671875 0.08203125 0.0703125 0.04375
1 0.278125 0.1515625 0.059375 0.0515625
1 0.18828125 0.1453125 0.04375 0.0453125
2 0.0359375 0.6734375 0.04375 0.0796875
2 0.88515625 0.04375 0.0375 0.0609375
0 0.44140625 0.1265625 0.1984375 0.13125
0 0.1109375 0.34140625 0.221875 0.2203125
0 0.75 0.0515625 0.25 0.103125
0 0.2765625 0.06640625 0.10625 0.075
0 0.14921875 0.26953125 0.18125 0.1578125