1 0.37890625 0.74140625 0.1734375 0.2015625
1 0.1859375 0.571875 0.10625 0.134375
1 0.95078125 0.6 0.096875 0.1140625
1 0.771875 0.528125 0.1546875 0.1296875
1 0.98359375 0.35 0.03125 0.0484375
1 0.365625 0.18359375 0.0328125 0.0265625
1 0.58984375 0.4640625 0.1265625 0.10625
1 0.6671875 0.43671875 0.125 0.1
1 0.45078125 0.196875 0.034375 0.03125
1 0.08984375 0.48359375 0.08125 0.096875
1 0.44453125 0.40546875 0.096875 0.075
1 0.50546875 0.38515625 0.09375 0.08125
1 0.134375 0.43671875 0.0671875 0.0859375
1 0.546875 0.21875 0.05 0.034375
1 0.0375 0.43984375 0.059375 0.0796875
1 0.48046875 0.45390625 0.0765625 0.0453125
1 0.01328125 0.4046875 0.0265625 0.065625
2 0.54609375 0.24375 0.01875 0.0359375
2 0.91796875 0.31796875 0.0375 0.05625
2 0.30546875 0.96484375 0.0609375 0.0671875
2 0.74609375 0.27578125 0.025 0.0296875
2 0.72265625 0.234375 0.021875 0.03125
0 0.803125 0.784375 0.3921875 0.428125
0 0.36484375 0.5515625 0.4125 0.40625
0 0.90859375 0.465625 0.18125 0.228125
0 0.07109375 0.36328125 0.1421875 0.1484375
0 0.29140625 0.328125 0.171875 0.1375
0 0.37734375 0.31796875 0.1765625 0.13125