1 0.67578125 0.31171875 0.1546875 0.1203125
1 0.53359375 0.07109375 0.059375 0.046875
1 0.8625 0.0453125 0.090625 0.0546875
1 0.878125 0.19921875 0.0875 0.090625
1 0.3375 0.078125 0.046875 0.034375
1 0.09765625 0.33359375 0.08125 0.09375
1 0.96640625 0.60625 0.065625 0.1765625
1 0.91328125 0.36171875 0.171875 0.146875
1 0.16875 0.37578125 0.090625 0.1078125
1 0.825 0.39140625 0.203125 0.10625
1 0.28203125 0.2265625 0.071875 0.071875
1 0.78203125 0.08828125 0.090625 0.04375
1 0.46640625 0.29609375 0.125 0.0703125
1 0.95078125 0.29140625 0.096875 0.090625
1 0.96328125 0.1796875 0.071875 0.075
1 0.41484375 0.0515625 0.046875 0.0375
1 0.97578125 0.20859375 0.046875 0.0796875
1 0.4875 0.11953125 0.0625 0.03125
3 0.2875 0.378125 0.18125 0.2453125
0 0.68515625 0.20625 0.3265625 0.228125
0 0.453125 0.22421875 0.271875 0.19375
0 0.67109375 0.57109375 0.59375 0.525
0 0.1421875 0.25703125 0.190625 0.1671875
0 0.34140625 0.1609375 0.2015625 0.134375
0 0.18984375 0.1484375 0.1140625 0.096875
0 0.23515625 0.09296875 0.125 0.0671875
0 0.0359375 0.27890625 0.071875 0.15
0 0.38671875 0.33515625 0.096875 0.1