1 0.1125 0.9140625 0.225 0.16875
1 0.865625 0.909375 0.2671875 0.178125
1 0.4578125 0.915625 0.3015625 0.165625
1 0.4765625 0.16640625 0.078125 0.059375
1 0.94140625 0.3109375 0.115625 0.09375
1 0.65078125 0.265625 0.1140625 0.0609375
1 0.6734375 0.3265625 0.125 0.09375
1 0.89296875 0.25703125 0.1078125 0.0703125
1 0.92265625 0.14140625 0.0515625 0.05
1 0.846875 0.109375 0.040625 0.034375
1 0.3640625 0.1296875 0.0515625 0.05625
1 0.2359375 0.15625 0.040625 0.0578125
1 0.05 0.259375 0.0625 0.078125
1 0.67265625 0.38515625 0.11875 0.0859375
1 0.99296875 0.1234375 0.0125 0.03125
1 0.0078125 0.459375 0.015625 0.078125
2 0.26953125 0.27421875 0.0421875 0.0484375
2 0.2640625 0.20625 0.03125 0.05
3 0.5859375 0.66015625 0.2828125 0.2609375
0 0.14453125 0.1859375 0.1421875 0.20625
0 0.07578125 0.17109375 0.1328125 0.146875
0 0.35 0.0359375 0.071875 0.071875