1 0.54453125 0.428125 0.1671875 0.1484375
1 0.94921875 0.08203125 0.1 0.0765625
1 0.58359375 0.16796875 0.096875 0.071875
1 0.603125 0.359375 0.1421875 0.1296875
1 0.26484375 0.33984375 0.1078125 0.10625
1 0.86171875 0.19453125 0.128125 0.0890625
1 0.9703125 0.2015625 0.0578125 0.1
1 0.45 0.30625 0.128125 0.1171875
1 0.85078125 0.03984375 0.090625 0.05
1 0.715625 0.1796875 0.1140625 0.08125
1 0.32578125 0.20859375 0.084375 0.065625
1 0.64453125 0.13828125 0.096875 0.071875
1 0.325 0.278125 0.1046875 0.0890625
1 0.76328125 0.30859375 0.153125 0.10625
1 0.83046875 0.403125 0.225 0.184375
1 0.30546875 0.14921875 0.0625 0.053125
1 0.11875 0.090625 0.0296875 0.0265625
1 0.79921875 0.1484375 0.103125 0.075
1 0.6078125 0.04921875 0.04375 0.046875
0 0.4359375 0.12421875 0.2 0.134375
0 0.14296875 0.2765625 0.184375 0.171875