1 0.94140625 0.29296875 0.115625 0.1109375
1 0.88203125 0.79921875 0.234375 0.2875
1 0.7390625 0.625 0.259375 0.2359375
1 0.66171875 0.34609375 0.16875 0.1375
1 0.05234375 0.25703125 0.1046875 0.1
1 0.1765625 0.23828125 0.103125 0.10625
1 0.65 0.09296875 0.034375 0.0453125
1 0.459375 0.10078125 0.05625 0.065625
1 0.58359375 0.1734375 0.090625 0.084375
1 0.51015625 0.0984375 0.0484375 0.059375
1 0.16953125 0.1796875 0.1125 0.08125
3 0.31640625 0.221875 0.2015625 0.1703125
1 0.865625 0.14765625 0.0703125 0.053125
1 0.92421875 0.13828125 0.053125 0.0484375
1 0.97421875 0.13125 0.05 0.053125
1 0.47578125 0.1875 0.096875 0.0859375
1 0.596875 0.0984375 0.04375 0.040625