1 0.578125 0.33046875 0.0984375 0.05625
1 0.471875 0.315625 0.0875 0.0546875
1 0.18515625 0.35 0.1 0.0625
1 0.0734375 0.3265625 0.0875 0.0546875
1 0.31171875 0.3109375 0.0859375 0.0625
1 0.05703125 0.446875 0.1140625 0.1375
1 0.01484375 0.32421875 0.0296875 0.0578125
1 0.82421875 0.25 0.0546875 0.0375
1 0.77265625 0.253125 0.0390625 0.0546875
1 0.94140625 0.44296875 0.115625 0.11875
1 0.23046875 0.33125 0.0609375 0.0546875
1 0.71640625 0.23515625 0.015625 0.034375
1 0.88984375 0.2453125 0.05625 0.0234375
1 0.18359375 0.31328125 0.059375 0.0453125
1 0.0203125 0.525 0.040625 0.24375