1 0.08046875 0.58125 0.1609375 0.175
1 0.9515625 0.128125 0.04375 0.0484375
1 0.2453125 0.1 0.0375 0.040625
1 0.80546875 0.03359375 0.028125 0.0296875
1 0.88671875 0.14375 0.078125 0.071875
1 0.753125 0.16875 0.0828125 0.0640625
1 0.78671875 0.1484375 0.0703125 0.0515625
1 0.86640625 0.0703125 0.0359375 0.040625
1 0.60859375 0.146875 0.075 0.046875
2 0.6234375 0.375 0.0328125 0.0578125
2 0.8875 0.20546875 0.025 0.040625
2 0.11796875 0.18359375 0.0234375 0.0484375
2 0.64453125 0.21953125 0.0390625 0.0390625
2 0.96484375 0.33671875 0.046875 0.059375
2 0.44921875 0.384375 0.028125 0.06875
2 0.0390625 0.14375 0.015625 0.04375
2 0.13515625 0.1140625 0.0171875 0.0359375
2 0.109375 0.1265625 0.021875 0.03125
2 0.9625 0.371875 0.046875 0.034375
2 0.71875 0.23515625 0.046875 0.05625
3 0.5890625 0.6546875 0.2890625 0.265625
0 0.3953125 0.246875 0.3875 0.2140625
0 0.0796875 0.32578125 0.159375 0.2109375
0 0.21484375 0.0734375 0.1046875 0.109375