1 0.3234375 0.83671875 0.1875 0.321875
1 0.284375 0.66171875 0.146875 0.1984375
1 0.59765625 0.09921875 0.0203125 0.025
1 0.675 0.3515625 0.08125 0.1
1 0.08515625 0.4515625 0.1390625 0.1109375
1 0.503125 0.5359375 0.109375 0.1796875
1 0.94609375 0.6546875 0.10625 0.1796875
1 0.24609375 0.3734375 0.10625 0.0609375
1 0.74453125 0.28828125 0.059375 0.06875
1 0.38046875 0.36171875 0.09375 0.0765625
1 0.1921875 0.2203125 0.0375 0.0453125
1 0.775 0.153125 0.05 0.03125
1 0.66875 0.1703125 0.059375 0.0375
1 0.66640625 0.134375 0.040625 0.03125
1 0.70390625 0.678125 0.196875 0.1515625
1 0.88671875 0.2015625 0.059375 0.040625
1 0.515625 0.4 0.096875 0.115625
1 0.71640625 0.18515625 0.065625 0.040625
1 0.80703125 0.2453125 0.0546875 0.0578125
1 0.29609375 0.4140625 0.0890625 0.071875
1 0.70703125 0.2296875 0.0609375 0.059375
1 0.65859375 0.29609375 0.059375 0.0703125
1 0.6171875 0.22421875 0.0515625 0.040625
1 0.8171875 0.18046875 0.0625 0.0359375
1 0.4390625 0.196875 0.059375 0.04375
1 0.725 0.259375 0.059375 0.059375
1 0.61171875 0.2765625 0.071875 0.065625
0 0.1453125 0.62890625 0.290625 0.4875
0 0.190625 0.18046875 0.15625 0.0953125
0 0.96484375 0.21953125 0.06875 0.1390625
0 0.925 0.14609375 0.146875 0.075
0 0.2984375 0.13046875 0.03125 0.05625