1 0.60390625 0.2296875 0.071875 0.0484375
1 0.9703125 0.28984375 0.0578125 0.06875
1 0.67109375 0.40078125 0.121875 0.0875
1 0.41953125 0.42109375 0.1015625 0.0953125
1 0.5328125 0.36015625 0.1 0.0796875
1 0.90234375 0.25 0.0984375 0.059375
1 0.79921875 0.3234375 0.071875 0.06875
1 0.6734375 0.45859375 0.1375 0.1140625
1 0.475 0.19375 0.05 0.0359375
1 0.06328125 0.42109375 0.075 0.109375
1 0.49921875 0.39921875 0.1 0.090625
1 0.4546875 0.1703125 0.034375 0.0296875
1 0.36875 0.1609375 0.0328125 0.025
1 0.09375 0.17890625 0.021875 0.0203125
1 0.1734375 0.28984375 0.0453125 0.05
1 0.55 0.1890625 0.05 0.034375
1 0.28359375 0.16328125 0.03125 0.0296875
1 0.04375 0.1734375 0.01875 0.0203125
1 0.9046875 0.51640625 0.1640625 0.115625
2 0.54609375 0.95546875 0.0625 0.0859375
0 0.89921875 0.425 0.2 0.24375