1 0.5046875 0.88359375 0.1125 0.2
1 0.35859375 0.70703125 0.078125 0.140625
1 0.42578125 0.63046875 0.06875 0.10625
1 0.48515625 0.55703125 0.0671875 0.0859375
1 0.97265625 0.43046875 0.053125 0.046875
1 0.86484375 0.603125 0.146875 0.1171875
1 0.65 0.5546875 0.0625 0.090625
1 0.59921875 0.50078125 0.0484375 0.06875
1 0.19375 0.61015625 0.0859375 0.0984375
1 0.10234375 0.615625 0.071875 0.109375
1 0.57734375 0.5984375 0.059375 0.1140625
1 0.70703125 0.38515625 0.028125 0.0375
1 0.9390625 0.5859375 0.1015625 0.0953125
1 0.15390625 0.55859375 0.0625 0.071875
1 0.35703125 0.546875 0.0515625 0.0765625
1 0.41484375 0.49140625 0.0546875 0.065625
1 0.4640625 0.48671875 0.05625 0.0671875
1 0.87265625 0.409375 0.08125 0.040625
1 0.52109375 0.39453125 0.03125 0.034375
1 0.6609375 0.46484375 0.040625 0.075
1 0.01953125 0.5 0.0390625 0.05
2 0.15546875 0.7140625 0.028125 0.0796875
0 0.55703125 0.4390625 0.0859375 0.1296875
0 0.634375 0.396875 0.078125 0.1015625
0 0.85546875 0.29375 0.0234375 0.03125
0 0.7578125 0.325 0.025 0.046875
0 0.80078125 0.80703125 0.35 0.38125