1 0.16640625 0.9109375 0.29375 0.175
1 0.60546875 0.90546875 0.3046875 0.1859375
1 0.59140625 0.359375 0.1203125 0.1
1 0.90859375 0.91015625 0.18125 0.1765625
1 0.17578125 0.2390625 0.08125 0.0671875
1 0.3734375 0.2453125 0.090625 0.071875
1 0.30078125 0.2703125 0.1 0.075
1 0.68984375 0.2109375 0.10625 0.0703125
1 0.43046875 0.225 0.078125 0.065625
1 0.58203125 0.19140625 0.084375 0.065625
1 0.9734375 0.3234375 0.0515625 0.071875
1 0.28671875 0.19453125 0.053125 0.05625
1 0.55078125 0.2390625 0.1 0.0640625
1 0.54296875 0.28125 0.1109375 0.08125
1 0.6890625 0.06953125 0.0265625 0.0203125
1 0.1453125 0.12578125 0.0515625 0.0484375
1 0.96953125 0.2796875 0.059375 0.0640625
1 0.99296875 0.390625 0.0125 0.05625
1 0.99140625 0.1703125 0.015625 0.0328125
2 0.2 0.28671875 0.040625 0.0515625
2 0.12578125 0.18515625 0.03125 0.040625
2 0.20546875 0.16328125 0.021875 0.0453125
2 0.17265625 0.17578125 0.025 0.040625
3 0.59140625 0.665625 0.290625 0.265625
3 0.73828125 0.2765625 0.1609375 0.128125
0 0.04921875 0.2484375 0.0984375 0.2078125
0 0.36875 0.03203125 0.05 0.0640625
0 0.83828125 0.2515625 0.1375 0.15625