1 0.89921875 0.25546875 0.1125 0.0859375
1 0.97578125 0.19921875 0.046875 0.06875
1 0.4296875 0.34375 0.1390625 0.13125
1 0.66015625 0.2859375 0.11875 0.1015625
1 0.7703125 0.221875 0.096875 0.075
1 0.4671875 0.24375 0.10625 0.084375
1 0.30078125 0.31015625 0.125 0.1015625
1 0.871875 0.03046875 0.034375 0.0359375
1 0.51015625 0.1765625 0.103125 0.0609375
1 0.93125 0.153125 0.0859375 0.0796875
1 0.93515625 0.01171875 0.0359375 0.0234375
1 0.28828125 0.22578125 0.1015625 0.0703125
1 0.20859375 0.43203125 0.121875 0.1609375
1 0.62890625 0.20625 0.0703125 0.0609375
1 0.89375 0.10625 0.059375 0.0546875
1 0.90234375 0.0765625 0.040625 0.0359375
1 0.02734375 0.190625 0.0546875 0.0515625
1 0.81015625 0.1734375 0.0828125 0.0609375
1 0.99296875 0.05625 0.0125 0.025
2 0.09140625 0.36171875 0.05 0.071875
2 0.24609375 0.27890625 0.046875 0.05625
2 0.90078125 0.92890625 0.196875 0.1390625
2 0.45234375 0.2 0.0375 0.059375
3 0.59140625 0.625 0.2890625 0.265625
0 0.2734375 0.15546875 0.3390625 0.159375
0 0.71796875 0.10859375 0.2734375 0.13125