1 0.17109375 0.5890625 0.1078125 0.1703125
1 0.4109375 0.61015625 0.1 0.1875
1 0.73125 0.896875 0.203125 0.2015625
1 0.50703125 0.503125 0.0984375 0.1390625
1 0.96015625 0.590625 0.078125 0.1328125
1 0.5421875 0.403125 0.0828125 0.09375
1 0.16640625 0.36171875 0.053125 0.090625
1 0.6765625 0.33359375 0.0703125 0.075
1 0.96328125 0.49609375 0.071875 0.08125
1 0.5703125 0.30390625 0.05625 0.059375
1 0.42734375 0.3765625 0.0625 0.09375
1 0.3234375 0.31328125 0.046875 0.078125
1 0.53515625 0.25625 0.0390625 0.025
1 0.22734375 0.3390625 0.04375 0.078125
1 0.15859375 0.27421875 0.04375 0.0671875
1 0.1984375 0.4203125 0.0640625 0.134375
1 0.77109375 0.4109375 0.1046875 0.115625
1 0.61328125 0.28515625 0.05 0.0515625
1 0.40546875 0.31953125 0.0515625 0.06875
1 0.85390625 0.2546875 0.046875 0.0390625
2 0.08671875 0.30625 0.025 0.04375
3 0.53203125 0.203125 0.153125 0.109375
0 0.85 0.34140625 0.203125 0.190625
0 0.64375 0.23984375 0.078125 0.10625