1 0.965625 0.45703125 0.0671875 0.0484375
1 0.7875 0.96640625 0.13125 0.0640625
1 0.68984375 0.4484375 0.0359375 0.0453125
1 0.590625 0.6015625 0.0671875 0.09375
1 0.853125 0.63046875 0.14375 0.1171875
1 0.4328125 0.61953125 0.0578125 0.0875
1 0.5484375 0.81328125 0.09375 0.1671875
1 0.5734375 0.92421875 0.1203125 0.1484375
1 0.9203125 0.61328125 0.1125 0.096875
1 0.74140625 0.40078125 0.028125 0.0390625
1 0.83515625 0.4609375 0.0875 0.0453125
1 0.0171875 0.584375 0.034375 0.075
1 0.53046875 0.659375 0.06875 0.10625
1 0.0875 0.65546875 0.071875 0.1109375
1 0.0625 0.596875 0.0625 0.06875
1 0.22265625 0.66875 0.078125 0.10625
1 0.13828125 0.59453125 0.0609375 0.0703125
1 0.25546875 0.51328125 0.0484375 0.0453125
1 0.17734375 0.64921875 0.0828125 0.1015625
1 0.51015625 0.4265625 0.034375 0.0359375
1 0.53984375 0.73203125 0.08125 0.1359375
1 0.65234375 0.39609375 0.025 0.025
1 0.85859375 0.43671875 0.0796875 0.040625
0 0.31328125 0.7296875 0.196875 0.3640625