1 0.57734375 0.91640625 0.1171875 0.1640625
1 0.65859375 0.6484375 0.071875 0.1078125
1 0.58515625 0.51484375 0.04375 0.0625
1 0.67734375 0.84921875 0.140625 0.1796875
1 0.96796875 0.45703125 0.0625 0.0484375
1 0.73359375 0.4234375 0.034375 0.04375
1 0.80546875 0.978125 0.1265625 0.040625
1 0.55078125 0.61484375 0.0625 0.096875
1 0.925 0.61328125 0.1109375 0.096875
1 0.24921875 0.5140625 0.08125 0.05
1 0.67265625 0.4734375 0.0390625 0.0578125
1 0.05546875 0.54375 0.09375 0.0578125
1 0.8421875 0.45859375 0.0828125 0.04375
1 0.50234375 0.53671875 0.053125 0.0703125
1 0.27734375 0.58203125 0.0625 0.0578125
1 0.14453125 0.59296875 0.0625 0.0703125
1 0.86328125 0.4359375 0.08125 0.04375
1 0.01796875 0.584375 0.0359375 0.065625
1 0.09375 0.6515625 0.071875 0.1046875
1 0.5515625 0.7265625 0.08125 0.1359375
1 0.5984375 0.46015625 0.0390625 0.0609375
1 0.18203125 0.646875 0.0828125 0.1015625
1 0.42421875 0.56015625 0.05 0.071875
1 0.68515625 0.44140625 0.0359375 0.0546875
1 0.71328125 0.365625 0.015625 0.015625
1 0.5640625 0.43359375 0.03125 0.034375
1 0.0703125 0.59609375 0.059375 0.0671875
0 0.33359375 0.65703125 0.18125 0.2375
0 0.26796875 0.84375 0.26875 0.309375