1 0.04296875 0.92109375 0.0859375 0.1546875
1 0.86484375 0.91015625 0.2671875 0.1765625
1 0.34296875 0.9140625 0.296875 0.16875
1 0.70390625 0.21953125 0.103125 0.0765625
1 0.69140625 0.328125 0.125 0.1078125
1 0.44609375 0.25625 0.0984375 0.0765625
1 0.51015625 0.17421875 0.0890625 0.0671875
1 0.91796875 0.36796875 0.1421875 0.1171875
1 0.38828125 0.1390625 0.0515625 0.0484375
1 0.50546875 0.23671875 0.084375 0.0703125
1 0.17265625 0.21953125 0.059375 0.071875
1 0.97421875 0.31796875 0.05 0.071875
1 0.04453125 0.16171875 0.0890625 0.0796875
1 0.96953125 0.275 0.059375 0.0609375
1 0.9609375 0.14296875 0.05625 0.05625
1 0.3265625 0.2265625 0.09375 0.0796875
1 0.246875 0.14375 0.0421875 0.053125
1 0.38203125 0.209375 0.046875 0.059375
2 0.25 0.27578125 0.0421875 0.0484375
2 0.26484375 0.209375 0.03125 0.0484375
2 0.46328125 0.13515625 0.0296875 0.034375
2 0.87421875 0.11953125 0.03125 0.0359375
2 0.3609375 0.1703125 0.021875 0.0296875
3 0.58671875 0.6609375 0.28125 0.259375
0 0.0703125 0.2890625 0.140625 0.29375