1 0.940625 0.1359375 0.059375 0.05
1 0.0984375 0.56484375 0.196875 0.1703125
1 0.84921875 0.15390625 0.084375 0.0640625
1 0.825 0.04609375 0.03125 0.0328125
1 0.64375 0.165625 0.05625 0.0546875
1 0.76171875 0.15078125 0.075 0.05
1 0.88671875 0.084375 0.0375 0.04375
2 0.15078125 0.15625 0.0171875 0.04375
2 0.63984375 0.38359375 0.04375 0.075
2 0.9359375 0.19296875 0.025 0.040625
2 0.96796875 0.33984375 0.046875 0.0578125
2 0.65703125 0.234375 0.0390625 0.046875
2 0.69609375 0.21328125 0.034375 0.040625
2 0.96640625 0.371875 0.046875 0.034375
2 0.75546875 0.22578125 0.04375 0.0484375
2 0.46171875 0.40390625 0.0328125 0.0703125
2 0.03046875 0.1484375 0.01875 0.0375
3 0.58671875 0.6546875 0.284375 0.265625
0 0.41796875 0.24375 0.38125 0.209375
0 0.09375 0.321875 0.1875 0.21875
0 0.228125 0.06796875 0.096875 0.10625