1 0.52109375 0.746875 0.23125 0.184375
1 0.16953125 0.76171875 0.19375 0.1796875
1 0.246875 0.28671875 0.090625 0.078125
1 0.0453125 0.27421875 0.078125 0.05625
1 0.71484375 0.5296875 0.0828125 0.159375
1 0.7515625 0.27109375 0.059375 0.090625
1 0.3921875 0.2265625 0.0796875 0.065625
1 0.71171875 0.378125 0.071875 0.1109375
1 0.98515625 0.46640625 0.028125 0.0484375
1 0.16171875 0.18828125 0.053125 0.0453125
1 0.78359375 0.2234375 0.046875 0.06875
1 0.65390625 0.171875 0.0734375 0.05625
1 0.7359375 0.06875 0.0203125 0.021875
1 0.51328125 0.16640625 0.0625 0.0453125
1 0.84453125 0.1796875 0.065625 0.05625
1 0.85546875 0.146875 0.0703125 0.0390625
1 0.70703125 0.08984375 0.028125 0.0390625
1 0.93203125 0.16015625 0.0625 0.046875
1 0.71875 0.9203125 0.28125 0.15625
1 0.21484375 0.16328125 0.0484375 0.0328125
1 0.871875 0.628125 0.1625 0.221875
1 0.66796875 0.25625 0.075 0.10625
1 0.3515625 0.20390625 0.075 0.0484375
1 0.96484375 0.4140625 0.04375 0.065625
1 0.4625 0.16015625 0.059375 0.05
1 0.99140625 0.69375 0.015625 0.1140625