1 0.62109375 0.9234375 0.1328125 0.15
1 0.97265625 0.4203125 0.053125 0.0453125
1 0.36875 0.6640625 0.090625 0.125
1 0.51015625 0.65625 0.0734375 0.125
1 0.521875 0.50625 0.0546875 0.075
1 0.3546875 0.53671875 0.053125 0.075
1 0.4203125 0.61015625 0.065625 0.1015625
1 0.10078125 0.60625 0.0703125 0.109375
1 0.8640625 0.59375 0.146875 0.1171875
1 0.52265625 0.384375 0.03125 0.0359375
1 0.93828125 0.578125 0.1015625 0.096875
1 0.41484375 0.48203125 0.0546875 0.065625
1 0.46328125 0.4765625 0.05625 0.06875
1 0.2875 0.946875 0.253125 0.1015625
1 0.10859375 0.48828125 0.084375 0.0546875
1 0.8484375 0.4234375 0.0890625 0.046875
1 0.15390625 0.546875 0.065625 0.071875
1 0.87265625 0.4 0.08125 0.040625
0 0.60078125 0.39921875 0.075 0.109375
0 0.86796875 0.28671875 0.025 0.0328125
0 0.66640625 0.634375 0.153125 0.346875
0 0.66953125 0.365625 0.0546875 0.0796875
1 0.61015625 0.48828125 0.0390625 0.078125
1 0.734375 0.39609375 0.034375 0.0390625
1 0.6828125 0.3984375 0.0359375 0.04375
1 0.7609375 0.3625 0.028125 0.0296875
1 0.7390625 0.359375 0.0234375 0.0296875
1 0.78515625 0.3453125 0.0140625 0.025
1 0.759375 0.3375 0.01875 0.021875
0 0.759375 0.31015625 0.0203125 0.0390625
1 0.1953125 0.60546875 0.0875 0.09375
1 0.19296875 0.55078125 0.046875 0.0359375