1 0.2890625 0.31640625 0.0640625 0.0671875
1 0.72890625 0.3859375 0.125 0.0984375
1 0.246875 0.9046875 0.309375 0.1875
1 0.85859375 0.73046875 0.28125 0.265625
1 0.20390625 0.21875 0.034375 0.0375
1 0.3578125 0.253125 0.0515625 0.05
1 0.50234375 0.29296875 0.0734375 0.0671875
1 0.15390625 0.2546875 0.04375 0.046875
1 0.08671875 0.24296875 0.034375 0.040625
1 0.72734375 0.29453125 0.0890625 0.0546875
1 0.04453125 0.21796875 0.028125 0.0359375
1 0.91640625 0.34453125 0.096875 0.0671875
1 0.98359375 0.36953125 0.03125 0.05
1 0.0875 0.18359375 0.0140625 0.021875
1 0.1 0.196875 0.021875 0.025
1 0.01640625 0.9390625 0.0328125 0.115625
1 0.809375 0.3140625 0.090625 0.06875