1 0.94140625 0.27578125 0.103125 0.0890625
1 0.8125 0.2515625 0.1046875 0.075
1 0.69609375 0.33046875 0.125 0.10625
1 0.48203125 0.3859375 0.1390625 0.1203125
1 0.028125 0.23671875 0.05625 0.0640625
1 0.09453125 0.53828125 0.18125 0.1609375
1 0.07734375 0.203125 0.096875 0.0546875
1 0.61484375 0.23984375 0.1140625 0.06875
1 0.22890625 0.39453125 0.140625 0.115625
1 0.44921875 0.20703125 0.0953125 0.05625
1 0.56875 0.14453125 0.0546875 0.05625
1 0.60859375 0.2890625 0.1171875 0.09375
1 0.28671875 0.2046875 0.1 0.065625
1 0.48671875 0.16953125 0.0859375 0.0546875
1 0.43828125 0.340625 0.13125 0.1046875
1 0.4078125 0.26484375 0.1140625 0.1109375
1 0.24921875 0.18125 0.0875 0.0671875
1 0.41640625 0.15859375 0.0765625 0.0609375
1 0.71171875 0.16953125 0.06875 0.0546875
1 0.84140625 0.04453125 0.034375 0.0375
1 0.00546875 0.32265625 0.0109375 0.0546875
1 0.22109375 0.33984375 0.153125 0.090625
2 0.23828125 0.85546875 0.1 0.1296875
2 0.51640625 0.23359375 0.040625 0.0515625
2 0.0703125 0.94609375 0.1390625 0.1046875
2 0.63984375 0.19140625 0.03125 0.0359375
2 0.1625 0.33984375 0.04375 0.065625
2 0.7109375 0.18671875 0.03125 0.040625
3 0.59140625 0.64375 0.290625 0.2609375
0 0.72734375 0.12578125 0.26875 0.1296875
0 0.253125 0.0453125 0.09375 0.090625
0 0.946875 0.16015625 0.1046875 0.1390625
0 0.93984375 0.040625 0.1109375 0.08125