1 0.90625 0.43671875 0.1609375 0.1
1 0.15546875 0.35859375 0.125 0.0765625
1 0.5578125 0.934375 0.334375 0.128125
1 0.4640625 0.27109375 0.0765625 0.0546875
1 0.31015625 0.27109375 0.0859375 0.0640625
1 0.02265625 0.45078125 0.0453125 0.084375
1 0.13359375 0.30859375 0.096875 0.065625
1 0.82421875 0.1953125 0.0546875 0.0359375
1 0.88984375 0.18671875 0.053125 0.021875
1 0.0140625 0.24921875 0.028125 0.03125
1 0.06328125 0.30078125 0.0765625 0.0546875
2 0.96875 0.23203125 0.0171875 0.028125
2 0.4 0.25703125 0.0296875 0.0375
2 0.0796875 0.1890625 0.0203125 0.021875
0 0.66640625 0.27890625 0.3375 0.1390625