1 0.76015625 0.31484375 0.121875 0.1
1 0.87265625 0.24296875 0.103125 0.0703125
1 0.96796875 0.26640625 0.0625 0.0859375
1 0.571875 0.3546875 0.1296875 0.109375
1 0.39375 0.221875 0.0984375 0.0703125
1 0.2203125 0.47421875 0.1640625 0.1453125
1 0.4921875 0.325 0.1265625 0.0984375
1 0.30078125 0.3140625 0.11875 0.084375
1 0.6625 0.275 0.1125 0.0875
1 0.67265625 0.2296875 0.109375 0.0703125
1 0.4265625 0.171875 0.0890625 0.05625
1 0.52734375 0.146875 0.04375 0.0546875
1 0.28671875 0.3640625 0.125 0.0984375
1 0.02890625 0.20703125 0.0578125 0.0515625
1 0.046875 0.41875 0.09375 0.11875
1 0.70390625 0.1734375 0.0890625 0.0578125
1 0.86171875 0.059375 0.04375 0.040625
1 0.23046875 0.209375 0.1 0.0640625
1 0.184375 0.1859375 0.084375 0.06875
1 0.36015625 0.16171875 0.078125 0.0609375
2 0.0234375 0.9 0.046875 0.0890625
2 0.33359375 0.878125 0.1015625 0.0890625
2 0.16484375 0.94609375 0.1390625 0.1046875
2 0.62265625 0.1984375 0.034375 0.0375
2 0.58046875 0.225 0.040625 0.046875
2 0.21015625 0.31640625 0.04375 0.05625
2 0.70078125 0.184375 0.0328125 0.04375
2 0.89140625 0.15390625 0.028125 0.0375
3 0.590625 0.64375 0.2890625 0.2609375
0 0.68515625 0.12890625 0.278125 0.128125
0 0.25390625 0.0453125 0.0875 0.090625
0 0.95390625 0.0484375 0.090625 0.08125
0 0.9625 0.15703125 0.0734375 0.134375