1 0.2328125 0.78515625 0.2375 0.18125
1 0.73203125 0.809375 0.25 0.2046875
1 0.1046875 0.2640625 0.0875 0.0546875
1 0.75703125 0.55390625 0.121875 0.1890625
1 0.97578125 0.709375 0.046875 0.1859375
1 0.63671875 0.1734375 0.075 0.05
1 0.98359375 0.428125 0.03125 0.0484375
1 0.16015625 0.19140625 0.05 0.046875
1 0.753125 0.30703125 0.059375 0.0890625
1 0.903125 0.16953125 0.078125 0.05
1 0.46015625 0.1796875 0.0515625 0.0515625
1 0.79140625 0.24296875 0.05625 0.078125
1 0.96015625 0.45625 0.05625 0.065625
1 0.203125 0.2296875 0.0546875 0.0484375
1 0.66796875 0.25859375 0.075 0.10625
1 0.8921875 0.14921875 0.0703125 0.04375
1 0.54921875 0.16015625 0.059375 0.04375
1 0.21640625 0.165625 0.05 0.0359375
1 0.71640625 0.4 0.0625 0.1328125
1 0.81171875 0.19609375 0.05625 0.059375
0 0.33359375 0.21484375 0.215625 0.1515625
0 0.14140625 0.109375 0.109375 0.05625
0 0.3390625 0.30859375 0.209375 0.1390625