1 0.08046875 0.7765625 0.1609375 0.2421875
1 0.70703125 0.740625 0.240625 0.1890625
1 0.34140625 0.4796875 0.115625 0.1265625
1 0.103125 0.44921875 0.1375 0.0984375
1 0.45703125 0.4765625 0.109375 0.128125
1 0.97109375 0.7796875 0.05625 0.1671875
1 0.35234375 0.33203125 0.090625 0.0765625
1 0.42890625 0.28828125 0.065625 0.065625
1 0.88359375 0.64453125 0.16875 0.175
1 0.57578125 0.46484375 0.1 0.1265625
1 0.23828125 0.4390625 0.115625 0.0953125
1 0.153125 0.2046875 0.05625 0.0390625
1 0.86171875 0.22890625 0.05 0.05
1 0.91796875 0.18125 0.0578125 0.0375
1 0.67421875 0.346875 0.0671875 0.084375
1 0.23828125 0.38125 0.1109375 0.0703125
1 0.8140625 0.9734375 0.24375 0.05
1 0.6859375 0.1734375 0.05625 0.04375
1 0.53515625 0.328125 0.0828125 0.08125
1 0.790625 0.18046875 0.0546875 0.0390625
1 0.34453125 0.2015625 0.06875 0.0453125
1 0.9828125 0.16953125 0.0328125 0.0390625
1 0.56171875 0.38828125 0.084375 0.0984375
1 0.7515625 0.2953125 0.059375 0.071875
1 0.25390625 0.19609375 0.059375 0.040625
1 0.79765625 0.25703125 0.0578125 0.0625
1 0.6375 0.315625 0.0671875 0.0796875
1 0.77734375 0.234375 0.05 0.05
1 0.6328125 0.21953125 0.046875 0.04375
1 0.8296875 0.2 0.059375 0.0515625
1 0.621875 0.16796875 0.03125 0.0390625
1 0.4 0.1859375 0.05 0.0390625
1 0.209375 0.17421875 0.05 0.0375
1 0.96640625 0.23359375 0.040625 0.0546875
1 0.628125 0.26640625 0.0671875 0.0671875
1 0.9703125 0.2109375 0.0578125 0.0453125
1 0.5265625 0.271875 0.0625 0.075
0 0.82109375 0.134375 0.18125 0.075
0 0.36796875 0.15625 0.1421875 0.084375
0 0.11015625 0.17109375 0.15 0.0765625
0 0.54375 0.203125 0.1359375 0.128125
0 0.7078125 0.2453125 0.09375 0.1140625
0 0.4984375 0.146875 0.103125 0.0765625
0 0.6 0.13515625 0.075 0.0515625
1 0.58125 0.240625 0.0640625 0.0734375
1 0.26953125 0.15546875 0.04375 0.0375