1 0.1359375 0.871875 0.184375 0.2515625
1 0.32265625 0.58125 0.121875 0.2
1 0.44375 0.39375 0.090625 0.165625
1 0.21171875 0.27421875 0.0984375 0.0890625
1 0.0484375 0.20625 0.040625 0.065625
1 0.9609375 0.19453125 0.0765625 0.0671875
1 0.4984375 0.13125 0.034375 0.05625
1 0.90390625 0.23671875 0.040625 0.0671875
1 0.3078125 0.2234375 0.0453125 0.071875
1 0.98046875 0.24375 0.0375 0.090625
1 0.4140625 0.128125 0.0328125 0.0515625
2 0.03984375 0.32421875 0.0359375 0.078125
0 0.91484375 0.5265625 0.16875 0.5359375
0 0.36953125 0.2 0.08125 0.184375