1 0.06953125 0.24140625 0.0640625 0.09375
1 0.4875 0.36796875 0.084375 0.1578125
1 0.52265625 0.63671875 0.121875 0.2671875
1 0.5921875 0.26015625 0.075 0.1140625
1 0.9625 0.2796875 0.0734375 0.1296875
1 0.49140625 0.91015625 0.1828125 0.1765625
1 0.35 0.06328125 0.040625 0.0546875
1 0.975 0.04140625 0.0484375 0.0546875
1 0.6078125 0.04921875 0.04375 0.0609375
1 0.78203125 0.05703125 0.0640625 0.05625
1 0.5234375 0.0734375 0.04375 0.06875
1 0.46171875 0.0796875 0.0578125 0.08125
1 0.87578125 0.1046875 0.04375 0.065625
1 0.60078125 0.10859375 0.05 0.071875
1 0.54921875 0.0390625 0.0359375 0.0515625
1 0.4578125 0.01640625 0.034375 0.0328125
1 0.54921875 0.01015625 0.028125 0.0203125
1 0.50546875 0.00390625 0.0296875 0.0078125
1 0.0078125 0.496875 0.015625 0.0984375
1 0.00625 0.2359375 0.0125 0.046875
1 0.6828125 0.00625 0.021875 0.0125
0 0.78671875 0.2890625 0.2859375 0.5109375
0 0.18359375 0.18359375 0.159375 0.2375
0 0.21015625 0.4765625 0.33125 0.70625