1 0.4046875 0.596875 0.140625 0.184375
1 0.809375 0.740625 0.284375 0.3375
1 0.89296875 0.37109375 0.1421875 0.1140625
1 0.57890625 0.575 0.159375 0.1796875
1 0.95703125 0.70859375 0.084375 0.1578125
1 0.7609375 0.44453125 0.15625 0.115625
1 0.42265625 0.45859375 0.1140625 0.13125
1 0.61640625 0.3796875 0.121875 0.1078125
1 0.68984375 0.29375 0.1046875 0.1015625
1 0.63515625 0.49609375 0.1671875 0.1484375
1 0.63125 0.15390625 0.0375 0.0328125
1 0.44765625 0.21484375 0.0640625 0.05625
1 0.50546875 0.3203125 0.0765625 0.1078125
1 0.98671875 0.259375 0.025 0.0328125
1 0.98359375 0.0734375 0.03125 0.025
1 0.55 0.24375 0.0859375 0.084375
1 0.86171875 0.06796875 0.04375 0.0203125
1 0.346875 0.39609375 0.078125 0.103125
1 0.7125 0.2109375 0.06875 0.0453125
1 0.77109375 0.190625 0.04375 0.0453125
1 0.93515625 0.07421875 0.0625 0.01875
1 0.81953125 0.56796875 0.1765625 0.2203125
1 0.94296875 0.54453125 0.1125 0.178125
1 0.7421875 0.20078125 0.040625 0.0390625
1 0.0125 0.4109375 0.025 0.0625
1 0.2875 0.33671875 0.078125 0.1
0 0.3859375 0.2984375 0.1875 0.2109375
0 0.425 0.04375 0.0609375 0.03125