1 0.09296875 0.91328125 0.1859375 0.1703125
1 0.465625 0.28515625 0.1109375 0.08125
1 0.56484375 0.90625 0.303125 0.184375
1 0.68984375 0.2203125 0.10625 0.0859375
1 0.88828125 0.91015625 0.221875 0.1765625
1 0.5828125 0.19453125 0.0828125 0.0671875
1 0.97421875 0.325 0.05 0.071875
1 0.04296875 0.2140625 0.08125 0.0578125
1 0.97109375 0.1765625 0.05625 0.05625
1 0.03671875 0.18984375 0.0734375 0.04375
1 0.18359375 0.2484375 0.0953125 0.0703125
1 0.884375 0.1 0.04375 0.040625
1 0.96953125 0.28203125 0.059375 0.0609375
1 0.95703125 0.14140625 0.053125 0.0390625
1 0.4875 0.06796875 0.021875 0.025
1 0.1953125 0.2140625 0.0875 0.05
1 0.009375 0.234375 0.01875 0.046875
2 0.03515625 0.2703125 0.034375 0.0484375
3 0.36875 0.20078125 0.115625 0.090625
3 0.5890625 0.66875 0.284375 0.2640625
0 0.96015625 0.08046875 0.078125 0.0953125
0 0.3640625 0.03359375 0.065625 0.0671875
0 0.8375 0.2546875 0.140625 0.1578125