1 0.55234375 0.42890625 0.1640625 0.15
1 0.40390625 0.48984375 0.15625 0.1609375
1 0.27265625 0.33828125 0.10625 0.1015625
1 0.31953125 0.24375 0.075 0.0765625
1 0.1375 0.36015625 0.0890625 0.0984375
1 0.85859375 0.04140625 0.0953125 0.05
1 0.97578125 0.05078125 0.046875 0.090625
1 0.9796875 0.38671875 0.0390625 0.115625
1 0.8390625 0.153125 0.10625 0.090625
1 0.69765625 0.128125 0.1 0.0515625
1 0.596875 0.13125 0.0703125 0.0453125
1 0.22421875 0.22109375 0.065625 0.0609375
1 0.88046875 0.19609375 0.028125 0.08125
3 0.91015625 0.61875 0.178125 0.415625
0 0.6421875 0.26015625 0.353125 0.2390625
0 0.35234375 0.175 0.2015625 0.146875
0 0.1515625 0.26953125 0.1828125 0.1765625
0 0.040625 0.28515625 0.08125 0.1671875
0 0.94140625 0.23046875 0.115625 0.2390625
0 0.234375 0.10078125 0.125 0.065625
0 0.16796875 0.1546875 0.165625 0.0984375
0 0.7703125 0.4796875 0.16875 0.2109375