1 0.27890625 0.5734375 0.1640625 0.1796875
1 0.97421875 0.6015625 0.05 0.1703125
1 0.83828125 0.86796875 0.321875 0.2609375
1 0.26953125 0.34375 0.1078125 0.1015625
1 0.28671875 0.24453125 0.078125 0.075
1 0.55 0.43125 0.1671875 0.1484375
1 0.853125 0.04375 0.096875 0.05
1 0.0234375 0.39140625 0.046875 0.10625
1 0.60703125 0.3609375 0.1421875 0.1296875
1 0.58828125 0.171875 0.096875 0.0703125
1 0.6828125 0.09453125 0.0828125 0.059375
1 0.43515625 0.2484375 0.1078125 0.0671875
1 0.83671875 0.1109375 0.1078125 0.05625
1 0.1890625 0.18828125 0.05625 0.04375
1 0.71171875 0.18359375 0.096875 0.08125
1 0.83828125 0.41171875 0.221875 0.1984375
1 0.1046875 0.178125 0.0375 0.0484375
1 0.45234375 0.309375 0.134375 0.115625
1 0.05078125 0.284375 0.0390625 0.06875
1 0.3109375 0.1515625 0.0625 0.05625
1 0.02265625 0.27109375 0.0453125 0.0640625
1 0.58984375 0.13203125 0.0890625 0.0578125
2 0.296875 0.93515625 0.06875 0.1265625
3 0.86015625 0.23984375 0.21875 0.228125
0 0.4390625 0.128125 0.196875 0.134375
0 0.52109375 0.05390625 0.20625 0.096875
0 0.14765625 0.28125 0.184375 0.1671875
0 0.18046875 0.071875 0.0765625 0.0640625
0 0.7390625 0.03203125 0.08125 0.0640625