1 0.9625 0.2703125 0.0734375 0.0859375
1 0.7453125 0.31953125 0.125 0.1015625
1 0.85703125 0.2453125 0.1046875 0.071875
1 0.5515625 0.36171875 0.13125 0.1140625
1 0.4796875 0.3296875 0.1265625 0.1
1 0.03828125 0.20625 0.0765625 0.0546875
1 0.65078125 0.2796875 0.1140625 0.0890625
1 0.24453125 0.21015625 0.0984375 0.065625
1 0.28359375 0.31953125 0.121875 0.0859375
1 0.65859375 0.23359375 0.1125 0.0703125
1 0.40625 0.2203125 0.09375 0.0703125
1 0.53828125 0.146875 0.046875 0.0546875
1 0.271875 0.3734375 0.1265625 0.10625
1 0.440625 0.1734375 0.0875 0.0546875
1 0.18984375 0.48984375 0.1671875 0.15
1 0.85703125 0.05546875 0.0390625 0.0375
1 0.7078125 0.17421875 0.0890625 0.059375
1 0.37578125 0.16171875 0.08125 0.0609375
1 0.19765625 0.1859375 0.08125 0.06875
1 0.03828125 0.4125 0.0765625 0.09375
1 0.8984375 0.08984375 0.0515625 0.04375
1 0.89609375 0.015625 0.028125 0.03125
1 0.00703125 0.23984375 0.0140625 0.0359375
2 0.56484375 0.228125 0.040625 0.0484375
2 0.30078125 0.85546875 0.11875 0.134375
2 0.628125 0.19609375 0.034375 0.0375
2 0.0125 0.89921875 0.025 0.084375
2 0.13984375 0.946875 0.1390625 0.1015625
2 0.19765625 0.321875 0.04375 0.0546875
3 0.59296875 0.64453125 0.29375 0.2640625
0 0.696875 0.12890625 0.275 0.128125
0 0.2546875 0.0453125 0.09375 0.090625
0 0.95859375 0.159375 0.08125 0.134375
0 0.94765625 0.128125 0.103125 0.115625
0 0.95078125 0.04296875 0.096875 0.078125