1 0.13828125 0.69375 0.225 0.16875
1 0.09765625 0.26015625 0.0875 0.0546875
1 0.475 0.871875 0.259375 0.2515625
1 0.528125 0.72890625 0.2375 0.2015625
1 0.76484375 0.68671875 0.2375 0.18125
1 0.95234375 0.49140625 0.05 0.0546875
1 0.86640625 0.8796875 0.265625 0.2375
1 0.340625 0.24609375 0.0875 0.0640625
1 0.96953125 0.68984375 0.059375 0.125
1 0.528125 0.16328125 0.0609375 0.0453125
1 0.2640625 0.221875 0.075 0.0515625
1 0.16328125 0.1859375 0.0515625 0.046875
1 0.71953125 0.5140625 0.09375 0.1796875
1 0.9875 0.43359375 0.0234375 0.0453125
1 0.71640625 0.39375 0.075 0.10625
1 0.2046875 0.2234375 0.05625 0.05
1 0.90390625 0.16875 0.078125 0.0484375
1 0.29296875 0.19453125 0.065625 0.0453125
1 0.6703125 0.253125 0.075 0.1140625
1 0.66015625 0.12890625 0.059375 0.0390625
0 0.3109375 0.096875 0.09375 0.0609375
0 0.05546875 0.11484375 0.0578125 0.0515625
0 0.74140625 0.04375 0.0359375 0.0609375