1 0.59921875 0.18671875 0.034375 0.0375
1 0.42578125 0.75390625 0.18125 0.21875
1 0.68984375 0.36640625 0.0671875 0.0859375
1 0.63359375 0.2203125 0.0390625 0.0484375
1 0.7921875 0.23359375 0.0390625 0.0484375
1 0.39921875 0.3265625 0.078125 0.0859375
1 0.76953125 0.3953125 0.0625 0.09375
1 0.95703125 0.19453125 0.0296875 0.040625
1 0.7234375 0.19375 0.03125 0.0390625
1 0.71875 0.14375 0.025 0.03125
1 0.1203125 0.4609375 0.1265625 0.1109375
1 0.7625 0.15625 0.028125 0.03125
1 0.18984375 0.46484375 0.1140625 0.11875
1 0.9671875 0.103125 0.0140625 0.0203125
1 0.88046875 0.16328125 0.0265625 0.0328125
1 0.86484375 0.13515625 0.01875 0.0296875
1 0.30234375 0.4453125 0.121875 0.14375
1 0.47734375 0.04609375 0.0265625 0.015625
1 0.778125 0.128125 0.01875 0.0296875
0 0.403125 0.03125 0.103125 0.0625
0 0.04140625 0.0796875 0.0828125 0.090625
1 0.08515625 0.10390625 0.0640625 0.0390625