1 0.36953125 0.3859375 0.134375 0.125
1 0.97265625 0.278125 0.053125 0.0859375
1 0.53671875 0.39140625 0.146875 0.125
1 0.74921875 0.315625 0.1171875 0.090625
1 0.54765625 0.1296875 0.0828125 0.0453125
1 0.17109375 0.51796875 0.1875 0.165625
1 0.07578125 0.21953125 0.1015625 0.06875
1 0.0203125 0.21015625 0.040625 0.0546875
1 0.14453125 0.45078125 0.159375 0.1359375
1 0.81015625 0.24453125 0.08125 0.0859375
1 0.37109375 0.16875 0.084375 0.0453125
1 0.2390625 0.1890625 0.084375 0.0515625
1 0.62265625 0.13828125 0.05 0.046875
1 0.9328125 0.13203125 0.040625 0.05
1 0.3171875 0.20078125 0.065625 0.0578125
1 0.48515625 0.1484375 0.065625 0.034375
1 0.89375 0.01953125 0.028125 0.0359375
1 0.18515625 0.21796875 0.0984375 0.065625
2 0.096875 0.12421875 0.03125 0.0453125
3 0.5875 0.65078125 0.2875 0.265625
0 0.77734375 0.16875 0.278125 0.1546875
0 0.4828125 0.24296875 0.29375 0.2109375
0 0.97265625 0.13125 0.053125 0.1078125
0 0.946875 0.06328125 0.0796875 0.1078125