1 0.60859375 0.89140625 0.41875 0.2140625
1 0.04609375 0.25859375 0.0921875 0.0984375
1 0.17734375 0.2359375 0.1375 0.109375
1 0.66015625 0.3359375 0.1625 0.1203125
1 0.56796875 0.1609375 0.0859375 0.084375
1 0.5828125 0.084375 0.04375 0.046875
1 0.1578125 0.17890625 0.115625 0.084375
1 0.49765625 0.08828125 0.0484375 0.0609375
1 0.32265625 0.22109375 0.128125 0.071875
1 0.6359375 0.08046875 0.03125 0.04375
1 0.44609375 0.09375 0.05625 0.065625
2 0.84765625 0.1734375 0.021875 0.05
0 0.97734375 0.05703125 0.04375 0.059375
0 0.5390625 0.4640625 0.2578125 0.26875