1 0.609375 0.56875 0.096875 0.0703125
1 0.4609375 0.6890625 0.1078125 0.1046875
1 0.08046875 0.84609375 0.1609375 0.1515625
1 0.221875 0.78359375 0.14375 0.134375
1 0.9078125 0.53671875 0.06875 0.059375
1 0.23359375 0.90390625 0.1828125 0.1484375
1 0.83828125 0.8609375 0.140625 0.1640625
1 0.53125 0.628125 0.1 0.09375
1 0.29609375 0.553125 0.0984375 0.071875
1 0.16875 0.97109375 0.1703125 0.0546875
1 0.9515625 0.50546875 0.053125 0.05625
0 0.1578125 0.6859375 0.315625 0.23125
0 0.09375 0.56484375 0.1875 0.1515625