1 0.68046875 0.81796875 0.2671875 0.2203125
1 0.20390625 0.4140625 0.1625 0.0875
1 0.48203125 0.29609375 0.0890625 0.0546875
1 0.02109375 0.30390625 0.0421875 0.0546875
1 0.08515625 0.30859375 0.084375 0.0546875
1 0.32265625 0.29140625 0.0859375 0.0640625
1 0.8359375 0.2296875 0.05625 0.0375
1 0.18671875 0.3109375 0.09375 0.059375
1 0.98671875 0.265625 0.025 0.0359375
1 0.90234375 0.22421875 0.0546875 0.021875
1 0.20625 0.29453125 0.0734375 0.0484375
1 0.72578125 0.2140625 0.0390625 0.0359375
0 0.1828125 0.11640625 0.103125 0.15625