1 0.4859375 0.36953125 0.0828125 0.1578125
1 0.52265625 0.734375 0.134375 0.325
1 0.96171875 0.28046875 0.075 0.13125
1 0.61328125 0.33515625 0.0859375 0.140625
1 0.6671875 0.53671875 0.10625 0.19375
1 0.728125 0.35390625 0.1109375 0.15625
1 0.75703125 0.89375 0.203125 0.209375
1 0.8828125 0.746875 0.2328125 0.3609375
1 0.93828125 0.06328125 0.078125 0.059375
1 0.97890625 0.04140625 0.040625 0.05
1 0.73359375 0.01328125 0.034375 0.0265625
1 0.2375 0.04609375 0.0359375 0.0453125
1 0.2078125 0.06796875 0.0484375 0.0546875
1 0.4453125 0.021875 0.028125 0.04375
1 0.40234375 0.03515625 0.0296875 0.0515625
1 0.35546875 0.0453125 0.034375 0.05
1 0.2875 0.0453125 0.0359375 0.04375
1 0.68125 0.00703125 0.025 0.0140625
1 0.96015625 0.6140625 0.078125 0.23125
2 0.19609375 0.096875 0.025 0.06875
2 0.97421875 0.165625 0.028125 0.0546875
0 0.80625 0.2140625 0.2546875 0.365625