1 0.77890625 0.31171875 0.128125 0.09375
1 0.5171875 0.13515625 0.0875 0.05625
1 0.92890625 0.15390625 0.0859375 0.0671875
1 0.26015625 0.31484375 0.04375 0.0890625
1 0.28515625 0.13671875 0.08125 0.0515625
1 0.05703125 0.18671875 0.0921875 0.0640625
1 0.13671875 0.2046875 0.0984375 0.06875
1 0.75390625 0.1359375 0.0921875 0.053125
1 0.17890625 0.1734375 0.0875 0.065625
1 0.71796875 0.11171875 0.071875 0.05
1 0.97578125 0.16484375 0.046875 0.078125
2 0.6484375 0.0765625 0.0265625 0.03125
2 0.29453125 0.0890625 0.025 0.034375
2 0.75546875 0.06640625 0.0234375 0.0265625
2 0.32265625 0.56328125 0.075 0.075
2 0.3390625 0.94609375 0.1125 0.1046875
3 0.59296875 0.6203125 0.2875 0.2640625
3 0.03828125 0.28515625 0.0765625 0.1703125
0 0.49765625 0.34140625 0.4453125 0.2984375
0 0.5328125 0.078125 0.1953125 0.1046875
0 0.175 0.09609375 0.1984375 0.1109375
0 0.90859375 0.078125 0.18125 0.1078125