1 0.88828125 0.30546875 0.11875 0.09375
1 0.63046875 0.35 0.1296875 0.1046875
1 0.26484375 0.42578125 0.140625 0.134375
1 0.375 0.45859375 0.16875 0.146875
1 0.071875 0.5734375 0.14375 0.1640625
1 0.66640625 0.27421875 0.0890625 0.0859375
1 0.05703125 0.48515625 0.1140625 0.1046875
1 0.1296875 0.21328125 0.0953125 0.0671875
1 0.07109375 0.20078125 0.0875 0.065625
1 0.25546875 0.18515625 0.071875 0.0484375
1 0.86796875 0.13828125 0.05 0.05
2 0.98671875 0.46875 0.025 0.0640625
3 0.58984375 0.653125 0.290625 0.265625
0 0.38046875 0.26796875 0.3125 0.23125
0 0.68984375 0.18203125 0.3109375 0.165625
0 0.9484375 0.13671875 0.1015625 0.11875
0 0.25234375 0.05 0.090625 0.096875
0 0.92421875 0.0453125 0.1109375 0.090625