1 0.55390625 0.69296875 0.2265625 0.240625
1 0.44921875 0.2484375 0.1484375 0.09375
1 0.8609375 0.3234375 0.1953125 0.128125
1 0.56953125 0.13828125 0.075 0.065625
1 0.06640625 0.19140625 0.1328125 0.128125
1 0.9734375 0.10078125 0.0515625 0.071875
1 0.77109375 0.17421875 0.121875 0.078125
1 0.71875 0.13671875 0.0796875 0.075
1 0.66875 0.13203125 0.0625 0.0640625
1 0.21953125 0.17890625 0.059375 0.0546875
1 0.9359375 0.096875 0.046875 0.065625
1 0.19765625 0.0796875 0.090625 0.0453125
0 0.196875 0.11328125 0.09375 0.1078125