1 0.22578125 0.190625 0.0890625 0.0671875
1 0.42109375 0.18203125 0.0921875 0.065625
1 0.959375 0.25 0.0796875 0.078125
1 0.80859375 0.26015625 0.109375 0.084375
1 0.43203125 0.26328125 0.1203125 0.09375
1 0.5234375 0.209375 0.1015625 0.078125
1 0.97890625 0.071875 0.040625 0.040625
1 0.97890625 0.190625 0.040625 0.0515625
1 0.03828125 0.23125 0.0765625 0.0703125
1 0.0546875 0.20390625 0.08125 0.0484375
1 0.66328125 0.1359375 0.065625 0.0609375
1 0.9375 0.02890625 0.0375 0.03125
1 0.89765625 0.0140625 0.0265625 0.028125
2 0.85859375 0.81875 0.0921875 0.1
2 0.36015625 0.11484375 0.028125 0.0296875
2 0.89296875 0.06640625 0.0140625 0.0265625
3 0.58828125 0.6390625 0.2875 0.2640625
0 0.79609375 0.1296875 0.2109375 0.121875
0 0.2546875 0.04296875 0.084375 0.0859375