1 0.0796875 0.83125 0.146875 0.2296875
1 0.41796875 0.79609375 0.1 0.2109375
1 0.58828125 0.2359375 0.040625 0.0546875
1 0.40859375 0.3796875 0.0546875 0.08125
1 0.30234375 0.221875 0.0390625 0.0484375
1 0.36015625 0.184375 0.03125 0.0390625
1 0.26796875 0.1984375 0.03125 0.040625
1 0.46328125 0.14453125 0.0234375 0.0375
1 0.81953125 0.1859375 0.03125 0.0390625
1 0.46015625 0.2734375 0.0515625 0.084375
1 0.2375 0.25859375 0.0390625 0.0546875
1 0.53359375 0.084375 0.015625 0.025
1 0.20703125 0.29453125 0.059375 0.0890625
1 0.225 0.16328125 0.025 0.0375
1 0.99453125 0.25390625 0.009375 0.040625
3 0.7359375 0.34296875 0.1265625 0.1859375
0 0.40546875 0.09609375 0.040625 0.05625
1 0.3890625 0.1578125 0.0234375 0.028125
1 0.4125 0.1453125 0.0203125 0.021875
1 0.43046875 0.12890625 0.0171875 0.021875
1 0.39375 0.13125 0.01875 0.0234375
1 0.4421875 0.1125 0.015625 0.021875
1 0.45078125 0.1 0.01875 0.0203125
1 0.48359375 0.1015625 0.0140625 0.0234375
1 0.46875 0.090625 0.0140625 0.0265625