1 0.9625 0.23671875 0.0734375 0.08125
1 0.7265625 0.265625 0.115625 0.0953125
1 0.07578125 0.5265625 0.1515625 0.171875
1 0.440625 0.18828125 0.1109375 0.071875
1 0.86953125 0.20078125 0.0921875 0.071875
1 0.97734375 0.13671875 0.04375 0.078125
1 0.496875 0.315625 0.13125 0.125
1 0.37734375 0.27421875 0.11875 0.0890625
1 0.88984375 0.1546875 0.08125 0.05625
1 0.90078125 0.0453125 0.0375 0.0390625
1 0.19921875 0.240625 0.10625 0.075
1 0.54921875 0.21875 0.1 0.08125
1 0.9390625 0.009375 0.0375 0.01875
1 0.859375 0.11015625 0.0671875 0.0546875
1 0.31015625 0.38359375 0.115625 0.1453125
1 0.884375 0.0859375 0.0609375 0.04375
2 0.82265625 0.14296875 0.025 0.040625
2 0.33359375 0.24609375 0.040625 0.05625
2 0.19765625 0.315625 0.04375 0.071875
2 0.64296875 0.1765625 0.03125 0.0453125
2 0.21484375 0.078125 0.015625 0.040625
2 0.128125 0.296875 0.0640625 0.065625
2 0.36640625 0.225 0.034375 0.0359375
2 0.98515625 0.090625 0.01875 0.0296875
3 0.59140625 0.62109375 0.2875 0.2609375
0 0.20859375 0.15859375 0.340625 0.1609375
0 0.6546875 0.109375 0.284375 0.1375