1 0.77734375 0.73671875 0.225 0.2703125
1 0.12734375 0.42421875 0.153125 0.1703125
1 0.24609375 0.63515625 0.25 0.1921875
1 0.02890625 0.79609375 0.0578125 0.1375
1 0.55546875 0.71015625 0.2265625 0.2421875
1 0.44765625 0.621875 0.2265625 0.215625
1 0.1609375 0.85625 0.321875 0.2765625
1 0.29296875 0.89921875 0.35625 0.1984375
1 0.57109375 0.15546875 0.075 0.0640625
1 0.5109375 0.94296875 0.29375 0.1109375
1 0.71953125 0.15390625 0.075 0.0703125
1 0.66953125 0.146875 0.065625 0.071875
1 0.934375 0.146875 0.0625 0.0796875
1 0.63046875 0.134375 0.0484375 0.05
1 0.83203125 0.15859375 0.0640625 0.071875
1 0.80078125 0.14765625 0.0734375 0.0734375
1 0.8875 0.13203125 0.059375 0.075
1 0.93515625 0.1015625 0.0375 0.046875
1 0.97578125 0.11796875 0.0453125 0.0765625
1 0.921875 0.06015625 0.040625 0.046875
1 0.95625 0.06328125 0.0484375 0.059375