1 0.30546875 0.4734375 0.0921875 0.1546875
1 0.40234375 0.59296875 0.109375 0.1953125
1 0.41953125 0.33828125 0.071875 0.1140625
1 0.16640625 0.265625 0.1046875 0.084375
1 0.47890625 0.25 0.0578125 0.1046875
1 0.9609375 0.1984375 0.0765625 0.0671875
1 0.31171875 0.2234375 0.053125 0.0796875
1 0.41875 0.11328125 0.028125 0.0453125
1 0.98046875 0.25546875 0.0375 0.103125
1 0.0484375 0.209375 0.040625 0.0640625
2 0.78515625 0.14296875 0.0109375 0.025
2 0.08515625 0.26171875 0.0296875 0.0609375
2 0.86015625 0.22890625 0.0296875 0.05
0 0.915625 0.53125 0.1671875 0.5296875
0 0.3828125 0.17421875 0.071875 0.159375