1 0.51953125 0.24375 0.0625 0.0953125
1 0.63515625 0.41328125 0.0984375 0.1640625
1 0.70390625 0.2453125 0.0703125 0.1015625
1 0.015625 0.73046875 0.03125 0.1609375
1 0.86953125 0.16796875 0.0625 0.0765625
1 0.90234375 0.31328125 0.0890625 0.121875
1 0.97109375 0.9390625 0.05625 0.11875
1 0.64921875 0.08671875 0.034375 0.05625
1 0.61328125 0.15 0.046875 0.075
1 0.81875 0.06015625 0.040625 0.046875
1 0.04296875 0.49609375 0.0859375 0.1703125
1 0.965625 0.1703125 0.0671875 0.08125
1 0.9484375 0.221875 0.071875 0.09375
1 0.090625 0.4265625 0.0921875 0.1390625
1 0.1390625 0.3640625 0.0921875 0.125
1 0.61171875 0.2609375 0.0625 0.1375
1 0.78046875 0.14375 0.046875 0.065625
1 0.62890625 0.01796875 0.0234375 0.0359375
1 0.18828125 0.3109375 0.078125 0.1109375
2 0.83046875 0.48671875 0.040625 0.1265625
0 0.54453125 0.075 0.053125 0.1015625
1 0.596875 0.0609375 0.028125 0.05
1 0.78515625 0.09765625 0.040625 0.05
1 0.77265625 0.07421875 0.0375 0.04375
1 0.7765625 0.03359375 0.03125 0.040625
1 0.7234375 0.03515625 0.0265625 0.034375
1 0.75 0.015625 0.0265625 0.03125
1 0.234375 0.26328125 0.065625 0.090625
1 0.2546875 0.23125 0.046875 0.0796875
1 0.26328125 0.19609375 0.084375 0.0484375