1 0.46328125 0.47109375 0.1296875 0.13125
1 0.409375 0.30078125 0.065625 0.0578125
1 0.5375 0.31484375 0.0828125 0.0703125
1 0.19140625 0.325 0.0609375 0.06875
1 0.1859375 0.21484375 0.03125 0.0296875
1 0.12421875 0.246875 0.03125 0.04375
1 0.25 0.30390625 0.0625 0.078125
1 0.0984375 0.26328125 0.0375 0.0484375
1 0.88203125 0.528125 0.178125 0.1296875
1 0.71796875 0.30078125 0.0875 0.0578125
1 0.44453125 0.23671875 0.05 0.040625
1 0.0296875 0.2265625 0.025 0.03125
1 0.0453125 0.18671875 0.0140625 0.0140625
1 0.9015625 0.3515625 0.084375 0.0671875
1 0.92578125 0.49609375 0.146875 0.1109375
1 0.7984375 0.32109375 0.090625 0.06875