1 0.12421875 0.68984375 0.1890625 0.215625
1 0.66328125 0.23125 0.0390625 0.0484375
1 0.76015625 0.28359375 0.04375 0.059375
1 0.63359375 0.18125 0.03125 0.0328125
1 0.9765625 0.2390625 0.034375 0.0640625
1 0.78828125 0.40625 0.078125 0.0984375
1 0.92265625 0.2109375 0.028125 0.040625
1 0.7515625 0.18359375 0.028125 0.034375
1 0.590625 0.309375 0.059375 0.0671875
1 0.8375 0.1796875 0.028125 0.034375
1 0.471875 0.340625 0.078125 0.09375
1 0.8734375 0.13671875 0.01875 0.0265625
1 0.56328125 0.240625 0.05 0.059375
1 0.81171875 0.32421875 0.053125 0.075
1 0.88046875 0.18671875 0.0265625 0.0375
1 0.93671875 0.125 0.015625 0.0203125
1 0.86328125 0.2109375 0.03125 0.0515625
1 0.33515625 0.07109375 0.04375 0.0203125
1 0.5796875 0.2734375 0.05625 0.0546875
1 0.47890625 0.059375 0.0265625 0.0140625
1 0.08203125 0.10859375 0.0828125 0.0390625
0 0.70625 0.15859375 0.0625 0.090625
0 0.4046875 0.04140625 0.10625 0.0609375
0 0.040625 0.09296875 0.08125 0.0828125