1 0.26640625 0.5 0.178125 0.1484375
1 0.0296875 0.584375 0.059375 0.1203125
1 0.3453125 0.19375 0.075 0.05625
1 0.06171875 0.48046875 0.121875 0.1390625
1 0.7609375 0.16796875 0.0828125 0.065625
2 0.53671875 0.46640625 0.0515625 0.075
2 0.740625 0.425 0.0546875 0.0796875
2 0.87734375 0.20078125 0.021875 0.04375
3 0.5859375 0.65546875 0.2828125 0.2625
0 0.1546875 0.29921875 0.309375 0.225
0 0.54921875 0.21953125 0.3484375 0.19375
0 0.24453125 0.05859375 0.09375 0.0984375
0 0.02421875 0.38984375 0.0484375 0.2046875