1 0.91875 0.69921875 0.1609375 0.2015625
1 0.07109375 0.43203125 0.128125 0.0984375
1 0.74765625 0.56015625 0.121875 0.1953125
1 0.7546875 0.30859375 0.0625 0.10625
1 0.703125 0.415625 0.075 0.125
1 0.18359375 0.21875 0.0640625 0.05625
1 0.24375 0.36640625 0.0875 0.096875
1 0.3703125 0.15546875 0.05 0.0484375
1 0.30234375 0.17421875 0.0484375 0.0453125
1 0.4390625 0.196875 0.0578125 0.04375
1 0.97265625 0.38046875 0.053125 0.06875
1 0.6484375 0.10390625 0.034375 0.0359375
1 0.01953125 0.32421875 0.0390625 0.0546875
1 0.4328125 0.14609375 0.034375 0.040625
1 0.02421875 0.26796875 0.0484375 0.0546875
1 0.97109375 0.1359375 0.05625 0.04375
1 0.36484375 0.13125 0.0390625 0.040625
1 0.27578125 0.16484375 0.040625 0.040625
1 0.04765625 0.28515625 0.075 0.059375
1 0.6171875 0.10546875 0.0265625 0.034375
2 0.48203125 0.60625 0.040625 0.0796875
3 0.66328125 0.25078125 0.075 0.1203125
0 0.41484375 0.328125 0.2640625 0.3265625
0 0.70078125 0.0859375 0.0578125 0.0765625