1 0.91875 0.8859375 0.1609375 0.2234375
1 0.771875 0.90625 0.1671875 0.184375
1 0.17421875 0.3734375 0.11875 0.0765625
1 0.359375 0.4015625 0.1375 0.0890625
1 0.38515625 0.35078125 0.1109375 0.06875
1 0.62578125 0.20703125 0.0234375 0.034375
1 0.015625 0.38984375 0.03125 0.05
1 0.64765625 0.28046875 0.046875 0.06875
1 0.13046875 0.30625 0.0609375 0.0640625
1 0.18125 0.28359375 0.05 0.0546875
1 0.01171875 0.43046875 0.0234375 0.071875
2 0.05546875 0.66015625 0.08125 0.0984375
2 0.73828125 0.63828125 0.0796875 0.10625