1 0.7125 0.6890625 0.09375 0.140625
1 0.76953125 0.5046875 0.04375 0.0546875
1 0.60859375 0.47421875 0.0390625 0.05625
1 0.58359375 0.59453125 0.059375 0.10625
1 0.73828125 0.97109375 0.1203125 0.0546875
1 0.690625 0.4609375 0.0359375 0.0453125
1 0.43515625 0.34609375 0.0125 0.015625
2 0.1828125 0.5140625 0.034375 0.0609375
0 0.69921875 0.38828125 0.0609375 0.06875
0 0.95546875 0.55390625 0.0875 0.159375
0 0.75078125 0.42421875 0.046875 0.0859375
0 0.54296875 0.43046875 0.0546875 0.10625
0 0.47578125 0.54375 0.0953125 0.284375
0 0.878125 0.48828125 0.159375 0.146875
0 0.49375 0.41484375 0.05 0.1078125