1 0.83984375 0.6453125 0.1921875 0.20625
1 0.70078125 0.45703125 0.0734375 0.1484375
1 0.76796875 0.2859375 0.0578125 0.0875
1 0.80859375 0.21328125 0.046875 0.075
1 0.38515625 0.228125 0.0640625 0.0484375
1 0.30703125 0.18125 0.0515625 0.0484375
1 0.18828125 0.353125 0.1109375 0.09375
1 0.8625 0.1015625 0.0546875 0.034375
1 0.36953125 0.14296875 0.040625 0.040625
1 0.36796875 0.28125 0.078125 0.075
1 0.71796875 0.065625 0.0125 0.025
1 0.47734375 0.1390625 0.034375 0.0453125
1 0.97109375 0.1359375 0.05625 0.04375
2 0.57734375 0.3734375 0.021875 0.0578125
0 0.53828125 0.21796875 0.134375 0.16875
0 0.28203125 0.1484375 0.1609375 0.11875