1 0.828125 0.43125 0.15 0.115625
1 0.01640625 0.446875 0.0328125 0.090625
1 0.32421875 0.7140625 0.196875 0.2140625
1 0.0734375 0.28203125 0.053125 0.03125
1 0.50703125 0.42109375 0.128125 0.065625
1 0.18046875 0.253125 0.0609375 0.05
1 0.2109375 0.31640625 0.0765625 0.0671875
1 0.49453125 0.03203125 0.040625 0.015625
1 0.24453125 0.28671875 0.08125 0.075
1 0.11640625 0.42109375 0.1140625 0.1390625
1 0.0671875 0.71328125 0.134375 0.259375
0 0.56171875 0.65703125 0.2484375 0.2703125
0 0.3171875 0.021875 0.071875 0.04375