1 0.1640625 0.5359375 0.190625 0.15625
1 0.9015625 0.14609375 0.075 0.0515625
1 0.85703125 0.0703125 0.0375 0.040625
1 0.01953125 0.5109375 0.0390625 0.13125
1 0.90234375 0.10546875 0.028125 0.0375
2 0.48671875 0.43125 0.0359375 0.075
2 0.68125 0.403125 0.0515625 0.0765625
2 0.184375 0.1265625 0.0140625 0.04375
2 0.7609375 0.19609375 0.028125 0.0453125
2 0.78046875 0.22109375 0.0375 0.05625
2 0.98046875 0.33828125 0.0375 0.0609375
3 0.58671875 0.65390625 0.284375 0.2640625
0 0.11640625 0.3203125 0.2328125 0.240625
0 0.46875 0.23203125 0.3671875 0.20625
0 0.2390625 0.06015625 0.096875 0.10625