1 0.42265625 0.2734375 0.0890625 0.065625
1 0.4859375 0.25 0.071875 0.0515625
1 0.81953125 0.31171875 0.109375 0.0765625
1 0.31875 0.24921875 0.0875 0.0609375
1 0.83203125 0.171875 0.059375 0.0375
1 0.5953125 0.29609375 0.0890625 0.0671875
1 0.5484375 0.3203125 0.11875 0.075
1 0.8984375 0.16484375 0.053125 0.021875
1 0.31796875 0.28984375 0.075 0.0609375
1 0.27734375 0.3140625 0.109375 0.0765625
0 0.68984375 0.23671875 0.309375 0.121875
0 0.08359375 0.2796875 0.1640625 0.134375
0 0.93828125 0.24375 0.121875 0.1203125