1 0.321875 0.715625 0.11875 0.2171875
1 0.30078125 0.465625 0.075 0.0953125
1 0.41171875 0.34453125 0.0359375 0.0515625
1 0.97265625 0.51171875 0.053125 0.090625
1 0.44375 0.384375 0.04375 0.1015625
1 0.20859375 0.36015625 0.05 0.0578125
1 0.61953125 0.30546875 0.034375 0.0546875
1 0.45546875 0.27578125 0.021875 0.0328125
1 0.93828125 0.46171875 0.0875 0.0765625
1 0.56015625 0.26953125 0.01875 0.0390625
1 0.47265625 0.2109375 0.0140625 0.01875
1 0.26640625 0.3203125 0.0359375 0.0453125
1 0.24140625 0.33828125 0.040625 0.05
1 0.44609375 0.3046875 0.028125 0.0578125
1 0.11015625 0.428125 0.08125 0.096875
1 0.48984375 0.21328125 0.0125 0.021875
1 0.84765625 0.39609375 0.0546875 0.0546875
1 0.01015625 0.52421875 0.0203125 0.0703125
3 0.0859375 0.3984375 0.1 0.08125
0 0.5375 0.23203125 0.0234375 0.0546875
0 0.59296875 0.26015625 0.025 0.05