1 0.6296875 0.0796875 0.075 0.0453125
1 0.6765625 0.31171875 0.15625 0.1203125
1 0.878125 0.2 0.0875 0.0890625
1 0.86171875 0.0453125 0.090625 0.0546875
1 0.16875 0.37578125 0.090625 0.1078125
1 0.09765625 0.334375 0.08125 0.090625
1 0.5484375 0.3140625 0.1390625 0.0859375
1 0.90234375 0.11953125 0.10625 0.075
1 0.915625 0.446875 0.1671875 0.15625
1 0.43359375 0.06953125 0.0515625 0.04375
1 0.9796875 0.60859375 0.0390625 0.16875
1 0.95078125 0.290625 0.096875 0.09375
1 0.91171875 0.353125 0.175 0.125
1 0.33515625 0.04921875 0.0203125 0.028125
1 0.28203125 0.22578125 0.071875 0.0703125
1 0.96328125 0.17890625 0.071875 0.0765625
1 0.975 0.20859375 0.0484375 0.0796875
3 0.28828125 0.378125 0.1828125 0.2453125
0 0.684375 0.20625 0.328125 0.228125
0 0.67109375 0.56953125 0.59375 0.528125
0 0.14765625 0.259375 0.184375 0.1640625
0 0.03515625 0.278125 0.0703125 0.15
0 0.23203125 0.09296875 0.13125 0.0640625
0 0.33984375 0.16171875 0.2 0.13125
0 0.16640625 0.146875 0.1625 0.1015625
0 0.3859375 0.3359375 0.0953125 0.1015625
0 0.45234375 0.21953125 0.26875 0.184375