1 0.53671875 0.73515625 0.228125 0.2078125
1 0.23359375 0.67109375 0.2140625 0.1640625
1 0.09765625 0.25625 0.0875 0.0546875
1 0.17734375 0.81484375 0.2390625 0.215625
1 0.76484375 0.690625 0.2375 0.1953125
1 0.87421875 0.90625 0.25 0.184375
1 0.90390625 0.16171875 0.078125 0.05
1 0.96875 0.684375 0.0609375 0.125
1 0.16484375 0.18359375 0.053125 0.0453125
1 0.26328125 0.21875 0.075 0.0515625
1 0.43828125 0.2140625 0.0734375 0.0609375
1 0.19921875 0.2234375 0.0671875 0.0546875
1 0.71953125 0.509375 0.09375 0.18125
1 0.6328125 0.12109375 0.0578125 0.0359375
1 0.3484375 0.2 0.0765625 0.05625
1 0.52734375 0.159375 0.059375 0.0453125
1 0.67421875 0.109375 0.04375 0.034375
1 0.29296875 0.19296875 0.065625 0.0484375
1 0.7171875 0.3890625 0.071875 0.1109375
1 0.94453125 0.13203125 0.06875 0.0390625
1 0.66953125 0.24921875 0.075 0.1171875
1 0.9859375 0.15078125 0.0265625 0.03125
2 0.01484375 0.30859375 0.028125 0.03125
0 0.33203125 0.09375 0.096875 0.065625
0 0.7546875 0.0609375 0.084375 0.0671875
0 0.05859375 0.1109375 0.065625 0.0484375