1 0.96328125 0.58828125 0.071875 0.1203125
1 0.09921875 0.5015625 0.08125 0.1046875
1 0.603125 0.45390625 0.1296875 0.1078125
1 0.44765625 0.39921875 0.096875 0.0796875
1 0.1453125 0.43515625 0.078125 0.0890625
1 0.8328125 0.47109375 0.1578125 0.1203125
1 0.57109375 0.3859375 0.10625 0.071875
1 0.78671875 0.515625 0.1578125 0.13125
1 0.57421875 0.88671875 0.2609375 0.221875
1 0.4828125 0.28359375 0.0515625 0.0546875
1 0.66640625 0.23515625 0.034375 0.034375
1 0.3640625 0.175 0.03125 0.025
1 0.27890625 0.17578125 0.03125 0.0296875
1 0.4515625 0.1859375 0.0328125 0.028125
1 0.05390625 0.2453125 0.03125 0.04375
1 0.2359375 0.18203125 0.0265625 0.028125
1 0.54453125 0.20703125 0.046875 0.034375
2 0.41953125 0.2109375 0.0125 0.0265625
2 0.47734375 0.21953125 0.015625 0.025
2 0.56796875 0.22109375 0.015625 0.0359375
2 0.378125 0.20078125 0.01875 0.028125
2 0.5375 0.2296875 0.0203125 0.034375
2 0.43984375 0.203125 0.0125 0.028125
0 0.53125 0.653125 0.590625 0.55
0 0.071875 0.36328125 0.14375 0.1453125
0 0.29375 0.3234375 0.16875 0.1390625
0 0.38046875 0.3109375 0.1796875 0.134375