1 0.334375 0.4484375 0.1625 0.1
1 0.47734375 0.30390625 0.0875 0.0515625
1 0.0796875 0.31953125 0.084375 0.0546875
1 0.01796875 0.315625 0.0359375 0.05625
1 0.18359375 0.321875 0.09375 0.059375
1 0.07109375 0.5015625 0.06875 0.0859375
1 0.78203125 0.40546875 0.103125 0.09375
1 0.98671875 0.4203125 0.025 0.096875
1 0.31875 0.3 0.0859375 0.0625
1 0.72265625 0.2203125 0.015625 0.034375
1 0.83046875 0.234375 0.0546875 0.0359375
1 0.19609375 0.29609375 0.06875 0.0296875
1 0.76015625 0.28359375 0.059375 0.0453125
0 0.02578125 0.5140625 0.0515625 0.2359375