1 0.16640625 0.91328125 0.29375 0.1703125
1 0.90234375 0.909375 0.19375 0.178125
1 0.5953125 0.9046875 0.30625 0.1875
1 0.5828125 0.19140625 0.084375 0.065625
1 0.15390625 0.234375 0.0828125 0.065625
1 0.96484375 0.384375 0.06875 0.090625
1 0.68828125 0.21015625 0.10625 0.06875
1 0.5015625 0.3265625 0.109375 0.090625
1 0.35078125 0.23984375 0.090625 0.06875
1 0.26796875 0.26328125 0.096875 0.0703125
1 0.984375 0.16328125 0.0296875 0.0515625
1 0.40625 0.21953125 0.0734375 0.0640625
1 0.96953125 0.27890625 0.059375 0.0609375
1 0.9734375 0.31796875 0.0515625 0.0609375
1 0.12734375 0.1296875 0.05625 0.0515625
1 0.51171875 0.26953125 0.1078125 0.0765625
1 0.53359375 0.2390625 0.0984375 0.0703125
2 0.18984375 0.28671875 0.04375 0.0484375
2 0.153125 0.1734375 0.025 0.0359375
2 0.09921875 0.1859375 0.0359375 0.0359375
3 0.73203125 0.27578125 0.159375 0.1265625
3 0.59140625 0.66484375 0.2890625 0.2625
0 0.0421875 0.25390625 0.084375 0.196875
0 0.3671875 0.03359375 0.05625 0.0671875
0 0.83828125 0.2515625 0.1375 0.15625