1 0.684375 0.90546875 0.309375 0.1859375
1 0.95546875 0.925 0.0875 0.146875
1 0.82578125 0.24609375 0.1125 0.08125
1 0.6890625 0.20703125 0.10625 0.075
1 0.43046875 0.253125 0.096875 0.071875
1 0.47421875 0.2296875 0.090625 0.0671875
1 0.96953125 0.2734375 0.059375 0.0609375
1 0.98125 0.1203125 0.0359375 0.0484375
1 0.02890625 0.2046875 0.0578125 0.0578125
1 0.20703125 0.18203125 0.053125 0.065625
1 0.57421875 0.28828125 0.1125 0.090625
1 0.97265625 0.31640625 0.053125 0.075
1 0.03984375 0.9203125 0.0796875 0.153125
1 0.17578125 0.17109375 0.0484375 0.05625
1 0.37890625 0.20625 0.0546875 0.0609375
1 0.58671875 0.24296875 0.1046875 0.0703125
1 0.26796875 0.884375 0.29375 0.228125
2 0.2140625 0.28359375 0.04375 0.0484375
2 0.26640625 0.20546875 0.0296875 0.05625
2 0.4640625 0.134375 0.03125 0.03125
2 0.4640625 0.15546875 0.03125 0.025
3 0.58828125 0.659375 0.2859375 0.2625
3 0.7375 0.27109375 0.159375 0.128125
0 0.084375 0.290625 0.16875 0.278125
0 0.57734375 0.17578125 0.10625 0.1109375
0 0.12890625 0.1265625 0.125 0.10625