0 0.52109375 0.23671875 0.146875 0.1453125
1 0.2109375 0.428125 0.1140625 0.09375
1 0.0359375 0.50859375 0.071875 0.0859375
1 0.03359375 0.78046875 0.0671875 0.1484375
1 0.859375 0.41484375 0.115625 0.1046875
1 0.4703125 0.77890625 0.25625 0.171875
1 0.709375 0.19609375 0.06875 0.040625
1 0.55625 0.91484375 0.2546875 0.1671875
1 0.92578125 0.7359375 0.146875 0.153125
1 0.61015625 0.1859375 0.04375 0.04375
1 0.04921875 0.21953125 0.0640625 0.0359375
1 0.98359375 0.17578125 0.03125 0.0375
1 0.11796875 0.23046875 0.046875 0.0390625
1 0.9203125 0.89921875 0.1578125 0.1984375
1 0.97734375 0.91640625 0.04375 0.1640625
1 0.6953125 0.25390625 0.059375 0.05625
1 0.84765625 0.21875 0.0609375 0.0453125
1 0.21328125 0.2140625 0.053125 0.0390625
1 0.17890625 0.2109375 0.0546875 0.040625
1 0.95078125 0.23125 0.04375 0.05625
1 0.340625 0.21484375 0.0671875 0.040625
1 0.2546875 0.1859375 0.04375 0.0359375
1 0.6796875 0.3203125 0.08125 0.096875
1 0.30234375 0.2 0.0546875 0.0375
1 0.85390625 0.19453125 0.0640625 0.034375
1 0.76171875 0.2296875 0.059375 0.0484375
1 0.76484375 0.25625 0.0625 0.0546875
1 0.36875 0.1984375 0.0390625 0.040625
1 0.94453125 0.20703125 0.06875 0.040625
2 0.371875 0.52578125 0.0421875 0.0890625
2 0.44140625 0.38359375 0.0265625 0.0546875
2 0.74453125 0.30546875 0.021875 0.0453125
2 0.715625 0.309375 0.01875 0.0453125
0 0.83515625 0.1609375 0.1328125 0.0671875
1 0.62109375 0.271875 0.0609375 0.09375
0 0.36796875 0.1421875 0.0484375 0.071875
1 0.29453125 0.17265625 0.0234375 0.0296875
1 0.31484375 0.159375 0.0234375 0.0265625
1 0.39609375 0.16015625 0.021875 0.03125
1 0.4265625 0.15625 0.0265625 0.034375
1 0.45546875 0.15703125 0.025 0.0328125
1 0.48828125 0.15625 0.0234375 0.0375
1 0.92109375 0.18203125 0.0546875 0.0421875