1 0.809375 0.28203125 0.109375 0.090625
1 0.39140625 0.359375 0.134375 0.1078125
1 0.55078125 0.38125 0.15 0.121875
1 0.60703125 0.303125 0.1140625 0.084375
1 0.22109375 0.50703125 0.1609375 0.1640625
1 0.140625 0.45859375 0.15625 0.1359375
1 0.97578125 0.25 0.046875 0.0703125
1 0.12421875 0.409375 0.1578125 0.1265625
1 0.65078125 0.12578125 0.05 0.0265625
1 0.27578125 0.18515625 0.090625 0.0515625
1 0.20390625 0.2640625 0.1140625 0.0875
1 0.5359375 0.1765625 0.0828125 0.0609375
1 0.41953125 0.16171875 0.0875 0.046875
1 0.23125 0.215625 0.09375 0.05625
1 0.3625 0.2046875 0.0671875 0.065625
1 0.85 0.0546875 0.03125 0.0359375
1 0.071875 0.18671875 0.09375 0.0484375
1 0.44453125 0.2046875 0.109375 0.06875
1 0.5421875 0.14453125 0.075 0.0453125
1 0.93359375 0.03828125 0.0359375 0.03125
1 0.89375 0.02109375 0.028125 0.0359375
1 0.125 0.2046875 0.084375 0.05
1 0.07421875 0.23359375 0.1015625 0.0703125
2 0.18203125 0.09375 0.015625 0.0359375
2 0.2125 0.11875 0.0171875 0.05625
3 0.5890625 0.6515625 0.2890625 0.265625
0 0.68984375 0.2 0.25625 0.175
0 0.253125 0.05 0.0921875 0.096875
0 0.8734375 0.15 0.240625 0.134375