1 0.67265625 0.16640625 0.084375 0.05625
1 0.471875 0.9109375 0.2796875 0.175
1 0.32265625 0.09921875 0.03125 0.04375
1 0.9703125 0.13359375 0.0328125 0.0515625
1 0.1171875 0.20390625 0.059375 0.0640625
1 0.83671875 0.05390625 0.03125 0.0359375
1 0.78828125 0.15703125 0.078125 0.05625
1 0.91640625 0.128125 0.0359375 0.0484375
1 0.18828125 0.18984375 0.05625 0.05625
1 0.80390625 0.02421875 0.028125 0.0296875
1 0.871875 0.14921875 0.071875 0.05
1 0.9890625 0.09609375 0.0203125 0.034375
2 0.5015625 0.2109375 0.03125 0.0453125
2 0.37734375 0.3734375 0.046875 0.065625
2 0.6015625 0.22421875 0.028125 0.040625
2 0.43203125 0.2546875 0.01875 0.046875
2 0.82890625 0.2546875 0.028125 0.05
2 0.75078125 0.26484375 0.065625 0.059375
2 0.44765625 0.2203125 0.025 0.040625
2 0.68203125 0.26015625 0.0359375 0.05
2 0.82734375 0.19921875 0.028125 0.0359375
2 0.16796875 0.45390625 0.08125 0.075
3 0.58671875 0.65859375 0.284375 0.2609375
0 0.14609375 0.3171875 0.2921875 0.25
0 0.04140625 0.19375 0.0828125 0.13125