1 0.67734375 0.3140625 0.15625 0.1203125
1 0.86484375 0.04921875 0.090625 0.05
1 0.5546875 0.09921875 0.08125 0.046875
1 0.87890625 0.20390625 0.090625 0.0890625
1 0.0984375 0.33125 0.08125 0.09375
1 0.16953125 0.37578125 0.090625 0.1078125
1 0.96484375 0.61171875 0.06875 0.171875
1 0.9140625 0.365625 0.1703125 0.146875
1 0.8625 0.40078125 0.1953125 0.1140625
1 0.86484375 0.11640625 0.0984375 0.0703125
1 0.775 0.078125 0.0859375 0.0640625
1 0.9515625 0.29609375 0.0953125 0.096875
1 0.9640625 0.18359375 0.0703125 0.078125
1 0.47109375 0.29921875 0.121875 0.071875
1 0.33671875 0.05078125 0.01875 0.025
1 0.97578125 0.21171875 0.046875 0.0796875
1 0.30546875 0.271875 0.090625 0.08125
1 0.28203125 0.22421875 0.06875 0.0671875
3 0.28828125 0.378125 0.18125 0.2484375
0 0.68671875 0.20859375 0.328125 0.228125
0 0.671875 0.575 0.59375 0.525
0 0.453125 0.225 0.271875 0.190625
0 0.15078125 0.259375 0.178125 0.165625
0 0.03671875 0.27890625 0.0734375 0.15
0 0.165625 0.146875 0.1625 0.0984375
0 0.3421875 0.16171875 0.2 0.1359375
0 0.2359375 0.09453125 0.125 0.0640625
0 0.38671875 0.33671875 0.0953125 0.1046875