1 0.95234375 0.28984375 0.09375 0.0765625
1 0.18359375 0.29375 0.0484375 0.05
1 0.67109375 0.40078125 0.121875 0.0875
1 0.43203125 0.42421875 0.1046875 0.096875
1 0.859375 0.24453125 0.09375 0.05625
1 0.57734375 0.2265625 0.0703125 0.046875
1 0.46640625 0.19375 0.05 0.0359375
1 0.67421875 0.45859375 0.1375 0.1140625
1 0.53828125 0.3609375 0.1015625 0.08125
1 0.07734375 0.43046875 0.0796875 0.1140625
1 0.36953125 0.1609375 0.03125 0.025
1 0.49921875 0.396875 0.1015625 0.090625
1 0.08984375 0.1765625 0.0203125 0.0203125
1 0.45546875 0.1703125 0.0375 0.0296875
1 0.28359375 0.16328125 0.03125 0.0296875
1 0.04140625 0.171875 0.0171875 0.01875
1 0.55 0.1890625 0.05 0.034375
1 0.9046875 0.51796875 0.1625 0.1171875
2 0.51484375 0.94921875 0.0703125 0.0984375
0 0.8984375 0.42109375 0.2015625 0.25