1 0.57578125 0.33515625 0.1046875 0.0703125
1 0.47734375 0.309375 0.0875 0.0546875
1 0.31875 0.30546875 0.0859375 0.0625
1 0.83046875 0.24296875 0.05625 0.0375
1 0.01875 0.3203125 0.0375 0.05625
1 0.08046875 0.321875 0.0828125 0.0484375
1 0.18984375 0.3265625 0.090625 0.05625
1 0.08359375 0.3546875 0.090625 0.0609375
1 0.13203125 0.36640625 0.115625 0.0703125
1 0.89765625 0.23515625 0.053125 0.021875
1 0.7234375 0.22578125 0.015625 0.034375
1 0.196875 0.30078125 0.071875 0.0359375
1 0.7609375 0.28984375 0.0625 0.046875
0 0.17578125 0.1296875 0.109375 0.1546875