1 0.86484375 0.28359375 0.1109375 0.0890625
1 0.09296875 0.2984375 0.11875 0.08125
1 0.23515625 0.346875 0.121875 0.1171875
1 0.44140625 0.371875 0.1375 0.11875
1 0.978125 0.26328125 0.0421875 0.08125
1 0.69765625 0.31953125 0.121875 0.0984375
1 0.25234375 0.178125 0.0875 0.059375
1 0.56640625 0.28359375 0.109375 0.0890625
1 0.59921875 0.234375 0.0984375 0.06875
1 0.065625 0.43203125 0.13125 0.128125
1 0.93125 0.22421875 0.0984375 0.075
1 0.8984375 0.190625 0.09375 0.0671875
1 0.6203125 0.140625 0.04375 0.0453125
1 0.13203125 0.47890625 0.165625 0.171875
1 0.15859375 0.2140625 0.09375 0.0609375
1 0.68203125 0.16640625 0.09375 0.0640625
1 0.76171875 0.2515625 0.10625 0.078125
1 0.04453125 0.1984375 0.0890625 0.0671875
1 0.51953125 0.19609375 0.078125 0.05625
1 0.93671875 0.028125 0.0359375 0.034375
1 0.415625 0.26640625 0.08125 0.05625
1 0.99140625 0.06484375 0.015625 0.0359375
1 0.009375 0.2390625 0.01875 0.0453125
2 0.2484375 0.93828125 0.190625 0.1203125
2 0.68671875 0.92578125 0.1203125 0.115625
2 0.9546875 0.78671875 0.08125 0.134375
2 0.92890625 0.95703125 0.140625 0.08125
2 0.50078125 0.228125 0.0515625 0.0453125
2 0.35078125 0.25078125 0.0421875 0.0390625
2 0.83515625 0.16875 0.0203125 0.0375
2 0.68203125 0.190625 0.0328125 0.0375
2 0.55234375 0.234375 0.0265625 0.0390625
3 0.58828125 0.64296875 0.2828125 0.2640625
0 0.44765625 0.15078125 0.3125 0.15
0 0.87109375 0.11015625 0.228125 0.125
0 0.25703125 0.04453125 0.09375 0.0890625