1 0.40703125 0.70703125 0.225 0.18125
1 0.0875 0.71484375 0.175 0.19375
1 0.90390625 0.16796875 0.078125 0.05
1 0.7640625 0.6796875 0.2390625 0.1671875
1 0.9875 0.3859375 0.0234375 0.05
1 0.09765625 0.2609375 0.0859375 0.0546875
1 0.83515625 0.8359375 0.2875 0.24375
1 0.41953125 0.9703125 0.259375 0.05625
1 0.96796875 0.68828125 0.0625 0.125
1 0.26328125 0.2234375 0.075 0.05
1 0.66875 0.13125 0.059375 0.0375
1 0.96953125 0.13046875 0.059375 0.05625
1 0.2046875 0.225 0.05625 0.05
1 0.71875 0.51328125 0.09375 0.18125
1 0.71484375 0.39296875 0.075 0.1078125
1 0.52734375 0.16484375 0.059375 0.0453125
1 0.90859375 0.95625 0.18125 0.084375
1 0.16328125 0.18515625 0.0515625 0.0453125
1 0.7796875 0.15625 0.0765625 0.046875
1 0.29296875 0.1953125 0.065625 0.046875
1 0.42109375 0.2234375 0.078125 0.06875
1 0.66953125 0.2515625 0.075 0.115625
1 0.340625 0.20546875 0.059375 0.0484375
1 0.80546875 0.04453125 0.015625 0.021875
0 0.271875 0.0984375 0.071875 0.05625