1 0.77734375 0.73671875 0.225 0.2703125
1 0.29296875 0.8984375 0.35625 0.2
1 0.24453125 0.634375 0.25 0.1953125
1 0.55546875 0.70859375 0.2265625 0.2390625
1 0.1609375 0.85546875 0.321875 0.278125
1 0.446875 0.6203125 0.225 0.215625
1 0.14140625 0.2734375 0.115625 0.1015625
1 0.56328125 0.15546875 0.090625 0.0703125
1 0.72109375 0.15390625 0.071875 0.0703125
1 0.92734375 0.14453125 0.0765625 0.078125
1 0.83203125 0.15703125 0.0640625 0.0703125
1 0.62890625 0.13359375 0.046875 0.0484375
1 0.66796875 0.146875 0.0640625 0.06875
1 0.79609375 0.140625 0.0625 0.0703125
1 0.88359375 0.12578125 0.065625 0.0765625
1 0.97734375 0.11328125 0.0453125 0.0703125
1 0.93828125 0.09296875 0.0359375 0.0265625
1 0.90625 0.08203125 0.046875 0.0375
1 0.91953125 0.0546875 0.0296875 0.034375
1 0.953125 0.05859375 0.0453125 0.05
1 0.7703125 0.1265625 0.034375 0.059375