1 0.47109375 0.1515625 0.053125 0.078125
1 0.790625 0.51796875 0.1484375 0.209375
1 0.11015625 0.38125 0.11875 0.159375
1 0.04453125 0.68671875 0.0890625 0.2296875
1 0.5984375 0.28046875 0.0703125 0.1171875
1 0.7484375 0.07421875 0.0875 0.05625
1 0.64296875 0.14921875 0.065625 0.0984375
1 0.55859375 0.1 0.04375 0.0671875
1 0.596875 0.0546875 0.034375 0.05
1 0.56953125 0.01640625 0.0265625 0.0328125
1 0.52734375 0.01328125 0.025 0.0265625
1 0.48828125 0.0234375 0.025 0.046875
1 0.54609375 0.03984375 0.028125 0.04375
1 0.71953125 0.859375 0.20625 0.278125
0 0.8796875 0.43671875 0.2390625 0.621875
3 0.45625 0.0484375 0.053125 0.096875