1 0.57578125 0.9453125 0.1296875 0.10625
1 0.965625 0.45703125 0.0671875 0.0484375
1 0.70546875 0.42890625 0.034375 0.046875
1 0.23828125 0.5140625 0.08125 0.05
1 0.8515625 0.63046875 0.1453125 0.1171875
1 0.65234375 0.48515625 0.0421875 0.05625
1 0.52890625 0.8515625 0.1109375 0.178125
1 0.57890625 0.61484375 0.06875 0.096875
1 0.42421875 0.6203125 0.09375 0.0890625
1 0.921875 0.6109375 0.10625 0.096875
1 0.65859375 0.58359375 0.065625 0.1109375
1 0.0875 0.65078125 0.0734375 0.1140625
1 0.34296875 0.56953125 0.05 0.0546875
1 0.18515625 0.70078125 0.0796875 0.1171875
1 0.834375 0.45859375 0.0875 0.046875
1 0.8578125 0.43515625 0.08125 0.040625
1 0.52421875 0.67421875 0.0703125 0.1109375
1 0.4140625 0.553125 0.0625 0.0609375
1 0.54140625 0.728125 0.078125 0.10625
1 0.621875 0.40703125 0.028125 0.0265625
1 0.13828125 0.59375 0.0609375 0.071875
1 0.17890625 0.646875 0.0859375 0.0984375
1 0.5078125 0.42578125 0.0328125 0.034375
1 0.61953125 0.54375 0.0515625 0.0796875
1 0.96953125 0.3796875 0.028125 0.0296875
2 0.41328125 0.68203125 0.040625 0.065625
0 0.27890625 0.79140625 0.2203125 0.4140625