1 0.8203125 0.53671875 0.084375 0.1515625
1 0.60546875 0.19296875 0.0375 0.040625
1 0.67421875 0.20703125 0.0421875 0.0484375
1 0.653125 0.14296875 0.025 0.0375
1 0.81953125 0.07421875 0.01875 0.0296875
1 0.74609375 0.09609375 0.01875 0.021875
1 0.73515625 0.13671875 0.028125 0.0296875
1 0.21640625 0.51796875 0.1328125 0.1359375
1 0.78515625 0.121875 0.0203125 0.0296875
1 0.97421875 0.88203125 0.05 0.23125
1 0.86328125 0.2046875 0.034375 0.046875
1 0.8421875 0.04609375 0.009375 0.015625
1 0.91171875 0.08515625 0.015625 0.021875
1 0.20390625 0.434375 0.13125 0.1390625
1 0.815625 0.18984375 0.034375 0.04375
1 0.59140625 0.46875 0.1125 0.16875
0 0.0390625 0.0734375 0.078125 0.084375