1 0.1546875 0.69140625 0.221875 0.165625
1 0.09765625 0.26015625 0.0859375 0.0546875
1 0.48671875 0.87421875 0.259375 0.2484375
1 0.76484375 0.6859375 0.2375 0.184375
1 0.54453125 0.73359375 0.240625 0.203125
1 0.87421875 0.88359375 0.25 0.2296875
1 0.30859375 0.25703125 0.0875 0.0625
1 0.96953125 0.68984375 0.059375 0.125
1 0.71953125 0.5140625 0.09375 0.1796875
1 0.90390625 0.16875 0.078125 0.0484375
1 0.26328125 0.22421875 0.071875 0.0515625
1 0.98359375 0.43203125 0.03125 0.046875
1 0.52890625 0.16171875 0.059375 0.046875
1 0.1640625 0.1859375 0.0515625 0.046875
1 0.71640625 0.39375 0.071875 0.10625
1 0.20546875 0.225 0.0546875 0.05
1 0.94609375 0.48984375 0.0390625 0.05
1 0.29375 0.19609375 0.065625 0.0453125
1 0.6703125 0.2515625 0.075 0.115625
1 0.653125 0.1296875 0.059375 0.040625
1 0.8 0.23671875 0.05 0.0703125
1 0.3484375 0.2046875 0.0765625 0.046875
1 0.97109375 0.6296875 0.05625 0.0625
0 0.31015625 0.0984375 0.090625 0.0640625
0 0.05546875 0.115625 0.05625 0.05
0 0.7421875 0.04375 0.0375 0.0578125