1 0.97265625 0.6015625 0.053125 0.1703125
1 0.54765625 0.43046875 0.165625 0.15
1 0.6046875 0.359375 0.14375 0.1296875
1 0.68515625 0.08828125 0.090625 0.0578125
1 0.9734375 0.20390625 0.0515625 0.103125
1 0.26640625 0.340625 0.109375 0.1046875
1 0.97421875 0.1 0.05 0.08125
1 0.86328125 0.1953125 0.128125 0.090625
1 0.58515625 0.1703125 0.096875 0.0703125
1 0.71640625 0.1796875 0.1140625 0.08125
1 0.45234375 0.30859375 0.1265625 0.1171875
1 0.065625 0.16484375 0.03125 0.040625
1 0.546875 0.0765625 0.053125 0.046875
1 0.83515625 0.409375 0.221875 0.196875
1 0.3078125 0.1515625 0.0625 0.0515625
1 0.07265625 0.125 0.03125 0.0359375
1 0.32734375 0.28046875 0.1046875 0.0859375
1 0.5953125 0.13203125 0.090625 0.0609375
1 0.8546875 0.04140625 0.0890625 0.05
1 0.046875 0.284375 0.0421875 0.06875
1 0.90625 0.1703125 0.115625 0.0859375
1 0.7046875 0.14296875 0.0984375 0.0671875
1 0.99140625 0.75546875 0.015625 0.121875
3 0.5203125 0.634375 0.15625 0.2390625
0 0.43671875 0.1265625 0.196875 0.13125
0 0.14609375 0.2734375 0.1859375 0.1796875
0 0.7375 0.03125 0.08125 0.0625