1 0.16953125 0.19140625 0.0703125 0.06875
1 0.94453125 0.8765625 0.109375 0.24375
1 0.52421875 0.56171875 0.121875 0.1640625
1 0.703125 0.56796875 0.1546875 0.1578125
1 0.7625 0.2296875 0.0796875 0.08125
1 0.84921875 0.26796875 0.090625 0.05625
1 0.06484375 0.15703125 0.0734375 0.0640625
1 0.48046875 0.06796875 0.0296875 0.0453125
1 0.35546875 0.28203125 0.0875 0.10625
1 0.69765625 0.184375 0.0578125 0.06875
1 0.7890625 0.90078125 0.190625 0.1953125
1 0.5109375 0.25859375 0.078125 0.109375
1 0.5796875 0.0953125 0.0328125 0.046875
1 0.64921875 0.18359375 0.059375 0.0515625
1 0.61015625 0.146875 0.046875 0.0609375
1 0.4296875 0.35625 0.10625 0.146875
1 0.95703125 0.3203125 0.08125 0.0453125
2 0.14453125 0.40703125 0.05625 0.0859375
2 0.01171875 0.2515625 0.0234375 0.0703125
2 0.96328125 0.1 0.0390625 0.040625
2 0.509375 0.10390625 0.025 0.034375
2 0.23046875 0.09921875 0.021875 0.0359375
2 0.17265625 0.13515625 0.025 0.034375
2 0.1171875 0.3859375 0.0328125 0.0765625
3 0.625 0.33125 0.2125 0.3
0 0.3359375 0.16171875 0.1890625 0.165625
0 0.8921875 0.4515625 0.2140625 0.3515625
1 0.6640625 0.1359375 0.05 0.0484375
1 0.6375 0.1015625 0.0359375 0.05
1 0.62265625 0.07421875 0.028125 0.0421875
1 0.61015625 0.05078125 0.0296875 0.0390625
1 0.57109375 0.059375 0.025 0.046875
1 0.56953125 0.03125 0.0234375 0.015625