1 0.03984375 0.9203125 0.078125 0.15625
1 0.8234375 0.24609375 0.1140625 0.08125
1 0.68359375 0.90546875 0.3078125 0.1859375
1 0.68828125 0.21328125 0.10625 0.0859375
1 0.98046875 0.93125 0.0375 0.134375
1 0.2671875 0.88828125 0.2953125 0.2203125
1 0.57109375 0.18125 0.08125 0.0640625
1 0.02265625 0.30546875 0.0453125 0.0859375
1 0.43046875 0.253125 0.0984375 0.071875
1 0.065625 0.14609375 0.0609375 0.0484375
1 0.14140625 0.2453125 0.0609375 0.071875
1 0.96953125 0.2734375 0.059375 0.0609375
1 0.47578125 0.2296875 0.0875 0.0671875
1 0.065625 0.2109375 0.0671875 0.078125
1 0.57421875 0.28671875 0.1140625 0.09375
1 0.32578125 0.22578125 0.09375 0.08125
1 0.58671875 0.24453125 0.103125 0.0671875
1 0.97265625 0.31640625 0.053125 0.075
1 0.97890625 0.13125 0.040625 0.0484375
1 0.37890625 0.20625 0.053125 0.0609375
2 0.21328125 0.28046875 0.04375 0.05
2 0.4640625 0.134375 0.03125 0.03125
2 0.26484375 0.20625 0.03125 0.05
2 0.91328125 0.15703125 0.021875 0.040625
3 0.5890625 0.66015625 0.2875 0.2609375
0 0.26484375 0.0984375 0.096875 0.1265625