1 0.90546875 0.78203125 0.165625 0.2359375
1 0.64765625 0.46484375 0.08125 0.11875
1 0.03203125 0.409375 0.0640625 0.11875
1 0.13203125 0.25390625 0.059375 0.075
1 0.6234375 0.33046875 0.0515625 0.084375
1 0.775 0.490625 0.103125 0.1484375
1 0.0625 0.575 0.125 0.2171875
1 0.40234375 0.32421875 0.059375 0.0890625
1 0.75234375 0.28125 0.0484375 0.0671875
1 0.71640625 0.33125 0.065625 0.09375
1 0.52265625 0.3390625 0.0703125 0.09375
1 0.87421875 0.453125 0.0828125 0.15
1 0.43359375 0.2546875 0.046875 0.06875
1 0.23984375 0.40390625 0.075 0.11875
1 0.23125 0.34375 0.0671875 0.0953125
1 0.36640625 0.27109375 0.0515625 0.0796875
1 0.7125 0.2203125 0.0359375 0.05625
1 0.2015625 0.21640625 0.04375 0.059375
1 0.6796875 0.246875 0.0390625 0.0578125
1 0.371875 0.43125 0.0625 0.11875
1 0.09609375 0.4203125 0.1015625 0.1453125
0 0.2375 0.69453125 0.3125 0.6078125
0 0.27734375 0.23125 0.115625 0.1546875