1 0.04765625 0.90625 0.0953125 0.18125
1 0.5765625 0.87890625 0.253125 0.2203125
1 0.83828125 0.9546875 0.3 0.0875
1 0.58046875 0.20625 0.08125 0.065625
1 0.96796875 0.29921875 0.0625 0.071875
1 0.26328125 0.9234375 0.24375 0.15
1 0.090625 0.1609375 0.0671875 0.0515625
1 0.6890625 0.23203125 0.103125 0.0875
1 0.65234375 0.2515625 0.096875 0.078125
1 0.9859375 0.346875 0.0265625 0.065625
1 0.86875 0.10703125 0.040625 0.040625
1 0.159375 0.12890625 0.040625 0.046875
1 0.95234375 0.159375 0.0578125 0.059375
2 0.02890625 0.20078125 0.021875 0.0390625
3 0.5890625 0.67890625 0.2890625 0.265625
0 0.8875 0.053125 0.09375 0.0875
0 0.33828125 0.075 0.0625 0.1140625
0 0.83515625 0.26796875 0.140625 0.15625