1 0.17890625 0.66484375 0.2125 0.15625
1 0.46640625 0.7109375 0.21875 0.196875
1 0.0734375 0.80625 0.146875 0.190625
1 0.76484375 0.69140625 0.2375 0.1984375
1 0.09765625 0.25859375 0.0859375 0.0546875
1 0.61875 0.86640625 0.184375 0.2078125
1 0.728125 0.1109375 0.059375 0.0375
1 0.20390625 0.22109375 0.053125 0.05
1 0.96953125 0.68515625 0.059375 0.1265625
1 0.6015625 0.1796875 0.06875 0.05625
1 0.984375 0.41796875 0.0296875 0.0609375
1 0.1640625 0.18515625 0.053125 0.0453125
1 0.90390625 0.1640625 0.078125 0.046875
1 0.26328125 0.22109375 0.075 0.05
1 0.95234375 0.1140625 0.0703125 0.0359375
1 0.71953125 0.51015625 0.09375 0.184375
1 0.3484375 0.2015625 0.075 0.05625
1 0.29375 0.19375 0.065625 0.046875
1 0.66953125 0.12421875 0.040625 0.0375
1 0.71796875 0.38984375 0.0734375 0.1140625
1 0.528125 0.159375 0.0609375 0.0453125
1 0.62734375 0.13203125 0.0578125 0.0390625
1 0.21640625 0.159375 0.0484375 0.0328125
1 0.98515625 0.14609375 0.028125 0.040625
0 0.33671875 0.09375 0.1046875 0.065625
0 0.7890625 0.075 0.1375 0.0765625
0 0.059375 0.11328125 0.0671875 0.0484375