1 0.61953125 0.18359375 0.075 0.0515625
1 0.30703125 0.75625 0.221875 0.16875
1 0.65703125 0.88125 0.29375 0.234375
1 0.3453125 0.26328125 0.0859375 0.0671875
1 0.16015625 0.19296875 0.053125 0.0484375
1 0.715625 0.54609375 0.0859375 0.1640625
1 0.03671875 0.2828125 0.0734375 0.05625
1 0.8609375 0.1765625 0.059375 0.053125
1 0.97421875 0.390625 0.05 0.0515625
1 0.98046875 0.428125 0.0375 0.0515625
1 0.79609375 0.2390625 0.046875 0.0671875
1 0.83359375 0.10625 0.0515625 0.0390625
1 0.2796875 0.21015625 0.078125 0.0609375
1 0.75546875 0.27890625 0.0515625 0.0875
1 0.69765625 0.421875 0.071875 0.121875
1 0.71796875 0.33046875 0.065625 0.10625
1 0.93984375 0.16171875 0.05 0.05
1 0.81953125 0.20078125 0.04375 0.0609375
1 0.86953125 0.63125 0.1625 0.221875
1 0.72578125 0.0890625 0.0234375 0.0375
0 0.5359375 0.1015625 0.1125 0.1109375