1 0.1 0.8984375 0.2 0.2
1 0.21796875 0.253125 0.084375 0.06875
1 0.6875 0.2203125 0.10625 0.0859375
1 0.39296875 0.89375 0.290625 0.209375
1 0.97265625 0.3234375 0.053125 0.071875
1 0.58125 0.19453125 0.0828125 0.0671875
1 0.35 0.128125 0.040625 0.0484375
1 0.96796875 0.2796875 0.0625 0.059375
1 0.92265625 0.1046875 0.05 0.04375
1 0.91796875 0.91953125 0.1625 0.1578125
1 0.98359375 0.11875 0.03125 0.0453125
2 0.45234375 0.18203125 0.0234375 0.04375
3 0.58984375 0.66640625 0.2875 0.2640625
0 0.35859375 0.0359375 0.0625 0.071875
0 0.83515625 0.25390625 0.140625 0.15625