1 0.67421875 0.6703125 0.078125 0.1265625
1 0.63359375 0.5484375 0.046875 0.08125
1 0.40703125 0.38125 0.021875 0.025
1 0.6390625 0.496875 0.05 0.065625
1 0.64765625 0.384375 0.0125 0.0203125
1 0.71015625 0.48828125 0.0359375 0.05
2 0.26015625 0.51875 0.021875 0.0453125
2 0.02265625 0.615625 0.034375 0.0578125
0 0.496875 0.459375 0.0609375 0.1703125
0 0.53984375 0.7484375 0.1703125 0.4296875
0 0.94609375 0.55703125 0.10625 0.175
0 0.8421875 0.47890625 0.140625 0.13125
0 0.7234375 0.40703125 0.0546875 0.0671875