1 0.040625 0.9203125 0.08125 0.15625
1 0.68515625 0.9046875 0.309375 0.1875
1 0.95546875 0.925 0.0875 0.146875
1 0.26953125 0.884375 0.2953125 0.228125
1 0.0703125 0.26796875 0.075 0.0796875
1 0.58359375 0.18203125 0.0828125 0.05625
1 0.03203125 0.37734375 0.0640625 0.1484375
1 0.146875 0.23515625 0.053125 0.0859375
1 0.43203125 0.2515625 0.096875 0.0703125
1 0.690625 0.2046875 0.10625 0.06875
1 0.471875 0.22890625 0.096875 0.06875
1 0.97421875 0.315625 0.05 0.071875
1 0.57578125 0.2859375 0.1125 0.090625
1 0.96953125 0.271875 0.059375 0.0640625
1 0.37734375 0.2046875 0.0609375 0.0609375
1 0.32734375 0.225 0.09375 0.0796875
1 0.2125 0.13671875 0.04375 0.0515625
1 0.69296875 0.06640625 0.0203125 0.01875
1 0.17421875 0.17578125 0.04375 0.059375
1 0.58828125 0.24375 0.103125 0.06875
2 0.26171875 0.2046875 0.03125 0.05
2 0.21484375 0.2796875 0.04375 0.0515625
2 0.465625 0.134375 0.0296875 0.03125
2 0.303125 0.17578125 0.0296875 0.040625
3 0.59140625 0.65859375 0.2890625 0.2609375
3 0.7390625 0.27109375 0.159375 0.128125
0 0.97578125 0.071875 0.046875 0.1296875
0 0.05234375 0.21328125 0.1046875 0.178125
0 0.15390625 0.12578125 0.13125 0.140625
0 0.83984375 0.2453125 0.1375 0.1578125
0 0.27265625 0.0359375 0.06875 0.065625