1 0.73515625 0.2359375 0.1125 0.084375
1 0.5578125 0.33515625 0.14375 0.1078125
1 0.33828125 0.38359375 0.153125 0.121875
1 0.6265625 0.20859375 0.0984375 0.0765625
1 0.68671875 0.13046875 0.075 0.05625
1 0.165625 0.3296875 0.134375 0.1109375
1 0.8734375 0.103125 0.05625 0.05
1 0.26328125 0.20390625 0.0875 0.0671875
1 0.9828125 0.0609375 0.0328125 0.034375
1 0.95546875 0.23125 0.0875 0.078125
1 0.9765625 0.1359375 0.0453125 0.05
1 0.2625 0.171875 0.1 0.0515625
1 0.93828125 0.0203125 0.0375 0.034375
1 0.0171875 0.44921875 0.034375 0.0953125
1 0.88984375 0.03125 0.04375 0.040625
1 0.94609375 0.184375 0.084375 0.0796875
2 0.696875 0.1609375 0.04375 0.0484375
2 0.68046875 0.90859375 0.115625 0.1171875
2 0.85703125 0.1296875 0.0203125 0.040625
2 0.80390625 0.15703125 0.025 0.040625
2 0.7625 0.146875 0.0234375 0.0359375
2 0.75703125 0.075 0.015625 0.0359375
2 0.21484375 0.09453125 0.015625 0.0484375
3 0.5890625 0.634375 0.284375 0.2609375
0 0.44765625 0.17890625 0.259375 0.16875
0 0.05625 0.19375 0.1125 0.1390625
0 0.2546875 0.03984375 0.0875 0.0796875