1 0.3609375 0.3203125 0.125 0.096875
1 0.125 0.271875 0.1171875 0.078125
1 0.66484375 0.296875 0.1296875 0.0953125
1 0.3609375 0.25546875 0.1171875 0.0859375
1 0.90390625 0.165625 0.09375 0.065625
1 0.73984375 0.11953125 0.09375 0.0609375
1 0.13515625 0.20625 0.1 0.065625
1 0.05546875 0.19140625 0.090625 0.065625
1 0.17734375 0.178125 0.0890625 0.0671875
1 0.15625 0.128125 0.0671875 0.0375
1 0.1046875 0.159375 0.0765625 0.0484375
1 0.93984375 0.015625 0.0375 0.03125
1 0.0078125 0.225 0.015625 0.04375
2 0.9453125 0.628125 0.09375 0.096875
2 0.02890625 0.91015625 0.0578125 0.084375
2 0.5921875 0.08125 0.0265625 0.021875
2 0.4234375 0.08828125 0.01875 0.028125
3 0.59296875 0.6265625 0.2953125 0.265625
0 0.90078125 0.346875 0.196875 0.2203125
0 0.92109375 0.1015625 0.15625 0.1109375
0 0.25390625 0.0359375 0.084375 0.071875
0 0.97421875 0.190625 0.05 0.115625