1 0.20703125 0.5203125 0.140625 0.15625
1 0.27109375 0.34375 0.10625 0.1015625
1 0.55078125 0.43125 0.165625 0.1484375
1 0.0421875 0.4015625 0.078125 0.1046875
1 0.60859375 0.36015625 0.14375 0.128125
1 0.5890625 0.1703125 0.096875 0.0703125
1 0.6546875 0.09609375 0.090625 0.05625
1 0.56953125 0.13203125 0.075 0.0609375
1 0.4390625 0.3046875 0.125 0.1140625
1 0.86796875 0.19453125 0.128125 0.09375
1 0.97578125 0.2046875 0.046875 0.1015625
1 0.72109375 0.18203125 0.1125 0.0796875
1 0.96328125 0.16875 0.071875 0.0671875
1 0.83984375 0.38125 0.221875 0.1375
1 0.146875 0.12578125 0.0328125 0.0453125
1 0.30703125 0.15078125 0.0546875 0.0578125
1 0.24140625 0.146875 0.053125 0.05
1 0.053125 0.28515625 0.040625 0.0640625
1 0.0203125 0.271875 0.040625 0.0640625
1 0.10546875 0.17890625 0.0359375 0.05
1 0.07578125 0.16328125 0.03125 0.040625
1 0.55703125 0.05859375 0.0203125 0.028125
1 0.825 0.153125 0.090625 0.053125
2 0.0640625 0.690625 0.046875 0.09375
3 0.38984375 0.18515625 0.128125 0.1453125
0 0.14921875 0.271875 0.184375 0.1859375
0 0.4421875 0.1265625 0.2 0.1359375
0 0.79453125 0.0546875 0.2984375 0.109375
0 0.8765625 0.6515625 0.2453125 0.475
0 0.27578125 0.0640625 0.1109375 0.071875
0 0.06796875 0.08046875 0.0625 0.05