1 0.27578125 0.9015625 0.2921875 0.19375
1 0.59140625 0.35859375 0.128125 0.0984375
1 0.68828125 0.22109375 0.10625 0.0828125
1 0.58125 0.1953125 0.0828125 0.065625
1 0.05078125 0.22421875 0.0859375 0.059375
1 0.63125 0.9015625 0.30625 0.19375
1 0.97265625 0.32421875 0.053125 0.075
1 0.9140625 0.09921875 0.04375 0.0390625
1 0.96875 0.28046875 0.0609375 0.0609375
1 0.97109375 0.096875 0.05625 0.046875
1 0.990625 0.1515625 0.0171875 0.040625
2 0.31328125 0.246875 0.0375 0.04375
3 0.590625 0.66875 0.2890625 0.2640625
0 0.878125 0.03828125 0.0671875 0.0765625
0 0.83515625 0.25390625 0.140625 0.15625
0 0.36171875 0.04609375 0.0546875 0.0921875