1 0.31328125 0.32109375 0.125 0.09375
1 0.76328125 0.11953125 0.09375 0.0609375
1 0.328125 0.25625 0.11875 0.090625
1 0.0921875 0.275 0.11875 0.0765625
1 0.634375 0.29453125 0.1296875 0.0953125
1 0.903125 0.165625 0.0921875 0.065625
1 0.05546875 0.19140625 0.0921875 0.065625
1 0.1359375 0.20625 0.1 0.06875
1 0.18828125 0.13125 0.06875 0.0484375
1 0.0203125 0.153125 0.040625 0.053125
1 0.85859375 0.01015625 0.0296875 0.0203125
1 0.93984375 0.015625 0.0375 0.03125
1 0.00703125 0.225 0.0140625 0.040625
2 0.0609375 0.90859375 0.1 0.0984375
2 0.603125 0.08203125 0.028125 0.025
2 0.11953125 0.1 0.0390625 0.04375
2 0.4390625 0.08515625 0.0140625 0.021875
2 0.96484375 0.640625 0.06875 0.096875
3 0.59296875 0.6265625 0.29375 0.265625
0 0.875 0.34609375 0.2484375 0.221875
0 0.93359375 0.1 0.13125 0.1078125
0 0.9625 0.19375 0.0734375 0.1015625