1 0.06484375 0.4640625 0.1296875 0.1140625
1 0.57421875 0.30703125 0.134375 0.0953125
1 0.66953125 0.25546875 0.078125 0.0859375
1 0.29921875 0.14453125 0.084375 0.05625
1 0.55078125 0.13515625 0.0890625 0.05625
1 0.9734375 0.11796875 0.0515625 0.0390625
1 0.17890625 0.171875 0.0875 0.059375
1 0.13515625 0.20546875 0.096875 0.0703125
1 0.975 0.159375 0.0484375 0.0671875
1 0.05703125 0.18984375 0.090625 0.065625
1 0.92890625 0.15390625 0.084375 0.0671875
1 0.52734375 0.11171875 0.071875 0.0453125
1 0.05703125 0.1515625 0.0828125 0.0484375
1 0.0078125 0.2234375 0.015625 0.04375
2 0.18203125 0.10546875 0.025 0.040625
2 0.540625 0.07890625 0.025 0.028125
2 0.215625 0.0796875 0.015625 0.0453125
2 0.03515625 0.94375 0.0703125 0.06875
3 0.21640625 0.2859375 0.1953125 0.1765625
3 0.59453125 0.6203125 0.29375 0.265625
0 0.84765625 0.32890625 0.303125 0.2796875
0 0.80234375 0.07890625 0.3125 0.109375
0 0.0515625 0.10703125 0.103125 0.1046875
0 0.35390625 0.08359375 0.1921875 0.1