1 0.828125 0.678125 0.1859375 0.215625
1 0.71328125 0.4765625 0.0734375 0.1578125
1 0.0984375 0.48828125 0.15 0.125
1 0.271875 0.31640625 0.0796875 0.0671875
1 0.3421875 0.3234375 0.0796875 0.071875
1 0.5671875 0.2203125 0.053125 0.05625
1 0.97890625 0.44609375 0.040625 0.0671875
1 0.21171875 0.1296875 0.03125 0.0265625
1 0.971875 0.15546875 0.0546875 0.0453125
1 0.95859375 0.1265625 0.0515625 0.0546875
1 0.66484375 0.26875 0.075 0.11875
1 0.76640625 0.08046875 0.0203125 0.028125
1 0.97265625 0.41015625 0.0484375 0.05
1 0.10390625 0.56171875 0.146875 0.15625
1 0.28828125 0.165625 0.0390625 0.05
0 0.75703125 0.05 0.04375 0.0703125