1 0.97265625 0.453125 0.053125 0.046875
1 0.86484375 0.62421875 0.1453125 0.11875
1 0.59765625 0.525 0.05 0.06875
1 0.5703125 0.59140625 0.046875 0.0875
1 0.175 0.52109375 0.0875 0.0609375
1 0.28828125 0.50625 0.08125 0.0609375
1 0.9375 0.609375 0.103125 0.096875
1 0.1015625 0.64140625 0.071875 0.109375
1 0.0578125 0.5390625 0.053125 0.05625
1 0.01796875 0.55078125 0.0359375 0.0578125
1 0.19296875 0.62578125 0.0859375 0.121875
1 0.73828125 0.38203125 0.021875 0.03125
1 0.85 0.453125 0.0859375 0.04375
1 0.41328125 0.51640625 0.0515625 0.0625
1 0.4265625 0.54921875 0.0625 0.06875
1 0.62265625 0.49296875 0.04375 0.05625
1 0.15390625 0.58125 0.0625 0.0703125
1 0.35625 0.56875 0.053125 0.075
1 0.87265625 0.43125 0.08125 0.040625
1 0.46484375 0.5046875 0.0546875 0.0609375
1 0.52109375 0.41796875 0.028125 0.03125
1 0.66328125 0.46484375 0.040625 0.0640625
2 0.20234375 0.69921875 0.040625 0.0875
0 0.5390625 0.47890625 0.1 0.1390625
0 0.41171875 0.690625 0.28125 0.3359375
0 0.309375 0.875 0.2921875 0.246875