1 0.54765625 0.23984375 0.121875 0.0875
1 0.05390625 0.36328125 0.0890625 0.09375
1 0.56328125 0.434375 0.171875 0.15
1 0.603125 0.35546875 0.1421875 0.1265625
1 0.8484375 0.03984375 0.096875 0.05
1 0.26484375 0.340625 0.1078125 0.1046875
1 0.715625 0.1796875 0.1125 0.08125
1 0.45078125 0.30625 0.128125 0.1171875
1 0.96640625 0.10703125 0.065625 0.078125
1 0.97109375 0.2015625 0.05625 0.1046875
1 0.53671875 0.13515625 0.04375 0.059375
1 0.86171875 0.19375 0.128125 0.090625
1 0.58359375 0.16796875 0.0984375 0.071875
1 0.32578125 0.27890625 0.103125 0.0875
1 0.68828125 0.07890625 0.0828125 0.065625
1 0.9875 0.3703125 0.0234375 0.096875
1 0.67890625 0.13984375 0.096875 0.071875
1 0.30546875 0.15 0.0625 0.0515625
1 0.16171875 0.184375 0.0515625 0.04375
1 0.82890625 0.39375 0.2234375 0.16875
1 0.8390625 0.14921875 0.1140625 0.071875
0 0.43671875 0.125 0.2 0.13125
0 0.14296875 0.27890625 0.1859375 0.16875
0 0.9140625 0.52578125 0.1703125 0.234375