1 0.82421875 0.66796875 0.284375 0.3359375
1 0.4359375 0.39140625 0.1140625 0.13125
1 0.59296875 0.50546875 0.159375 0.178125
1 0.96484375 0.63515625 0.06875 0.1515625
1 0.72421875 0.228125 0.115625 0.09375
1 0.61015625 0.19296875 0.0875 0.078125
1 0.8078125 0.38671875 0.1640625 0.11875
1 0.36015625 0.3296875 0.078125 0.103125
1 0.88203125 0.14453125 0.05625 0.040625
1 0.63046875 0.309375 0.125 0.1046875
1 0.74140625 0.10625 0.04375 0.0359375
1 0.64921875 0.4265625 0.1671875 0.15
1 0.92265625 0.290625 0.153125 0.1484375
1 0.95234375 0.46953125 0.09375 0.171875
1 0.45546875 0.13515625 0.0625 0.059375
1 0.5203125 0.2546875 0.078125 0.10625
1 0.446875 0.040625 0.0234375 0.021875
1 0.2984375 0.2734375 0.075 0.1015625
1 0.66171875 0.08671875 0.040625 0.034375
1 0.696875 0.1109375 0.046875 0.0328125
1 0.95546875 0.184375 0.065625 0.0453125
1 0.47734375 0.06796875 0.03125 0.025
1 0.82421875 0.14140625 0.05625 0.03125
1 0.83515625 0.4953125 0.1796875 0.2171875
1 0.83359375 0.16796875 0.059375 0.04375
1 0.51875 0.203125 0.0625 0.071875
1 0.41796875 0.053125 0.0265625 0.025
0 0.39765625 0.23046875 0.1875 0.20625