1 0.0453125 0.940625 0.090625 0.115625
1 0.5828125 0.73828125 0.1015625 0.184375
1 0.4296875 0.846875 0.1078125 0.228125
1 0.23828125 0.51328125 0.0859375 0.1375
1 0.28515625 0.71796875 0.11875 0.2015625
1 0.0953125 0.78671875 0.1375 0.2078125
1 0.43828125 0.6453125 0.0890625 0.1609375
1 0.22109375 0.89609375 0.1421875 0.2046875
1 0.759375 0.378125 0.0859375 0.1109375
1 0.92734375 0.5859375 0.121875 0.146875
1 0.17578125 0.64609375 0.084375 0.15625
1 0.63671875 0.20859375 0.040625 0.046875
1 0.59296875 0.90078125 0.134375 0.1953125
1 0.1828125 0.315625 0.05625 0.071875
1 0.10390625 0.35 0.0609375 0.075
1 0.37890625 0.25078125 0.04375 0.0796875
1 0.028125 0.45546875 0.05625 0.1
1 0.08515625 0.46640625 0.0921875 0.1078125
1 0.46328125 0.16953125 0.028125 0.0390625
1 0.69765625 0.16171875 0.053125 0.0390625
1 0.3859375 0.16875 0.0375 0.0515625
1 0.53671875 0.0609375 0.0125 0.01875
1 0.2078125 0.23046875 0.0375 0.065625
1 0.29921875 0.17421875 0.03125 0.040625
1 0.22890625 0.153125 0.028125 0.0390625
1 0.48125 0.10546875 0.01875 0.0296875
1 0.27265625 0.11171875 0.01875 0.0171875
1 0.26953125 0.1515625 0.034375 0.0703125
0 0.58046875 0.03359375 0.0171875 0.0375
0 0.4421875 0.1125 0.0265625 0.0703125
0 0.403125 0.1015625 0.0546875 0.0796875
0 0.48203125 0.05234375 0.0203125 0.0515625
0 0.44140625 0.05859375 0.028125 0.0375
1 0.46015625 0.10234375 0.0125 0.0265625
1 0.47109375 0.08359375 0.0140625 0.01875