1 0.14453125 0.621875 0.209375 0.3265625
1 0.678125 0.5140625 0.140625 0.2390625
1 0.40390625 0.8015625 0.184375 0.39375
1 0.4328125 0.1859375 0.084375 0.1578125
1 0.34609375 0.14609375 0.065625 0.115625
1 0.51171875 0.0734375 0.059375 0.0984375
1 0.43203125 0.0703125 0.05625 0.09375
1 0.82890625 0.39609375 0.140625 0.25625
1 0.66328125 0.01015625 0.04375 0.0203125
1 0.51484375 0.01953125 0.046875 0.0390625
1 0.3453125 0.07421875 0.071875 0.1
1 0.28984375 0.01328125 0.08125 0.0265625
1 0.18515625 0.03046875 0.05625 0.0609375
1 0.37421875 0.0296875 0.0453125 0.059375
0 0.90546875 0.21484375 0.1875 0.4296875