1 0.36015625 0.82890625 0.1859375 0.3390625
1 0.0484375 0.21015625 0.040625 0.06875
1 0.46484375 0.25 0.0546875 0.0859375
1 0.96015625 0.19921875 0.078125 0.06875
1 0.44765625 0.0609375 0.0203125 0.034375
1 0.13515625 0.2109375 0.0546875 0.0640625
1 0.41015625 0.16328125 0.03125 0.059375
1 0.4796875 0.1953125 0.0453125 0.071875
1 0.46328125 0.109375 0.03125 0.0453125
1 0.43828125 0.17578125 0.040625 0.0703125
1 0.44765625 0.13671875 0.0328125 0.0515625
0 0.275 0.303125 0.2171875 0.2765625
0 0.91484375 0.53125 0.16875 0.5296875
0 0.3546875 0.41640625 0.146875 0.278125