1 0.48515625 0.36875 0.08125 0.15625
1 0.09765625 0.37578125 0.0984375 0.1546875
1 0.1375 0.2046875 0.0671875 0.109375
1 0.88203125 0.746875 0.234375 0.3609375
1 0.5203125 0.73203125 0.1375 0.325
1 0.62109375 0.36328125 0.0921875 0.1484375
1 0.74296875 0.38671875 0.11875 0.1671875
1 0.66875 0.5515625 0.109375 0.2
1 0.88515625 0.05859375 0.1078125 0.0578125
1 0.75234375 0.89296875 0.196875 0.2109375
1 0.97265625 0.04296875 0.053125 0.05625
1 0.21484375 0.06484375 0.0359375 0.0484375
1 0.40234375 0.0296875 0.028125 0.0484375
1 0.4421875 0.021875 0.028125 0.04375
1 0.28671875 0.04453125 0.0359375 0.0453125
1 0.23671875 0.04609375 0.034375 0.0453125
1 0.35703125 0.03984375 0.0328125 0.05
0 0.89296875 0.43671875 0.2125 0.575
1 0.31953125 0.05078125 0.028125 0.0453125