1 0.675 0.31328125 0.153125 0.11875
1 0.61171875 0.0703125 0.0734375 0.0484375
1 0.87734375 0.2046875 0.0890625 0.0875
1 0.32265625 0.07890625 0.046875 0.0390625
1 0.96171875 0.09140625 0.075 0.065625
1 0.09609375 0.33125 0.08125 0.09375
1 0.16796875 0.375 0.090625 0.10625
1 0.85546875 0.07109375 0.0921875 0.0546875
1 0.96328125 0.61171875 0.071875 0.171875
1 0.95078125 0.29453125 0.096875 0.09375
1 0.97578125 0.121875 0.046875 0.0515625
1 0.909375 0.43515625 0.1796875 0.178125
1 0.54765625 0.32421875 0.1375 0.0703125
1 0.28125 0.2265625 0.071875 0.071875
1 0.3640625 0.271875 0.1015625 0.0671875
1 0.96328125 0.1796875 0.071875 0.0703125
1 0.91171875 0.3515625 0.175 0.115625
1 0.97421875 0.21015625 0.05 0.084375
1 0.8609375 0.04375 0.0890625 0.04375
1 0.8625 0.1484375 0.071875 0.0640625
1 0.5296875 0.08515625 0.0671875 0.05625
3 0.28671875 0.37890625 0.18125 0.24375
0 0.68359375 0.20859375 0.3265625 0.228125
0 0.66953125 0.571875 0.59375 0.5296875
0 0.45234375 0.22109375 0.2703125 0.184375
0 0.1453125 0.25703125 0.18125 0.1671875
0 0.0359375 0.2765625 0.071875 0.15
0 0.33984375 0.1609375 0.2015625 0.1296875
0 0.16328125 0.14609375 0.1640625 0.096875
0 0.23359375 0.09375 0.1265625 0.0609375