1 0.6765625 0.31484375 0.15625 0.11875
1 0.91171875 0.365625 0.175 0.146875
1 0.86171875 0.05 0.0890625 0.0515625
1 0.8765625 0.2046875 0.090625 0.0875
1 0.16875 0.38046875 0.090625 0.10625
1 0.5546875 0.096875 0.075 0.0578125
1 0.95078125 0.2953125 0.096875 0.0953125
1 0.28203125 0.23203125 0.0703125 0.071875
1 0.09765625 0.3390625 0.08125 0.09375
1 0.97890625 0.61171875 0.040625 0.16875
1 0.96328125 0.18203125 0.071875 0.071875
1 0.78671875 0.075 0.021875 0.028125
1 0.975 0.2109375 0.0484375 0.08125
1 0.95234375 0.10703125 0.040625 0.0453125
1 0.48359375 0.12578125 0.0640625 0.0375
1 0.85859375 0.1484375 0.0796875 0.0671875
3 0.2875 0.38125 0.18125 0.2453125
0 0.68515625 0.21015625 0.3265625 0.228125
0 0.67109375 0.57421875 0.59375 0.5296875
0 0.45234375 0.22890625 0.2703125 0.190625
0 0.14765625 0.26484375 0.178125 0.1703125
0 0.0359375 0.28125 0.071875 0.1515625
0 0.2328125 0.0984375 0.1203125 0.0640625
0 0.38828125 0.34140625 0.1 0.10625
0 0.16640625 0.1515625 0.1625 0.1
0 0.33984375 0.16640625 0.1984375 0.134375
0 0.74609375 0.0359375 0.08125 0.065625