1 0.6828125 0.47421875 0.153125 0.09375
1 0.909375 0.509375 0.153125 0.1
1 0.91328125 0.84609375 0.171875 0.2046875
1 0.1515625 0.32890625 0.0640625 0.05
1 0.20546875 0.3453125 0.09375 0.05625
1 0.06953125 0.340625 0.084375 0.0515625
1 0.31015625 0.32578125 0.0859375 0.0625
1 0.453125 0.3484375 0.0984375 0.0546875
1 0.37109375 0.37890625 0.0890625 0.0796875
1 0.48125 0.328125 0.0625 0.0453125
0 0.01953125 0.5203125 0.0390625 0.25625
1 0.82109375 0.26953125 0.0546875 0.0359375
1 0.0140625 0.33515625 0.028125 0.0515625
1 0.71875 0.33828125 0.084375 0.0765625
1 0.8859375 0.26484375 0.053125 0.021875
1 0.71328125 0.253125 0.0171875 0.03125
2 0.0859375 0.39609375 0.046875 0.0484375