1 0.77734375 0.73671875 0.2265625 0.2703125
1 0.24453125 0.63203125 0.25 0.1953125
1 0.02890625 0.79375 0.0578125 0.1359375
1 0.55546875 0.70859375 0.2265625 0.24375
1 0.44765625 0.6203125 0.2265625 0.21875
1 0.1609375 0.8546875 0.321875 0.2765625
1 0.29296875 0.8984375 0.35625 0.2
1 0.515625 0.94296875 0.284375 0.1109375
1 0.5703125 0.1546875 0.0765625 0.065625
1 0.71953125 0.153125 0.075 0.071875
1 0.83125 0.15625 0.0625 0.071875
1 0.66953125 0.146875 0.065625 0.06875
1 0.62734375 0.13203125 0.04375 0.05
1 0.92734375 0.14453125 0.0765625 0.078125
1 0.97265625 0.115625 0.0453125 0.0796875
1 0.79609375 0.14453125 0.065625 0.0734375
1 0.88515625 0.128125 0.0703125 0.0703125
1 0.9375 0.0953125 0.03125 0.0359375
1 0.9078125 0.08671875 0.0453125 0.0359375
1 0.953125 0.059375 0.05 0.046875
1 0.92109375 0.06171875 0.0390625 0.0375