1 0.88671875 0.3703125 0.140625 0.1109375
1 0.57890625 0.57578125 0.159375 0.178125
1 0.35546875 0.540625 0.11875 0.159375
1 0.8125 0.740625 0.278125 0.334375
1 0.95703125 0.709375 0.084375 0.15625
1 0.42265625 0.46015625 0.1140625 0.13125
1 0.68359375 0.29296875 0.103125 0.1
1 0.61640625 0.38046875 0.121875 0.109375
1 0.76171875 0.44453125 0.1546875 0.1109375
1 0.6453125 0.159375 0.0390625 0.0328125
1 0.6359375 0.4984375 0.16875 0.1484375
1 0.34765625 0.3953125 0.078125 0.1015625
1 0.5453125 0.24296875 0.084375 0.08125
1 0.94375 0.54609375 0.1109375 0.178125
1 0.871875 0.0703125 0.05 0.021875
1 0.50546875 0.32109375 0.0765625 0.109375
1 0.92421875 0.2734375 0.059375 0.04375
1 0.94140625 0.07578125 0.0515625 0.01875
1 0.78984375 0.1953125 0.046875 0.0390625
1 0.44609375 0.21484375 0.0625 0.05625
1 0.90234375 0.221875 0.0609375 0.040625
1 0.23515625 0.30546875 0.046875 0.0703125
1 0.81953125 0.56875 0.1765625 0.221875
1 0.2859375 0.33828125 0.0765625 0.1015625
1 0.7296875 0.06640625 0.028125 0.015625
1 0.0125 0.41171875 0.025 0.0609375
1 0.73125 0.2203125 0.078125 0.0515625
0 0.3875 0.3015625 0.190625 0.2078125