1 0.64296875 0.34609375 0.134375 0.121875
1 0.49375 0.30390625 0.1046875 0.1109375
1 0.68671875 0.721875 0.2703125 0.3328125
1 0.21640625 0.253125 0.059375 0.090625
1 0.18359375 0.0765625 0.025 0.03125
1 0.0890625 0.075 0.021875 0.03125
1 0.96640625 0.2984375 0.065625 0.0671875
1 0.81953125 0.1546875 0.046875 0.0390625
1 0.29609375 0.12109375 0.046875 0.04375
1 0.1609375 0.0453125 0.0203125 0.028125
1 0.2796875 0.1515625 0.0453125 0.0515625
1 0.4921875 0.11484375 0.05 0.0484375
1 0.23203125 0.090625 0.03125 0.0375
1 0.8765625 0.165625 0.040625 0.04375
1 0.3109375 0.053125 0.028125 0.03125
1 0.078125 0.2703125 0.025 0.0671875
2 0.92734375 0.24609375 0.028125 0.0484375
0 0.73203125 0.2703125 0.3171875 0.275
0 0.17734375 0.4 0.190625 0.4109375
0 0.09609375 0.20859375 0.0859375 0.190625