1 0.2875 0.55390625 0.115625 0.1703125
1 0.68984375 0.83046875 0.1453125 0.2359375
1 0.2234375 0.91015625 0.203125 0.1765625
1 0.4734375 0.2609375 0.05625 0.078125
1 0.62734375 0.2265625 0.04375 0.065625
1 0.42421875 0.40546875 0.075 0.121875
1 0.35546875 0.3703125 0.06875 0.115625
1 0.30859375 0.31953125 0.065625 0.09375
1 0.39765625 0.26875 0.0515625 0.078125
1 0.04609375 0.240625 0.040625 0.0671875
1 0.95859375 0.2296875 0.08125 0.0671875
1 0.97890625 0.28125 0.040625 0.09375
1 0.40078125 0.15859375 0.034375 0.05
1 0.45546875 0.1453125 0.0296875 0.0453125
1 0.39453125 0.20546875 0.0484375 0.0640625
2 0.8984375 0.2640625 0.0203125 0.05625
0 0.13828125 0.43046875 0.2484375 0.35