1 0.77734375 0.73828125 0.2265625 0.271875
1 0.2453125 0.63515625 0.2515625 0.1921875
1 0.44765625 0.62109375 0.225 0.2171875
1 0.1609375 0.85625 0.321875 0.2765625
1 0.55546875 0.70859375 0.228125 0.2390625
1 0.24296875 0.31796875 0.078125 0.128125
1 0.30078125 0.8984375 0.34375 0.2
1 0.56953125 0.15546875 0.078125 0.0671875
1 0.71953125 0.153125 0.075 0.071875
1 0.50234375 0.9453125 0.3046875 0.109375
1 0.93125 0.14453125 0.071875 0.078125
1 0.62890625 0.13359375 0.0453125 0.0484375
1 0.6703125 0.146875 0.065625 0.06875
1 0.8859375 0.13125 0.0609375 0.084375
1 0.79609375 0.15078125 0.059375 0.071875
1 0.9765625 0.115625 0.046875 0.078125
1 0.909375 0.08203125 0.0375 0.0421875
1 0.9515625 0.059375 0.0453125 0.0546875