1 0.48515625 0.36875 0.084375 0.159375
1 0.52265625 0.734375 0.134375 0.325
1 0.61640625 0.34453125 0.0875 0.1453125
1 0.965625 0.2796875 0.0671875 0.134375
1 0.73203125 0.36171875 0.1125 0.1578125
1 0.75390625 0.89375 0.196875 0.209375
1 0.66796875 0.54296875 0.109375 0.19375
1 0.8828125 0.74609375 0.2328125 0.359375
1 0.01171875 0.5484375 0.0234375 0.121875
1 0.9640625 0.6203125 0.0703125 0.215625
1 0.94453125 0.0609375 0.0765625 0.059375
1 0.2078125 0.07109375 0.0484375 0.0578125
1 0.7328125 0.01328125 0.034375 0.0265625
1 0.40234375 0.03203125 0.0296875 0.05
1 0.35625 0.04375 0.034375 0.05
1 0.44296875 0.021875 0.0265625 0.04375
1 0.68125 0.00703125 0.01875 0.0140625
1 0.98984375 0.0953125 0.01875 0.0546875
0 0.81171875 0.21875 0.2609375 0.375