1 0.2546875 0.64453125 0.134375 0.159375
1 0.303125 0.54296875 0.11875 0.1296875
1 0.58203125 0.4453125 0.121875 0.0984375
1 0.8875 0.55859375 0.190625 0.15
1 0.95078125 0.51015625 0.096875 0.1171875
1 0.54765625 0.2046875 0.0515625 0.0359375
1 0.06796875 0.21796875 0.0265625 0.025
1 0.45078125 0.18515625 0.034375 0.0296875
1 0.28671875 0.175 0.025 0.028125
1 0.365625 0.17421875 0.0328125 0.025
2 0.85234375 0.26640625 0.0390625 0.0375
2 0.4375 0.20703125 0.0234375 0.0296875
2 0.6453125 0.21171875 0.0078125 0.0203125
2 0.39375 0.2046875 0.0109375 0.0171875
0 0.5671875 0.35625 0.259375 0.1859375
0 0.82578125 0.77421875 0.346875 0.4484375
0 0.32421875 0.33125 0.175 0.1484375
0 0.1140625 0.38828125 0.1546875 0.171875
0 0.0296875 0.33125 0.059375 0.134375