1 0.05703125 0.34609375 0.0875 0.0515625
1 0.80859375 0.2640625 0.053125 0.0359375
1 0.20234375 0.3453125 0.0875 0.0546875
1 0.02734375 0.58671875 0.0546875 0.1515625
1 0.8734375 0.25703125 0.0515625 0.021875
1 0.26953125 0.33828125 0.0265625 0.04375
1 0.12578125 0.3046875 0.0296875 0.04375
1 0.15390625 0.3265625 0.05625 0.0546875
1 0.70234375 0.24921875 0.015625 0.03125
1 0.01640625 0.46015625 0.0328125 0.0671875
1 0.00703125 0.34375 0.0140625 0.040625
3 0.34296875 0.33125 0.13125 0.11875
0 0.60625 0.44296875 0.434375 0.1953125
0 0.84140625 0.51796875 0.315625 0.24375