1 0.58515625 0.821875 0.159375 0.28125
1 0.46796875 0.5015625 0.0765625 0.1265625
1 0.859375 0.90546875 0.228125 0.1859375
1 0.47109375 0.37578125 0.05625 0.078125
1 0.33828125 0.36875 0.046875 0.075
1 0.24140625 0.51171875 0.128125 0.1171875
1 0.65546875 0.5359375 0.109375 0.09375
1 0.1671875 0.29140625 0.0375 0.0546875
1 0.3875 0.3453125 0.046875 0.06875
1 0.534375 0.28671875 0.0359375 0.025
1 0.20546875 0.32890625 0.065625 0.0609375
1 0.85234375 0.28515625 0.05 0.0453125
1 0.58671875 0.36328125 0.075 0.096875
1 0.415625 0.30859375 0.04375 0.0578125
2 0.05 0.40078125 0.046875 0.0578125
2 0.16015625 0.35703125 0.03125 0.040625
2 0.19765625 0.3515625 0.046875 0.0453125
2 0.81328125 0.328125 0.03125 0.0453125
0 0.53046875 0.10078125 0.046875 0.071875