1 0.81640625 0.43046875 0.08125 0.0765625
1 0.56484375 0.9390625 0.121875 0.11875
1 0.2796875 0.76640625 0.10625 0.1890625
1 0.41015625 0.77890625 0.09375 0.1875
1 0.55390625 0.72421875 0.0859375 0.1671875
1 0.19921875 0.66640625 0.0984375 0.1484375
1 0.38828125 0.9765625 0.103125 0.04375
1 0.446875 0.5890625 0.08125 0.159375
1 0.26796875 0.528125 0.071875 0.1078125
1 0.725 0.19609375 0.028125 0.0328125
1 0.32734375 0.61171875 0.08125 0.13125
1 0.46484375 0.178125 0.021875 0.0296875
1 0.95234375 0.32109375 0.06875 0.0546875
1 0.36015625 0.50625 0.065625 0.1015625
1 0.43515625 0.17421875 0.021875 0.0296875
1 0.31328125 0.4359375 0.0546875 0.084375
1 0.2234375 0.21484375 0.028125 0.0375
1 0.25703125 0.1984375 0.046875 0.0296875
1 0.38828125 0.43359375 0.0625 0.0859375
1 0.95703125 0.284375 0.0390625 0.0359375
1 0.3359375 0.37890625 0.040625 0.071875
1 0.359375 0.34921875 0.0375 0.0609375
0 0.16796875 0.4609375 0.1671875 0.2453125
0 0.05078125 0.7109375 0.1015625 0.359375
0 0.28125 0.31875 0.0921875 0.1453125
0 0.34609375 0.2515625 0.0875 0.125
0 0.41875 0.3046875 0.06875 0.1375
3 0.43125 0.22421875 0.0640625 0.0734375