1 0.59609375 0.64921875 0.0703125 0.13125
1 0.78515625 0.840625 0.14375 0.2265625
1 0.753125 0.48671875 0.0390625 0.0484375
1 0.62734375 0.5046875 0.04375 0.065625
1 0.68515625 0.4546875 0.0359375 0.04375
2 0.15703125 0.53046875 0.034375 0.065625
2 0.31015625 0.46171875 0.015625 0.0390625
0 0.74609375 0.41953125 0.05 0.084375
0 0.5484375 0.43984375 0.0578125 0.1140625
0 0.9546875 0.553125 0.0890625 0.1609375
0 0.68984375 0.38125 0.05625 0.0640625
0 0.88125 0.4859375 0.1625 0.15
0 0.47578125 0.5484375 0.096875 0.29375