1 0.18515625 0.49140625 0.109375 0.1171875
1 0.73203125 0.7765625 0.1796875 0.2421875
1 0.49609375 0.59375 0.1 0.165625
1 0.43515625 0.42578125 0.0625 0.096875
1 0.175 0.2765625 0.0359375 0.05
1 0.43984375 0.3359375 0.05 0.065625
1 0.20546875 0.3265625 0.0671875 0.0609375
1 0.646875 0.8296875 0.4171875 0.3375
1 0.57109375 0.2984375 0.0421875 0.040625
1 0.321875 0.3296875 0.040625 0.0625
1 0.57421875 0.4796875 0.0828125 0.1109375
1 0.85234375 0.28359375 0.05 0.040625
1 0.36796875 0.3140625 0.040625 0.0609375
1 0.58671875 0.3609375 0.071875 0.0953125
1 0.86328125 0.33828125 0.04375 0.0546875
2 0.05 0.39921875 0.046875 0.0578125
2 0.159375 0.3546875 0.03125 0.04375
2 0.19609375 0.34921875 0.0484375 0.046875
0 0.63984375 0.265625 0.084375 0.1015625