1 0.80546875 0.43515625 0.1546875 0.11875
1 0.35390625 0.903125 0.29375 0.190625
1 0.68828125 0.22109375 0.10625 0.0828125
1 0.58125 0.19453125 0.0828125 0.0671875
1 0.14375 0.2296875 0.0875 0.0625
1 0.7359375 0.90546875 0.3140625 0.1859375
1 0.97265625 0.32421875 0.053125 0.075
1 0.94453125 0.1203125 0.046875 0.040625
1 0.9859375 0.10390625 0.0265625 0.0359375
1 0.96875 0.28125 0.0609375 0.0640625
1 0.00859375 0.18203125 0.0171875 0.046875
2 0.2484375 0.26171875 0.040625 0.046875
3 0.58828125 0.66953125 0.2859375 0.265625
0 0.83515625 0.2546875 0.140625 0.1578125
0 0.3625 0.03671875 0.05625 0.0734375
0 0.896875 0.04296875 0.0734375 0.0671875