1 0.89921875 0.659375 0.165625 0.2515625
1 0.5078125 0.221875 0.065625 0.0890625
1 0.90078125 0.196875 0.071875 0.0875
1 0.68359375 0.19921875 0.0625 0.0875
1 0.971875 0.25703125 0.0546875 0.1109375
1 0.62578125 0.34140625 0.0859375 0.134375
1 0.015625 0.72890625 0.03125 0.1609375
1 0.9703125 0.45 0.0578125 0.1546875
1 0.64140625 0.0640625 0.03125 0.05
1 0.8046875 0.18203125 0.0578125 0.075
1 0.83515625 0.071875 0.04375 0.0515625
1 0.04296875 0.49453125 0.0859375 0.1703125
1 0.090625 0.42421875 0.0921875 0.140625
1 0.13828125 0.36171875 0.09375 0.125
1 0.61015625 0.1296875 0.04375 0.065625
1 0.6109375 0.2203125 0.05625 0.121875
1 0.70234375 0.00703125 0.0203125 0.0140625
1 0.803125 0.11640625 0.046875 0.059375
1 0.18984375 0.309375 0.0828125 0.1109375
1 0.73359375 0.0453125 0.03125 0.046875
2 0.06796875 0.75703125 0.06875 0.18125
2 0.78359375 0.35859375 0.034375 0.090625
0 0.5453125 0.06015625 0.05 0.0953125
1 0.23046875 0.26484375 0.0703125 0.09375
1 0.2546875 0.22890625 0.0484375 0.0734375
1 0.2609375 0.19609375 0.08125 0.0515625
1 0.59140625 0.04765625 0.0234375 0.0453125
1 0.78671875 0.0390625 0.0265625 0.0375