1 0.68671875 0.20625 0.0890625 0.0765625
1 0.26328125 0.434375 0.153125 0.1390625
1 0.03125 0.2984375 0.0625 0.0671875
1 0.01953125 0.5578125 0.0390625 0.115625
1 0.86796875 0.25546875 0.10625 0.0859375
1 0.9 0.0984375 0.046875 0.0453125
1 0.98203125 0.15390625 0.034375 0.05625
1 0.28359375 0.23828125 0.11875 0.06875
1 0.62421875 0.29921875 0.121875 0.109375
1 0.53828125 0.24296875 0.078125 0.0703125
1 0.8609375 0.04296875 0.0328125 0.0375
1 0.76953125 0.14140625 0.071875 0.0578125
1 0.9265625 0.03828125 0.0453125 0.0390625
1 0.8921875 0.01171875 0.028125 0.0234375
1 0.446875 0.35 0.10625 0.1296875
1 0.78671875 0.12109375 0.075 0.046875
1 0.825 0.18359375 0.0671875 0.059375
2 0.36171875 0.2609375 0.0390625 0.0515625
2 0.475 0.21875 0.0375 0.0453125
2 0.11796875 0.33671875 0.046875 0.0546875
2 0.18984375 0.2859375 0.040625 0.04375
2 0.28203125 0.10390625 0.0375 0.0359375
2 0.21171875 0.0953125 0.0171875 0.0390625
2 0.07421875 0.38125 0.0546875 0.059375
3 0.5875 0.63828125 0.2859375 0.2609375
0 0.51796875 0.14296875 0.3015625 0.1453125
0 0.11953125 0.18515625 0.2390625 0.1453125
0 0.2546875 0.03359375 0.09375 0.0671875