1 0.33828125 0.58203125 0.1078125 0.1765625
1 0.65390625 0.74375 0.2 0.23125
1 0.046875 0.51484375 0.09375 0.121875
1 0.96171875 0.91015625 0.075 0.1765625
1 0.27421875 0.375 0.05 0.10625
1 0.5984375 0.54453125 0.153125 0.175
1 0.36953125 0.384375 0.0546875 0.10625
1 0.98125 0.74921875 0.0359375 0.15
1 0.4828125 0.3765625 0.059375 0.1171875
1 0.4734375 0.25859375 0.040625 0.0765625
1 0.33359375 0.25703125 0.0390625 0.0625
1 0.41953125 0.315625 0.040625 0.0796875
1 0.6703125 0.284375 0.075 0.1140625
1 0.38359375 0.26171875 0.034375 0.0578125
1 0.97421875 0.1734375 0.05 0.04375
1 0.44296875 0.184375 0.03125 0.0453125
1 0.2921875 0.2109375 0.0390625 0.0484375
1 0.784375 0.06875 0.015625 0.01875
1 0.43359375 0.228125 0.03125 0.05625
1 0.97421875 0.484375 0.05 0.0578125
1 0.25234375 0.15546875 0.0375 0.0296875
1 0.50546875 0.17578125 0.028125 0.040625
1 0.2171875 0.1390625 0.0328125 0.025
1 0.89609375 0.1109375 0.021875 0.0296875
0 0.05859375 0.325 0.1171875 0.175
0 0.17265625 0.32109375 0.178125 0.2359375
0 0.35078125 0.178125 0.0671875 0.1109375
0 0.49375 0.09609375 0.0671875 0.0640625
0 0.20625 0.215625 0.1125 0.10625
0 0.2328125 0.096875 0.040625 0.046875