1 0.68515625 0.79296875 0.24375 0.28125
1 0.29453125 0.73984375 0.290625 0.2546875
1 0.58984375 0.23515625 0.103125 0.0953125
1 0.290625 0.2890625 0.1265625 0.1046875
1 0.0859375 0.7359375 0.171875 0.25
1 0.48515625 0.246875 0.10625 0.10625
1 0.07734375 0.375 0.14375 0.125
1 0.39921875 0.23515625 0.078125 0.0890625
1 0.95078125 0.4390625 0.096875 0.1890625
1 0.71796875 0.534375 0.178125 0.1953125
1 0.91953125 0.33984375 0.1125 0.1203125
1 0.70234375 0.4203125 0.1625 0.1453125
1 0.64921875 0.35625 0.121875 0.1203125
1 0.02578125 0.571875 0.0515625 0.1
1 0.01953125 0.46953125 0.0390625 0.1046875
1 0.7484375 0.19296875 0.084375 0.09375
1 0.82734375 0.24140625 0.0578125 0.10625
1 0.8765625 0.0796875 0.046875 0.0484375
1 0.86015625 0.17890625 0.071875 0.0984375
1 0.6734375 0.16875 0.071875 0.078125
1 0.78671875 0.11171875 0.0625 0.065625
1 0.87265625 0.13203125 0.059375 0.0609375
1 0.98125 0.10625 0.0359375 0.0609375
1 0.7265625 0.16328125 0.075 0.09375
1 0.9484375 0.10078125 0.05625 0.0578125
1 0.16015625 0.97578125 0.31875 0.0453125
1 0.99609375 0.24453125 0.00625 0.0671875
2 0.14921875 0.28828125 0.0328125 0.059375