1 0.03984375 0.92109375 0.078125 0.1546875
1 0.7046875 0.90546875 0.309375 0.1859375
1 0.8234375 0.246875 0.1140625 0.084375
1 0.68046875 0.21171875 0.10625 0.084375
1 0.2671875 0.9046875 0.2953125 0.1875
1 0.021875 0.3984375 0.04375 0.1109375
1 0.54140625 0.1796875 0.078125 0.0640625
1 0.08984375 0.1390625 0.05625 0.0484375
1 0.4296875 0.253125 0.096875 0.071875
1 0.97265625 0.31875 0.053125 0.075
1 0.04140625 0.278125 0.0828125 0.0859375
1 0.47578125 0.23046875 0.0859375 0.06875
1 0.09921875 0.1859375 0.0609375 0.06875
1 0.96875 0.27421875 0.0609375 0.0640625
1 0.17265625 0.21328125 0.0609375 0.0671875
1 0.57421875 0.28671875 0.1125 0.09375
1 0.025 0.25390625 0.05 0.0671875
1 0.32578125 0.2265625 0.09375 0.0796875
1 0.94296875 0.13359375 0.053125 0.0484375
1 0.59140625 0.246875 0.1046875 0.071875
1 0.37734375 0.20703125 0.05625 0.059375
2 0.21328125 0.28125 0.04375 0.0484375
2 0.46328125 0.13515625 0.03125 0.034375
2 0.26484375 0.2046875 0.03125 0.0546875
2 0.90078125 0.14921875 0.021875 0.0390625
2 0.02734375 0.1609375 0.01875 0.040625
2 0.3578125 0.16875 0.021875 0.0328125
3 0.58671875 0.659375 0.28125 0.2625
0 0.275 0.0890625 0.0921875 0.11875
0 0.24609375 0.06171875 0.08125 0.0984375