1 0.84140625 0.21875 0.06875 0.0859375
1 0.70703125 0.0984375 0.034375 0.0484375
1 0.678125 0.0484375 0.028125 0.0375
1 0.8609375 0.17109375 0.0578125 0.071875
1 0.0359375 0.5234375 0.071875 0.171875
1 0.75390625 0.0515625 0.028125 0.0453125
1 0.07578125 0.45078125 0.090625 0.1390625
1 0.12265625 0.38984375 0.09375 0.125
1 0.1734375 0.3359375 0.0875 0.109375
1 0.21484375 0.29140625 0.071875 0.0984375
1 0.23828125 0.25859375 0.0515625 0.0875
2 0.63984375 0.36640625 0.0375 0.096875
0 0.4328125 0.5296875 0.225 0.6859375