1 0.35703125 0.53359375 0.1578125 0.259375
1 0.7203125 0.4734375 0.1921875 0.171875
1 0.08984375 0.06015625 0.025 0.0359375
1 0.17578125 0.05546875 0.0265625 0.0296875
1 0.06640625 0.08828125 0.028125 0.0390625
1 0.57890625 0.0640625 0.053125 0.0390625
1 0.95234375 0.29609375 0.09375 0.08125
1 0.79296875 0.14375 0.046875 0.0390625
1 0.2828125 0.03671875 0.03125 0.034375
1 0.77109375 0.21328125 0.0703125 0.078125
1 0.8484375 0.15546875 0.040625 0.0453125
1 0.4671875 0.10078125 0.05 0.046875
1 0.12890625 0.0109375 0.01875 0.021875
1 0.03671875 0.02578125 0.0171875 0.021875
1 0.24921875 0.02578125 0.0296875 0.025
2 0.02421875 0.1515625 0.0140625 0.0328125