1 0.9546875 0.6703125 0.0890625 0.2109375
1 0.87578125 0.25703125 0.121875 0.1078125
1 0.04609375 0.2546875 0.0921875 0.096875
1 0.17890625 0.23359375 0.1359375 0.1078125
1 0.32421875 0.53515625 0.2640625 0.215625
1 0.56640625 0.15859375 0.0828125 0.084375
1 0.584375 0.08515625 0.04375 0.040625
1 0.28203125 0.4140625 0.184375 0.16875
1 0.4984375 0.08671875 0.05 0.059375
1 0.32578125 0.21953125 0.1328125 0.071875
1 0.44765625 0.08984375 0.05625 0.065625
1 0.15859375 0.17578125 0.115625 0.0859375
1 0.63671875 0.078125 0.034375 0.0453125