1 0.34453125 0.47109375 0.171875 0.14375
1 0.071875 0.56875 0.14375 0.1671875
1 0.825 0.15703125 0.08125 0.0515625
1 0.9859375 0.078125 0.0265625 0.040625
1 0.125 0.4484375 0.11875 0.121875
1 0.9 0.115625 0.0421875 0.0453125
1 0.859375 0.071875 0.034375 0.040625
1 0.81953125 0.03359375 0.025 0.025
1 0.26953125 0.17109375 0.084375 0.0453125
2 0.58515625 0.4890625 0.059375 0.0703125
2 0.78671875 0.44375 0.059375 0.0796875
2 0.92421875 0.18359375 0.021875 0.0453125
2 0.21171875 0.1109375 0.0171875 0.0453125
2 0.87578125 0.1859375 0.0359375 0.04375
3 0.5875 0.65625 0.2875 0.2609375
0 0.61640625 0.209375 0.328125 0.18125
0 0.18671875 0.27578125 0.3734375 0.2203125
0 0.05546875 0.4 0.1109375 0.259375
0 0.25234375 0.05703125 0.103125 0.096875