1 0.6796875 0.5015625 0.128125 0.134375
1 0.83671875 0.71328125 0.1765625 0.1890625
1 0.55546875 0.3953125 0.103125 0.10625
1 0.3140625 0.28828125 0.078125 0.0859375
1 0.4453125 0.3015625 0.0875 0.0859375
1 0.59296875 0.59140625 0.125 0.165625
1 0.92109375 0.9296875 0.15625 0.1375
1 0.10546875 0.18203125 0.06875 0.06875
1 0.4703125 0.434375 0.10625 0.128125
1 0.1921875 0.20390625 0.06875 0.0671875
1 0.98515625 0.38046875 0.028125 0.0640625
1 0.87734375 0.31328125 0.0890625 0.1
1 0.96328125 0.46796875 0.071875 0.1171875
1 0.37734375 0.353125 0.0875 0.1015625
1 0.66015625 0.215625 0.059375 0.0765625
1 0.7328125 0.2 0.059375 0.075
1 0.2609375 0.1953125 0.0765625 0.0609375
1 0.80546875 0.3296875 0.103125 0.121875
1 0.803125 0.259375 0.078125 0.075
1 0.84921875 0.46171875 0.1640625 0.16875
1 0.6875 0.1640625 0.05 0.06875
1 0.63046875 0.10390625 0.028125 0.0484375
1 0.78671875 0.0234375 0.025 0.04375
1 0.2515625 0.22890625 0.0625 0.090625
1 0.66171875 0.13828125 0.0359375 0.05625
1 0.47890625 0.09296875 0.0296875 0.0484375
2 0.40390625 0.18046875 0.0234375 0.0453125
2 0.94140625 0.1484375 0.028125 0.0484375
2 0.25390625 0.51015625 0.0609375 0.090625
2 0.68203125 0.29296875 0.03125 0.059375
2 0.16171875 0.52421875 0.05625 0.0859375
2 0.01171875 0.27265625 0.0234375 0.0640625
2 0.1453125 0.425 0.0515625 0.084375
2 0.18828125 0.45625 0.059375 0.084375
3 0.03671875 0.1234375 0.0734375 0.1390625
0 0.2375 0.134375 0.240625 0.1359375
0 0.53515625 0.209375 0.184375 0.1859375
0 0.58671875 0.10546875 0.065625 0.115625
1 0.60078125 0.028125 0.01875 0.0296875
0 0.5703125 0.0265625 0.0453125 0.0515625