1 0.21953125 0.3140625 0.1390625 0.1140625
1 0.06484375 0.9296875 0.1296875 0.134375
1 0.36484375 0.8484375 0.30625 0.3
1 0.45234375 0.615625 0.2375 0.209375
1 0.82265625 0.61171875 0.1859375 0.2359375
1 0.08515625 0.734375 0.1703125 0.25
1 0.50078125 0.2734375 0.1171875 0.109375
1 0.659375 0.346875 0.1125 0.125
1 0.040625 0.40859375 0.08125 0.13125
1 0.4 0.290625 0.11875 0.1109375
1 0.91484375 0.1109375 0.065625 0.0671875
1 0.3828125 0.24375 0.08125 0.0875
1 0.96328125 0.28828125 0.071875 0.10625
1 0.98515625 0.371875 0.028125 0.134375
1 0.77421875 0.3609375 0.1234375 0.125
1 0.68828125 0.2234375 0.10625 0.0953125
1 0.82578125 0.434375 0.14375 0.14375
1 0.84375 0.18125 0.0875 0.096875
1 0.75078125 0.13125 0.06875 0.0640625
1 0.84765625 0.09296875 0.053125 0.0546875
1 0.81015625 0.14609375 0.0796875 0.05625
0 0.9484375 0.040625 0.103125 0.08125
1 0.6203125 0.1859375 0.0546875 0.0796875
1 0.97890625 0.1109375 0.040625 0.0703125
1 0.8265625 0.2453125 0.05625 0.10625
1 0.66484375 0.1890625 0.09375 0.096875
1 0.98828125 0.134375 0.021875 0.0609375
2 0.14765625 0.284375 0.040625 0.059375