1 0.29296875 0.4046875 0.0953125 0.090625
1 0.690625 0.5765625 0.1015625 0.15
1 0.42265625 0.94453125 0.196875 0.1078125
1 0.56796875 0.54609375 0.1109375 0.1375
1 0.89921875 0.3140625 0.04375 0.0640625
1 0.7921875 0.23671875 0.0390625 0.0484375
1 0.57109375 0.3203125 0.0625 0.078125
1 0.97890625 0.403125 0.040625 0.1140625
1 0.83984375 0.265625 0.04375 0.0578125
1 0.62421875 0.23515625 0.046875 0.05625
1 0.80703125 0.32578125 0.05625 0.09375
1 0.85078125 0.16171875 0.0234375 0.03125
1 0.70859375 0.13984375 0.021875 0.025
1 0.67578125 0.20546875 0.0375 0.040625
1 0.93046875 0.15078125 0.01875 0.028125
1 0.65703125 0.18515625 0.034375 0.0453125
1 0.72265625 0.2 0.0328125 0.040625
1 0.09453125 0.58203125 0.184375 0.165625
1 0.7984375 0.14296875 0.0203125 0.0296875
1 0.478125 0.0546875 0.025 0.0140625
1 0.875 0.128125 0.01875 0.0265625
1 0.72265625 0.17578125 0.028125 0.034375
1 0.9046875 0.12890625 0.015625 0.025
1 0.96640625 0.146875 0.0203125 0.028125
0 0.40546875 0.03984375 0.103125 0.0609375
0 0.7609375 0.12734375 0.053125 0.0734375
0 0.0421875 0.08828125 0.084375 0.0796875
1 0.08671875 0.10703125 0.0640625 0.0296875