1 0.8625 0.91015625 0.2734375 0.1765625
1 0.040625 0.92109375 0.08125 0.1546875
1 0.31484375 0.9140625 0.296875 0.16875
1 0.7265625 0.2265625 0.10625 0.0765625
1 0.66796875 0.31953125 0.121875 0.10625
1 0.5328125 0.1796875 0.090625 0.0703125
1 0.40234375 0.14375 0.05625 0.053125
1 0.85703125 0.34140625 0.1328125 0.109375
1 0.43984375 0.25625 0.1 0.0765625
1 0.16328125 0.228125 0.0625 0.075
1 0.496875 0.234375 0.08125 0.06875
1 0.96953125 0.27578125 0.059375 0.059375
1 0.03984375 0.16328125 0.078125 0.075
1 0.3265625 0.2265625 0.09375 0.0796875
1 0.240625 0.14921875 0.040625 0.053125
1 0.1609375 0.1140625 0.0375 0.04375
1 0.17734375 0.1296875 0.046875 0.05625
1 0.38203125 0.20859375 0.0484375 0.0609375
1 0.97265625 0.31875 0.053125 0.075
1 0.1453125 0.1953125 0.05625 0.065625
2 0.4640625 0.14453125 0.03125 0.0484375
2 0.23671875 0.278125 0.04375 0.0484375
2 0.26484375 0.2109375 0.03125 0.0484375
2 0.36015625 0.1703125 0.021875 0.0296875
2 0.87734375 0.1203125 0.0296875 0.0375
3 0.58671875 0.66015625 0.28125 0.2609375
0 0.0640625 0.29609375 0.128125 0.2859375
0 0.315625 0.059375 0.078125 0.096875