1 0.96328125 0.534375 0.071875 0.109375
1 0.49140625 0.41875 0.06875 0.09375
1 0.31796875 0.58125 0.0875 0.1515625
1 0.584375 0.31953125 0.046875 0.0578125
1 0.80859375 0.42421875 0.0796875 0.08125
1 0.20703125 0.325 0.0640625 0.0609375
1 0.7453125 0.434375 0.0828125 0.084375
1 0.14453125 0.34140625 0.0484375 0.06875
1 0.6921875 0.3453125 0.059375 0.06875
1 0.71796875 0.665625 0.1359375 0.190625
1 0.27890625 0.3203125 0.015625 0.0640625
1 0.853125 0.28125 0.0484375 0.0453125
2 0.05 0.3953125 0.046875 0.0578125
2 0.08671875 0.33515625 0.025 0.0375
2 0.81015625 0.3203125 0.021875 0.034375
0 0.34140625 0.38984375 0.1171875 0.228125
0 0.65390625 0.26875 0.096875 0.115625
0 0.65859375 0.73515625 0.41875 0.5265625
0 0.53046875 0.0984375 0.046875 0.0703125
0 0.31875 0.24296875 0.0625 0.078125