1 0.03359375 0.79453125 0.0671875 0.1609375
1 0.7765625 0.7359375 0.2265625 0.271875
1 0.259375 0.62578125 0.2484375 0.1921875
1 0.56953125 0.21640625 0.09375 0.0859375
1 0.47578125 0.78125 0.265625 0.25625
1 0.7734375 0.50703125 0.165625 0.1703125
1 0.35703125 0.69296875 0.2640625 0.2265625
1 0.77578125 0.36484375 0.115625 0.1296875
1 0.53359375 0.1703125 0.071875 0.0671875
1 0.63203125 0.16328125 0.078125 0.0671875
1 0.7734375 0.1859375 0.08125 0.0796875
1 0.89296875 0.16484375 0.0671875 0.084375
1 0.59375 0.940625 0.1375 0.115625
1 0.49921875 0.9390625 0.2359375 0.11875
1 0.75 0.1609375 0.071875 0.078125
1 0.62734375 0.1296875 0.06875 0.0515625
1 0.96640625 0.12109375 0.065625 0.0765625
1 0.909375 0.08984375 0.0421875 0.0484375
1 0.86875 0.1296875 0.05625 0.075
1 0.92578125 0.109375 0.0453125 0.053125
1 0.95 0.06328125 0.0453125 0.05
1 0.91875 0.0609375 0.0359375 0.0359375
1 0.70703125 0.134375 0.06875 0.0625
1 0.84140625 0.1234375 0.046875 0.0609375