1 0.41484375 0.28046875 0.06875 0.06875
1 0.31484375 0.92578125 0.240625 0.1453125
1 0.48828125 0.203125 0.0625 0.0578125
1 0.19140625 0.85859375 0.2765625 0.2609375
1 0.76953125 0.090625 0.0453125 0.0484375
1 0.45859375 0.06484375 0.046875 0.040625
1 0.04140625 0.59765625 0.0828125 0.1140625
1 0.55546875 0.21875 0.06875 0.0640625
1 0.96328125 0.0140625 0.0375 0.028125
1 0.640625 0.17109375 0.0546875 0.065625
1 0.97734375 0.11171875 0.04375 0.0796875
1 0.6859375 0.38984375 0.109375 0.13125
1 0.85234375 0.240625 0.0828125 0.0890625
1 0.17109375 0.184375 0.0609375 0.0453125
1 0.05234375 0.23203125 0.0875 0.06875
1 0.86171875 0.11953125 0.040625 0.0453125
1 0.34296875 0.51015625 0.0703125 0.075
1 0.5390625 0.03828125 0.04375 0.03125
0 0.85859375 0.4140625 0.28125 0.4390625