1 0.88125 0.89921875 0.2359375 0.1984375
1 0.453125 0.88671875 0.246875 0.221875
1 0.09609375 0.88125 0.1921875 0.225
1 0.8015625 0.33984375 0.1625 0.1203125
1 0.23828125 0.18671875 0.090625 0.0703125
1 0.56640625 0.115625 0.084375 0.065625
1 0.39765625 0.178125 0.0984375 0.0640625
1 0.74921875 0.23359375 0.121875 0.0890625
1 0.09765625 0.1734375 0.08125 0.0578125
1 0.878125 0.21875 0.125 0.0890625
1 0.08046875 0.1359375 0.0796875 0.053125
1 0.4609375 0.15390625 0.0875 0.075
1 0.4671875 0.09140625 0.0703125 0.0546875
1 0.95 0.19609375 0.0984375 0.08125
1 0.80859375 0.16484375 0.0984375 0.0703125
1 0.67109375 0.13125 0.0890625 0.078125
1 0.98046875 0.0453125 0.0375 0.05
1 0.20390625 0.11640625 0.0765625 0.0453125
1 0.19375 0.15078125 0.078125 0.0578125
1 0.13671875 0.06640625 0.0671875 0.0484375
1 0.01953125 0.0859375 0.0390625 0.0625
1 0.396875 0.0765625 0.059375 0.0546875
1 0.740625 0.17578125 0.109375 0.0640625
2 0.06875 0.58046875 0.071875 0.0953125
2 0.31796875 0.11171875 0.040625 0.04375
3 0.60078125 0.59375 0.2875 0.2609375