1 0.97265625 0.60390625 0.053125 0.1703125
1 0.73671875 0.64453125 0.24375 0.2296875
1 0.546875 0.43046875 0.165625 0.15
1 0.6046875 0.36171875 0.14375 0.128125
1 0.2671875 0.34296875 0.1078125 0.1046875
1 0.58515625 0.171875 0.096875 0.0703125
1 0.97265625 0.20625 0.053125 0.1015625
1 0.69609375 0.08984375 0.0828125 0.0546875
1 0.59609375 0.13671875 0.090625 0.0671875
1 0.7171875 0.18203125 0.1140625 0.0796875
1 0.8671875 0.07890625 0.096875 0.0609375
1 0.453125 0.309375 0.128125 0.115625
1 0.05234375 0.19375 0.040625 0.046875
1 0.8640625 0.1984375 0.1265625 0.0890625
1 0.3265625 0.28203125 0.1015625 0.0875
1 0.8359375 0.41328125 0.2203125 0.196875
1 0.8515625 0.04375 0.09375 0.05
1 0.30859375 0.153125 0.0640625 0.053125
1 0.70390625 0.14296875 0.1 0.0671875
1 0.0484375 0.28515625 0.040625 0.0671875
1 0.0203125 0.26953125 0.040625 0.0609375
1 0.24609375 0.2703125 0.0390625 0.0640625
1 0.87890625 0.165625 0.125 0.0765625
0 0.43828125 0.12890625 0.1984375 0.13125
0 0.14609375 0.278125 0.184375 0.1734375
0 0.0828125 0.07890625 0.075 0.05
0 0.7375 0.03203125 0.08125 0.0640625