1 0.2671875 0.640625 0.1328125 0.159375
1 0.53203125 0.8609375 0.240625 0.275
1 0.77109375 0.51640625 0.15625 0.1078125
1 0.95078125 0.6 0.096875 0.1140625
1 0.66640625 0.4359375 0.128125 0.1015625
1 0.45 0.1984375 0.034375 0.0296875
1 0.58984375 0.46328125 0.1265625 0.10625
1 0.36640625 0.184375 0.03125 0.025
1 0.50546875 0.38671875 0.09375 0.08125
1 0.54609375 0.21953125 0.0515625 0.0359375
1 0.153125 0.53984375 0.09375 0.1203125
1 0.28046875 0.18359375 0.0296875 0.0296875
1 0.0890625 0.484375 0.0765625 0.0984375
1 0.134375 0.43828125 0.0671875 0.0859375
1 0.8234375 0.60625 0.1828125 0.1015625
1 0.03671875 0.440625 0.059375 0.08125
1 0.03671875 0.184375 0.0171875 0.0171875
1 0.43359375 0.43671875 0.0875 0.05625
1 0.01953125 0.28125 0.0390625 0.0484375
1 0.44453125 0.40859375 0.0953125 0.0796875
1 0.0109375 0.40703125 0.021875 0.0671875
2 0.80390625 0.27578125 0.028125 0.0453125
2 0.0109375 0.5734375 0.021875 0.065625
0 0.80390625 0.784375 0.390625 0.428125
0 0.909375 0.465625 0.1796875 0.228125
0 0.07109375 0.36328125 0.1421875 0.1453125
0 0.28984375 0.328125 0.175 0.1375
0 0.36484375 0.54609375 0.409375 0.3953125
0 0.3765625 0.31875 0.1765625 0.1328125
0 0.071875 0.17421875 0.0453125 0.0375