1 0.940625 0.23984375 0.08125 0.0984375
1 0.7375 0.828125 0.20625 0.340625
1 0.8125 0.4546875 0.1109375 0.171875
1 0.61953125 0.29375 0.075 0.1203125
1 0.49296875 0.209375 0.075 0.0859375
1 0.66484375 0.1703125 0.0578125 0.078125
1 0.01640625 0.73125 0.0328125 0.1640625
1 0.8484375 0.24453125 0.071875 0.1
1 0.04296875 0.49609375 0.0859375 0.1703125
1 0.85625 0.090625 0.046875 0.05625
1 0.63671875 0.05078125 0.0296875 0.046875
1 0.60703125 0.18984375 0.0515625 0.1015625
1 0.79609375 0.0515625 0.0359375 0.0453125
1 0.13984375 0.3640625 0.09375 0.125
1 0.825 0.14609375 0.053125 0.0671875
1 0.09140625 0.4265625 0.090625 0.1390625
1 0.75078125 0.06484375 0.034375 0.0484375
1 0.18984375 0.3109375 0.084375 0.1109375
1 0.609375 0.11484375 0.040625 0.0640625
2 0.06328125 0.79140625 0.0671875 0.1546875
2 0.74765625 0.275 0.03125 0.0765625
2 0.23203125 0.390625 0.021875 0.075
0 0.5484375 0.05078125 0.04375 0.0875