1 0.34296875 0.35078125 0.078125 0.071875
1 0.609375 0.59140625 0.16875 0.1578125
1 0.7921875 0.6890625 0.2140625 0.196875
1 0.25859375 0.29453125 0.0546875 0.0515625
1 0.48046875 0.20625 0.053125 0.0390625
1 0.31953125 0.1953125 0.0390625 0.03125
1 0.1390625 0.38828125 0.0703125 0.06875
1 0.66171875 0.2 0.05625 0.040625
1 0.36796875 0.1609375 0.034375 0.025
1 0.55 0.18828125 0.05 0.0359375
1 0.03125 0.22109375 0.021875 0.028125
1 0.15078125 0.28359375 0.040625 0.0453125
1 0.85390625 0.56953125 0.228125 0.2171875
1 0.4546875 0.17109375 0.034375 0.03125
1 0.08046875 0.22109375 0.028125 0.028125
1 0.76640625 0.2359375 0.028125 0.028125
1 0.08984375 0.24375 0.025 0.028125
1 0.2828125 0.16328125 0.03125 0.0296875
0 0.05859375 0.16328125 0.0390625 0.0328125
0 0.83359375 0.41015625 0.3296875 0.2578125