1 0.5578125 0.91796875 0.1125 0.1609375
1 0.21171875 0.921875 0.13125 0.1515625
1 0.553125 0.73671875 0.0875 0.1671875
1 0.39609375 0.9296875 0.125 0.1375
1 0.41796875 0.74140625 0.0875 0.16875
1 0.04765625 0.75234375 0.0953125 0.1609375
1 0.05234375 0.94296875 0.1046875 0.1109375
1 0.27734375 0.7796875 0.109375 0.18125
1 0.44921875 0.584375 0.078125 0.15
1 0.91328125 0.35859375 0.0484375 0.0578125
1 0.1296875 0.79921875 0.1140625 0.1796875
1 0.32734375 0.640625 0.0828125 0.1375
1 0.953125 0.3109375 0.0421875 0.0515625
1 0.89765625 0.28203125 0.0640625 0.046875
1 0.26171875 0.55703125 0.075 0.1109375
1 0.19453125 0.653125 0.096875 0.1765625
1 0.35546875 0.5546875 0.0703125 0.109375
1 0.39765625 0.43984375 0.0515625 0.0796875
1 0.22265625 0.23125 0.0265625 0.0375
1 0.30078125 0.48046875 0.059375 0.090625
1 0.2640625 0.2015625 0.0234375 0.0375
1 0.4828125 0.14609375 0.0125 0.01875
1 0.64296875 0.13828125 0.0125 0.0203125
1 0.471875 0.13515625 0.0125 0.01875
1 0.36953125 0.49296875 0.059375 0.09375
1 0.53515625 0.1359375 0.0125 0.0171875
1 0.32109375 0.43359375 0.05 0.075
0 0.14609375 0.51796875 0.2125 0.3140625
0 0.03359375 0.5609375 0.0671875 0.246875
0 0.29375 0.3203125 0.084375 0.1375
0 0.24609375 0.3859375 0.096875 0.1765625
0 0.4171875 0.303125 0.059375 0.1734375
0 0.35 0.26875 0.0765625 0.11875
3 0.2890625 0.23984375 0.0609375 0.0671875
1 0.33515625 0.39609375 0.0390625 0.0609375
1 0.3578125 0.3640625 0.0359375 0.0609375
1 0.37578125 0.33203125 0.0296875 0.05625
1 0.39609375 0.3890625 0.0390625 0.0421875