1 0.096875 0.66640625 0.19375 0.2265625
1 0.67734375 0.31484375 0.0875 0.115625
1 0.73359375 0.43046875 0.15 0.1546875
1 0.91328125 0.246875 0.0765625 0.0953125
1 0.04296875 0.22578125 0.0859375 0.075
1 0.84921875 0.18359375 0.06875 0.1
1 0.06875 0.3546875 0.1375 0.165625
1 0.82734375 0.2390625 0.059375 0.1078125
1 0.11796875 0.19921875 0.08125 0.065625
0 0.56484375 0.196875 0.303125 0.2546875
0 0.94921875 0.328125 0.1 0.3109375
3 0.88515625 0.1015625 0.084375 0.15625
1 0.98125 0.1078125 0.0375 0.0578125
1 0.95859375 0.08359375 0.0609375 0.05625
1 0.946875 0.06328125 0.0453125 0.0453125