1 0.59375 0.509375 0.159375 0.178125
1 0.725 0.23125 0.1140625 0.09375
1 0.82734375 0.671875 0.2765625 0.334375
1 0.60546875 0.1953125 0.0859375 0.0765625
1 0.43671875 0.3953125 0.1140625 0.13125
1 0.96484375 0.63984375 0.06875 0.15
1 0.975 0.17421875 0.0484375 0.0453125
1 0.80859375 0.38984375 0.1640625 0.1171875
1 0.63203125 0.31171875 0.125 0.1015625
1 0.65 0.4296875 0.1671875 0.1484375
1 0.915625 0.28828125 0.165625 0.14375
1 0.95234375 0.475 0.09375 0.1765625
1 0.3609375 0.33359375 0.078125 0.103125
1 0.81015625 0.12890625 0.0484375 0.0390625
1 0.52109375 0.25859375 0.078125 0.10625
1 0.503125 0.05625 0.028125 0.025
1 0.534375 0.08515625 0.0359375 0.0265625
1 0.46484375 0.06796875 0.03125 0.028125
1 0.7265625 0.10546875 0.0453125 0.034375
1 0.77265625 0.13671875 0.05 0.0375
1 0.51953125 0.20625 0.0640625 0.071875
1 0.66953125 0.10625 0.0421875 0.0359375
1 0.9140625 0.17109375 0.065625 0.0390625
1 0.93828125 0.2 0.071875 0.0453125
1 0.63359375 0.08125 0.034375 0.0296875
1 0.83671875 0.50078125 0.1796875 0.2203125
1 0.72890625 0.13984375 0.0515625 0.0390625
0 0.3984375 0.234375 0.1875 0.209375