1 0.11640625 0.89921875 0.2328125 0.1984375
1 0.26015625 0.26484375 0.0875 0.0703125
1 0.68828125 0.22109375 0.10625 0.0828125
1 0.93359375 0.92109375 0.13125 0.1546875
1 0.425 0.8953125 0.29375 0.20625
1 0.58046875 0.19453125 0.084375 0.0671875
1 0.97265625 0.3234375 0.053125 0.071875
1 0.34375 0.1234375 0.034375 0.046875
1 0.96796875 0.2796875 0.0625 0.0640625
1 0.9359375 0.1109375 0.0515625 0.0453125
1 0.0046875 0.1546875 0.009375 0.04375
1 0.98828125 0.11953125 0.021875 0.0453125
2 0.4328125 0.190625 0.025 0.040625
3 0.58984375 0.66796875 0.2875 0.265625
0 0.359375 0.03671875 0.059375 0.0734375
0 0.8359375 0.25390625 0.140625 0.15625