1 0.39609375 0.55703125 0.1484375 0.221875
1 0.36953125 0.165625 0.0546875 0.065625
1 0.315625 0.16953125 0.05 0.065625
1 0.09921875 0.08671875 0.025 0.034375
1 0.82265625 0.1546875 0.046875 0.0390625
1 0.80078125 0.225 0.071875 0.075
1 0.96796875 0.296875 0.0625 0.065625
1 0.19296875 0.06484375 0.0234375 0.0296875
1 0.87890625 0.165625 0.040625 0.04375
1 0.3140625 0.0515625 0.028125 0.0296875
1 0.15390625 0.05390625 0.021875 0.0265625
1 0.49375 0.1109375 0.046875 0.0453125
1 0.21875 0.10078125 0.028125 0.0390625
1 0.2796875 0.04140625 0.025 0.025
2 0.9296875 0.2453125 0.0265625 0.046875
2 0.96640625 0.25 0.0328125 0.0515625
0 0.61171875 0.20859375 0.2359375 0.2203125
0 0.18046875 0.4 0.190625 0.4109375