1 0.8046875 0.51875 0.1640625 0.11875
1 0.11484375 0.315625 0.0625 0.065625
1 0.91171875 0.88984375 0.175 0.215625
1 0.975 0.484375 0.0484375 0.065625
1 0.75625 0.9109375 0.1625 0.175
1 0.49921875 0.53671875 0.175 0.121875
1 0.22109375 0.31953125 0.05625 0.065625
1 0.6328125 0.26640625 0.034375 0.0515625
1 0.01796875 0.3296875 0.0359375 0.0546875
2 0.1234375 0.45 0.0328125 0.0671875
2 0.18359375 0.50625 0.096875 0.0796875
2 0.90390625 0.36796875 0.0234375 0.0390625
2 0.6140625 0.609375 0.0828125 0.08125
2 0.4203125 0.38359375 0.05 0.0484375
2 0.4734375 0.61640625 0.084375 0.08125
3 0.03046875 0.37421875 0.0609375 0.096875
0 0.4890625 0.171875 0.0265625 0.05625