1 0.7421875 0.33046875 0.1078125 0.1578125
1 0.48671875 0.40859375 0.0953125 0.1765625
1 0.4734375 0.21796875 0.065625 0.10625
1 0.37109375 0.15546875 0.09375 0.078125
1 0.58359375 0.090625 0.1125 0.08125
1 0.36171875 0.1140625 0.090625 0.0609375
1 0.48671875 0.0765625 0.059375 0.065625
1 0.97421875 0.0296875 0.05 0.05625
1 0.446875 0.03515625 0.0421875 0.0453125
1 0.7390625 0.00703125 0.040625 0.0140625
2 0.78359375 0.2 0.05625 0.075
2 0.57421875 0.15859375 0.05 0.05
2 0.19140625 0.08046875 0.0203125 0.04375
0 0.51640625 0.81171875 0.1828125 0.371875