1 0.12109375 0.9046875 0.2421875 0.184375
1 0.47734375 0.93359375 0.253125 0.1296875
1 0.75234375 0.86640625 0.2578125 0.2296875
1 0.17265625 0.24453125 0.084375 0.078125
1 0.58046875 0.2015625 0.08125 0.0671875
1 0.97265625 0.33125 0.053125 0.075
1 0.6890625 0.22578125 0.10625 0.0859375
1 0.65234375 0.24609375 0.096875 0.078125
1 0.87265625 0.10078125 0.040625 0.04375
1 0.96796875 0.28671875 0.0625 0.0625
1 0.93046875 0.13203125 0.0515625 0.05
1 0.16015625 0.12578125 0.0359375 0.0453125
1 0.97109375 0.13203125 0.0390625 0.0453125
1 0.8734375 0.9515625 0.2515625 0.09375
1 0.9890625 0.19296875 0.0203125 0.0375
3 0.590625 0.67421875 0.2921875 0.2640625
0 0.33671875 0.06953125 0.0625 0.1140625
0 0.83515625 0.2609375 0.140625 0.1546875
0 0.90234375 0.06953125 0.090625 0.090625