1 0.35703125 0.4 0.14375 0.125
1 0.759375 0.19609375 0.0828125 0.0703125
1 0.71015625 0.28671875 0.115625 0.103125
1 0.96171875 0.24375 0.075 0.0796875
1 0.8703125 0.11796875 0.0625 0.05
1 0.17734375 0.27421875 0.125 0.08125
1 0.04921875 0.43828125 0.0984375 0.1203125
1 0.62421875 0.22578125 0.075 0.0671875
1 0.90859375 0.17578125 0.078125 0.059375
1 0.71015625 0.153125 0.075 0.0609375
1 0.88671875 0.06953125 0.034375 0.0390625
1 0.71875 0.13203125 0.075 0.04375
1 0.96171875 0.1890625 0.075 0.078125
1 0.528125 0.3296875 0.1015625 0.11875
1 0.97265625 0.0609375 0.053125 0.040625
1 0.9359375 0.0296875 0.0375 0.0328125
1 0.89609375 0.015625 0.025 0.03125
1 0.08359375 0.5140625 0.1671875 0.165625
2 0.80234375 0.86015625 0.103125 0.13125
2 0.45078125 0.2390625 0.0375 0.0484375
2 0.84765625 0.16484375 0.04375 0.0453125
2 0.08515625 0.32578125 0.046875 0.0453125
2 0.54921875 0.20859375 0.0359375 0.04375
2 0.35703125 0.26484375 0.046875 0.0375
2 0.18828125 0.334375 0.04375 0.0546875
3 0.59140625 0.64375 0.290625 0.2609375
0 0.44375 0.15859375 0.328125 0.1546875
0 0.078125 0.19609375 0.15625 0.1375
0 0.2546875 0.04375 0.09375 0.0859375