1 0.75546875 0.10625 0.0390625 0.05
1 0.83515625 0.215625 0.0609375 0.0796875
1 0.0328125 0.51875 0.065625 0.1703125
1 0.07109375 0.44921875 0.0921875 0.1390625
1 0.16953125 0.33515625 0.0875 0.1109375
1 0.84609375 0.171875 0.05625 0.0671875
1 0.11875 0.38828125 0.09375 0.125
1 0.2109375 0.290625 0.071875 0.0953125
1 0.23359375 0.25703125 0.053125 0.0859375
0 0.42265625 0.56796875 0.234375 0.725
1 0.67890625 0.05859375 0.0296875 0.0453125
1 0.70859375 0.05546875 0.0234375 0.0390625
1 0.7375 0.0484375 0.034375 0.025