1 0.29765625 0.88828125 0.2671875 0.20625
1 0.0953125 0.259375 0.0875 0.05625
1 0.76875 0.6796875 0.2390625 0.1640625
1 0.84140625 0.8484375 0.296875 0.2515625
1 0.34140625 0.69921875 0.2125 0.1875
1 0.39140625 0.24140625 0.090625 0.06875
1 0.90078125 0.1640625 0.078125 0.05
1 0.71328125 0.38984375 0.0734375 0.10625
1 0.2609375 0.221875 0.075 0.0515625
1 0.9828125 0.503125 0.0328125 0.065625
1 0.73203125 0.1484375 0.071875 0.0515625
1 0.16171875 0.18515625 0.053125 0.0453125
1 0.2015625 0.22421875 0.05625 0.0484375
1 0.71640625 0.5109375 0.09375 0.18125
1 0.60859375 0.128125 0.05625 0.0375
1 0.675 0.121875 0.059375 0.040625
1 0.34609375 0.2046875 0.075 0.05
1 0.9828125 0.15078125 0.0328125 0.0359375
1 0.29140625 0.19453125 0.065625 0.0484375
1 0.9671875 0.35859375 0.0328125 0.028125
1 0.0078125 0.81484375 0.015625 0.0890625
0 0.95859375 0.11953125 0.08125 0.0953125