1 0.69453125 0.48203125 0.2078125 0.1796875
1 0.17890625 0.4015625 0.10625 0.115625
1 0.95703125 0.190625 0.084375 0.0890625
1 0.66484375 0.29375 0.140625 0.1171875
1 0.75234375 0.18046875 0.11875 0.084375
1 0.85078125 0.034375 0.0953125 0.05
1 0.83203125 0.40390625 0.225 0.1953125
1 0.60390625 0.3484375 0.14375 0.1265625
1 0.6265625 0.1390625 0.0265625 0.0484375
1 0.94296875 0.28359375 0.1125 0.1078125
1 0.8 0.1453125 0.1125 0.0765625
1 0.3453125 0.1484375 0.0703125 0.05625
1 0.1640625 0.31015625 0.08125 0.084375
1 0.38046875 0.12578125 0.0390625 0.05625
1 0.9265625 0.3546875 0.1453125 0.146875
1 0.1984375 0.08359375 0.040625 0.0296875
1 0.321875 0.12109375 0.0546875 0.0578125
1 0.48828125 0.30859375 0.0546875 0.1015625
1 0.0453125 0.278125 0.071875 0.0703125
1 0.2 0.140625 0.0484375 0.0484375
1 0.26328125 0.14296875 0.05625 0.0515625
1 0.17109375 0.2453125 0.053125 0.065625
2 0.1546875 0.796875 0.115625 0.14375
0 0.33359375 0.32890625 0.2828125 0.25
0 0.50859375 0.1234375 0.2265625 0.14375