1 0.9515625 0.8296875 0.0953125 0.178125
1 0.74296875 0.4734375 0.1515625 0.090625
1 0.9546875 0.509375 0.0890625 0.096875
1 0.4453125 0.34921875 0.103125 0.05625
1 0.20390625 0.3453125 0.0921875 0.05625
1 0.14609375 0.3296875 0.065625 0.0515625
1 0.82109375 0.26953125 0.0546875 0.0359375
0 0.01953125 0.53359375 0.0390625 0.2296875
1 0.32421875 0.38046875 0.0859375 0.0796875
1 0.01328125 0.34140625 0.0265625 0.0609375
1 0.98671875 0.371875 0.025 0.034375
1 0.48046875 0.3296875 0.0625 0.0453125
1 0.06953125 0.34296875 0.084375 0.0546875
1 0.88515625 0.26328125 0.053125 0.021875
1 0.70703125 0.340625 0.0875 0.075
1 0.71328125 0.253125 0.015625 0.03125
1 0.31015625 0.32578125 0.0859375 0.0625
2 0.0375 0.396875 0.053125 0.040625