1 0.80078125 0.86328125 0.278125 0.2109375
1 0.7453125 0.51171875 0.14375 0.1015625
1 0.46796875 0.33828125 0.096875 0.0640625
1 0.31015625 0.32578125 0.0875 0.0625
1 0.07109375 0.33828125 0.0859375 0.046875
1 0.209375 0.3453125 0.090625 0.05625
1 0.73828125 0.3359375 0.078125 0.071875
0 0.01953125 0.53125 0.0390625 0.234375
1 0.56171875 0.47109375 0.1546875 0.0953125
1 0.82109375 0.26953125 0.0546875 0.0359375
1 0.0609375 0.39375 0.121875 0.0796875
1 0.46171875 0.3765625 0.0859375 0.0765625
1 0.71328125 0.253125 0.0171875 0.03125
1 0.01328125 0.334375 0.0265625 0.05625
1 0.16015625 0.32890625 0.0609375 0.05
1 0.8859375 0.26484375 0.053125 0.021875
2 0.17578125 0.39140625 0.0546875 0.0453125