1 0.678125 0.31484375 0.15625 0.11875
1 0.86328125 0.0484375 0.090625 0.0515625
1 0.91328125 0.36328125 0.171875 0.1484375
1 0.09921875 0.340625 0.08125 0.09375
1 0.87890625 0.2015625 0.090625 0.0890625
1 0.17109375 0.38515625 0.090625 0.1078125
1 0.965625 0.60859375 0.0671875 0.171875
1 0.9640625 0.1796875 0.0703125 0.075
1 0.9515625 0.29140625 0.0953125 0.0953125
1 0.84921875 0.11796875 0.0765625 0.065625
1 0.28359375 0.234375 0.071875 0.071875
1 0.97578125 0.20859375 0.046875 0.0796875
1 0.49296875 0.08515625 0.075 0.05625
2 0.01484375 0.41171875 0.0296875 0.071875
2 0.028125 0.56015625 0.0484375 0.0953125
3 0.28984375 0.384375 0.184375 0.2421875
0 0.68671875 0.209375 0.328125 0.2265625
0 0.67265625 0.5734375 0.596875 0.5234375
0 0.45390625 0.22890625 0.271875 0.190625
0 0.15 0.265625 0.178125 0.16875
0 0.03671875 0.2875 0.0734375 0.15
0 0.16796875 0.15703125 0.1625 0.1
0 0.2359375 0.10078125 0.1265625 0.0609375
0 0.34453125 0.16875 0.20625 0.134375
0 0.390625 0.3390625 0.103125 0.096875
0 0.75078125 0.03515625 0.071875 0.0671875