1 0.39453125 0.18125 0.0625 0.0703125
1 0.29140625 0.16015625 0.0484375 0.0546875
1 0.43359375 0.59375 0.1625 0.24375
1 0.64921875 0.3265625 0.1359375 0.0984375
1 0.6546875 0.4296875 0.1578125 0.1484375
1 0.22890625 0.19296875 0.05625 0.0671875
1 0.2171875 0.08203125 0.03125 0.0390625
1 0.7984375 0.22578125 0.0703125 0.078125
1 0.96640625 0.3 0.065625 0.0671875
1 0.81875 0.15625 0.046875 0.0390625
1 0.12421875 0.13046875 0.03125 0.046875
1 0.271875 0.07578125 0.0484375 0.0359375
1 0.60234375 0.08125 0.053125 0.040625
1 0.18125 0.06015625 0.021875 0.03125
1 0.87578125 0.16640625 0.0421875 0.0453125
1 0.15859375 0.04609375 0.0171875 0.021875
1 0.62109375 0.16015625 0.059375 0.0546875
1 0.4921875 0.11640625 0.05 0.0484375
1 0.3109375 0.0546875 0.028125 0.03125
0 0.178125 0.403125 0.190625 0.4140625