1 0.034375 0.375 0.06875 0.1015625
1 0.1203125 0.3140625 0.115625 0.10625
1 0.22734375 0.25546875 0.10625 0.09375
1 0.66171875 0.15625 0.0828125 0.10625
1 0.82265625 0.02421875 0.0171875 0.040625
1 0.459375 0.278125 0.1046875 0.121875
1 0.0375 0.15546875 0.0296875 0.0328125
1 0.51640625 0.09140625 0.0546875 0.0578125
1 0.56875 0.06875 0.0484375 0.0515625
1 0.60859375 0.046875 0.046875 0.05
1 0.4671875 0.12109375 0.065625 0.065625
1 0.4203125 0.15390625 0.046875 0.0671875
1 0.03046875 0.30390625 0.059375 0.0515625
1 0.68046875 0.09921875 0.05625 0.0546875
1 0.753125 0.05625 0.05625 0.065625
0 0.88515625 0.05 0.1125 0.1
0 0.8875 0.115625 0.11875 0.23125