1 0.94921875 0.253125 0.1 0.0765625
1 0.76796875 0.325 0.128125 0.1015625
1 0.30703125 0.3953125 0.140625 0.1171875
1 0.47421875 0.41328125 0.1375 0.1296875
1 0.50859375 0.32109375 0.125 0.084375
1 0.61953125 0.19140625 0.084375 0.0578125
1 0.27734375 0.35078125 0.140625 0.10625
1 0.71484375 0.290625 0.1046875 0.09375
1 0.08828125 0.49140625 0.165625 0.146875
1 0.06484375 0.303125 0.128125 0.09375
1 0.35546875 0.17890625 0.0890625 0.0546875
1 0.0125 0.2234375 0.025 0.0390625
1 0.4890625 0.1546875 0.08125 0.04375
1 0.49296875 0.18828125 0.0921875 0.0609375
1 0.165625 0.20078125 0.0921875 0.04375
1 0.6125 0.1484375 0.075 0.05625
1 0.059375 0.41328125 0.11875 0.159375
1 0.3390625 0.234375 0.1125 0.084375
1 0.671875 0.16328125 0.0484375 0.0515625
1 0.1296875 0.55390625 0.184375 0.1671875
1 0.30234375 0.21640625 0.0671875 0.0640625
1 0.16484375 0.23125 0.096875 0.0640625
2 0.14609375 0.35078125 0.05 0.0609375
3 0.5875 0.65546875 0.2875 0.2625
0 0.80078125 0.18515625 0.240625 0.1671875
0 0.253125 0.053125 0.090625 0.0953125
0 0.8859375 0.134375 0.2265625 0.1359375