1 0.42421875 0.65703125 0.234375 0.221875
1 0.83046875 0.665625 0.203125 0.246875
1 0.0859375 0.73515625 0.171875 0.2515625
1 0.31796875 0.284375 0.1015625 0.0984375
1 0.24140625 0.4015625 0.1703125 0.1484375
1 0.97265625 0.37578125 0.053125 0.134375
1 0.67421875 0.328125 0.09375 0.115625
1 0.91328125 0.26484375 0.1 0.1109375
1 0.1890625 0.37109375 0.1328125 0.13125
1 0.4828125 0.33359375 0.14375 0.1328125
1 0.753125 0.50546875 0.1609375 0.178125
1 0.54765625 0.22890625 0.0828125 0.090625
1 0.703125 0.4265625 0.15625 0.146875
1 0.6609375 0.16484375 0.075 0.084375
1 0.96953125 0.28046875 0.059375 0.1140625
1 0.46171875 0.27578125 0.121875 0.134375
1 0.69140625 0.22421875 0.1015625 0.09375
1 0.97890625 0.1109375 0.040625 0.0703125
1 0.940625 0.078125 0.053125 0.05625
1 0.80078125 0.17421875 0.053125 0.0671875
1 0.0109375 0.37890625 0.021875 0.128125
1 0.68203125 0.19609375 0.0859375 0.08125
1 0.84765625 0.18515625 0.0703125 0.096875
1 0.7671875 0.12890625 0.046875 0.0578125
1 0.98203125 0.05546875 0.034375 0.0546875
1 0.8203125 0.24375 0.0703125 0.109375
2 0.15390625 0.290625 0.0359375 0.0609375
0 0.9109375 0.05234375 0.1171875 0.1046875
2 0.1359375 0.2921875 0.0421875 0.0578125