1 0.4515625 0.8234375 0.246875 0.2015625
1 0.86796875 0.87578125 0.2625 0.2453125
1 0.13515625 0.32890625 0.096875 0.0796875
1 0.5171875 0.14609375 0.053125 0.0453125
1 0.71484375 0.54375 0.084375 0.1609375
1 0.1609375 0.19296875 0.053125 0.0453125
1 0.8796875 0.171875 0.078125 0.0515625
1 0.696875 0.1734375 0.06875 0.05
1 0.09296875 0.828125 0.1859375 0.18125
1 0.69921875 0.41875 0.071875 0.121875
1 0.7546875 0.2734375 0.0625 0.084375
1 0.721875 0.328125 0.0671875 0.1046875
1 0.975 0.390625 0.0484375 0.0671875
1 0.8 0.2296875 0.046875 0.0703125
1 0.78359375 0.10390625 0.0515625 0.034375
1 0.86953125 0.63125 0.1625 0.221875
1 0.97265625 0.1359375 0.053125 0.05
1 0.83828125 0.15 0.071875 0.040625
1 0.646875 0.11484375 0.040625 0.040625
1 0.8265625 0.1953125 0.0453125 0.0578125
1 0.99453125 0.70859375 0.009375 0.071875
2 0.3390625 0.2265625 0.0265625 0.0359375
0 0.03515625 0.24296875 0.0703125 0.1453125