1 0.06171875 0.915625 0.1234375 0.1625
1 0.865625 0.91015625 0.2671875 0.1765625
1 0.43671875 0.915625 0.3015625 0.165625
1 0.82265625 0.38203125 0.1453125 0.125
1 0.603125 0.196875 0.090625 0.06875
1 0.97265625 0.31875 0.053125 0.075
1 0.51796875 0.2765625 0.10625 0.0796875
1 0.96015625 0.2765625 0.078125 0.06875
1 0.55234375 0.2484375 0.1046875 0.0703125
1 0.2046875 0.1890625 0.0515625 0.0671875
1 0.34765625 0.11796875 0.0328125 0.04375
1 0.42734375 0.15390625 0.071875 0.0640625
1 0.91875 0.1234375 0.0375 0.046875
1 0.97421875 0.125 0.05 0.046875
1 0.2078125 0.1046875 0.0375 0.046875
1 0.32734375 0.2265625 0.096875 0.0796875
1 0.3828125 0.209375 0.046875 0.059375
2 0.2671875 0.27109375 0.04375 0.0546875
2 0.26484375 0.20625 0.03125 0.05
2 0.46484375 0.13671875 0.028125 0.0375
3 0.5875 0.66171875 0.284375 0.2609375
0 0.09140625 0.23515625 0.18125 0.2484375
0 0.32109375 0.04453125 0.078125 0.0890625