1 0.72421875 0.5734375 0.134375 0.1609375
1 0.3890625 0.50078125 0.090625 0.1390625
1 0.14609375 0.475 0.096875 0.125
1 0.52109375 0.834375 0.209375 0.328125
1 0.53984375 0.6265625 0.1234375 0.190625
1 0.63671875 0.334375 0.065625 0.06875
1 0.4359375 0.37421875 0.06875 0.0859375
1 0.18046875 0.3953125 0.0625 0.090625
1 0.35078125 0.3796875 0.059375 0.09375
1 0.20546875 0.30078125 0.065625 0.0609375
1 0.91875 0.9234375 0.1609375 0.15
1 0.81015625 0.45546875 0.109375 0.1046875
1 0.54609375 0.41171875 0.078125 0.0984375
1 0.13828125 0.309375 0.046875 0.0671875
1 0.42578125 0.2890625 0.046875 0.0671875
1 0.5046875 0.2609375 0.040625 0.0296875
1 0.85625 0.434375 0.09375 0.1015625
1 0.95078125 0.840625 0.096875 0.1453125
1 0.61015625 0.28203125 0.046875 0.05
1 0.515625 0.475 0.10625 0.153125
2 0.05078125 0.37109375 0.046875 0.0578125
2 0.08671875 0.31015625 0.025 0.0390625
0 0.84375 0.32421875 0.203125 0.2296875
0 0.34375 0.26796875 0.0859375 0.1390625
0 0.61796875 0.21953125 0.084375 0.1171875
0 0.2921875 0.1734375 0.03125 0.0578125