1 0.49921875 0.490625 0.1625 0.1109375
1 0.5328125 0.8453125 0.28125 0.2203125
1 0.31796875 0.30546875 0.0859375 0.0625
1 0.07890625 0.325 0.084375 0.0546875
1 0.4765625 0.30703125 0.0875 0.0546875
1 0.01796875 0.321875 0.0359375 0.0546875
1 0.83046875 0.240625 0.05625 0.0375
1 0.18359375 0.32578125 0.0984375 0.059375
1 0.04609375 0.428125 0.0921875 0.0859375
0 0.025 0.5203125 0.05 0.2375
1 0.27890625 0.4390625 0.1265625 0.115625
1 0.721875 0.22578125 0.015625 0.034375
1 0.19921875 0.29921875 0.0625 0.028125
1 0.8953125 0.23671875 0.053125 0.01875