1 0.14921875 0.79609375 0.240625 0.1890625
1 0.58984375 0.78671875 0.2390625 0.184375
1 0.09921875 0.2640625 0.0859375 0.0546875
1 0.7328125 0.51875 0.096875 0.1703125
1 0.9265625 0.6796875 0.1453125 0.1890625
1 0.97421875 0.46171875 0.05 0.0578125
1 0.16171875 0.18984375 0.0515625 0.046875
1 0.2625 0.2265625 0.0734375 0.05
1 0.73203125 0.159375 0.071875 0.0453125
1 0.90234375 0.16953125 0.0765625 0.05
1 0.54921875 0.16171875 0.0265625 0.0359375
1 0.20390625 0.2296875 0.053125 0.0484375
1 0.94765625 0.15 0.0625 0.0484375
1 0.72421875 0.37109375 0.065625 0.125
1 0.29296875 0.19921875 0.0671875 0.046875
1 0.7625 0.29296875 0.05625 0.0859375
1 0.66953125 0.2546875 0.075 0.1140625
1 0.33359375 0.2109375 0.04375 0.0484375
1 0.7953125 0.240625 0.053125 0.075
1 0.81328125 0.1953125 0.05625 0.0578125
1 0.971875 0.8609375 0.0546875 0.1890625
3 0.96015625 0.3703125 0.078125 0.45625
0 0.43984375 0.184375 0.2 0.1359375
0 0.22890625 0.071875 0.0421875 0.0484375