1 0.93515625 0.49296875 0.128125 0.1078125
1 0.90390625 0.72421875 0.190625 0.1890625
1 0.07890625 0.321875 0.084375 0.0515625
1 0.48984375 0.40859375 0.10625 0.0984375
1 0.75703125 0.43125 0.1203125 0.1078125
1 0.47578125 0.30546875 0.0875 0.0546875
1 0.3171875 0.303125 0.084375 0.0609375
1 0.01796875 0.31875 0.0359375 0.0546875
1 0.18046875 0.325 0.0921875 0.0578125
1 0.05078125 0.4640625 0.046875 0.065625
1 0.82890625 0.23828125 0.0546875 0.0359375
1 0.72109375 0.22421875 0.015625 0.034375
1 0.19765625 0.29609375 0.0640625 0.0265625
0 0.0265625 0.51171875 0.0453125 0.2421875