1 0.67578125 0.31484375 0.15625 0.11875
1 0.91171875 0.3640625 0.175 0.146875
1 0.86171875 0.0484375 0.090625 0.0515625
1 0.95078125 0.115625 0.096875 0.065625
1 0.096875 0.33671875 0.08125 0.09375
1 0.87734375 0.20390625 0.0890625 0.0890625
1 0.16796875 0.37890625 0.090625 0.10625
1 0.28125 0.23046875 0.071875 0.071875
1 0.96328125 0.61171875 0.071875 0.171875
1 0.95 0.29296875 0.0984375 0.09375
1 0.38671875 0.07578125 0.05625 0.04375
1 0.96328125 0.17890625 0.071875 0.071875
1 0.97421875 0.209375 0.05 0.08125
1 0.8625 0.1484375 0.06875 0.0640625
3 0.28671875 0.38046875 0.18125 0.246875
0 0.68359375 0.209375 0.328125 0.2265625
0 0.4515625 0.2265625 0.2703125 0.190625
0 0.14765625 0.26171875 0.178125 0.16875
0 0.03515625 0.28125 0.0703125 0.1484375
0 0.3375 0.16640625 0.196875 0.1375
0 0.66953125 0.571875 0.59375 0.5296875
0 0.234375 0.09609375 0.125 0.0640625
0 0.38828125 0.33671875 0.1 0.1
0 0.18515625 0.15078125 0.121875 0.0984375
0 0.74453125 0.034375 0.08125 0.065625