1 0.73125 0.7296875 0.1046875 0.1640625
1 0.61484375 0.48203125 0.040625 0.0578125
1 0.58671875 0.61015625 0.0625 0.1140625
1 0.7640625 0.4984375 0.04375 0.0515625
1 0.68828125 0.45859375 0.0359375 0.046875
1 0.43515625 0.34609375 0.0125 0.015625
2 0.32109375 0.4515625 0.0140625 0.0375
2 0.17578125 0.52109375 0.0390625 0.065625
0 0.47578125 0.54609375 0.0953125 0.2859375
0 0.74921875 0.4234375 0.046875 0.084375
0 0.5453125 0.434375 0.05625 0.109375
0 0.95546875 0.5546875 0.0875 0.1609375
0 0.69609375 0.3859375 0.0625 0.065625
0 0.87890625 0.48828125 0.1609375 0.15
0 0.49453125 0.41484375 0.0515625 0.1078125