1 0.22265625 0.23984375 0.040625 0.046875
1 0.34609375 0.2265625 0.040625 0.0359375
1 0.73203125 0.56953125 0.1765625 0.1765625
1 0.29453125 0.184375 0.021875 0.03125
1 0.20859375 0.165625 0.0171875 0.025
1 0.79140625 0.5015625 0.2 0.196875
1 0.04921875 0.29140625 0.034375 0.0609375
1 0.0359375 0.2265625 0.0265625 0.04375
1 0.87734375 0.38203125 0.096875 0.090625
1 0.8359375 0.4203125 0.140625 0.096875
1 0.8328125 0.3015625 0.078125 0.059375
1 0.1828125 0.15390625 0.015625 0.01875
2 0.12734375 0.3546875 0.01875 0.0578125
2 0.10234375 0.27421875 0.015625 0.0484375
2 0.08359375 0.27578125 0.0140625 0.0515625