1 0.22421875 0.48515625 0.096875 0.1078125
1 0.8875 0.365625 0.11875 0.0875
1 0.11171875 0.51015625 0.0890625 0.109375
1 0.5125 0.42109375 0.109375 0.0875
1 0.71484375 0.95078125 0.2078125 0.0953125
1 0.80546875 0.46328125 0.14375 0.1140625
1 0.70078125 0.4890625 0.15 0.121875
1 0.36484375 0.175 0.034375 0.025
1 0.546875 0.20546875 0.05 0.0328125
1 0.45078125 0.18515625 0.0328125 0.0296875
1 0.49140625 0.21328125 0.021875 0.0296875
1 0.28203125 0.17578125 0.034375 0.0296875
2 0.31328125 0.20546875 0.021875 0.0328125
2 0.4328125 0.20703125 0.0140625 0.0265625
0 0.71484375 0.7296875 0.56875 0.5375
0 0.484375 0.334375 0.2234375 0.1578125
0 0.08828125 0.3734375 0.1484375 0.1546875
0 0.30625 0.328125 0.16875 0.1453125