1 0.64296875 0.9203125 0.1265625 0.15625
1 0.65859375 0.53984375 0.0515625 0.084375
1 0.9734375 0.4359375 0.0515625 0.046875
1 0.29921875 0.48828125 0.08125 0.0546875
1 0.10234375 0.625 0.071875 0.109375
1 0.86640625 0.60703125 0.146875 0.11875
1 0.35703125 0.55390625 0.0515625 0.078125
1 0.6953125 0.4453125 0.0390625 0.0546875
1 0.93984375 0.59296875 0.103125 0.096875
1 0.1546875 0.565625 0.0625 0.071875
1 0.19453125 0.62109375 0.0875 0.1015625
1 0.43046875 0.61875 0.0671875 0.1046875
1 0.67109375 0.40859375 0.0359375 0.04375
1 0.87421875 0.41484375 0.08125 0.040625
1 0.63984375 0.45390625 0.040625 0.0515625
1 0.03203125 0.503125 0.040625 0.0578125
1 0.41484375 0.496875 0.053125 0.065625
1 0.85 0.43828125 0.0875 0.04375
0 0.509375 0.578125 0.1109375 0.2375
0 0.56484375 0.4984375 0.0875 0.1671875
0 0.70625 0.36796875 0.046875 0.0765625