1 0.67734375 0.31484375 0.1578125 0.11875
1 0.8625 0.05 0.090625 0.0515625
1 0.91171875 0.36484375 0.175 0.1484375
1 0.52890625 0.08984375 0.0734375 0.0359375
1 0.878125 0.2046875 0.090625 0.0875
1 0.09765625 0.33515625 0.08125 0.09375
1 0.16875 0.378125 0.090625 0.1078125
1 0.96328125 0.1765625 0.071875 0.0609375
1 0.9515625 0.2953125 0.0953125 0.0953125
1 0.97890625 0.6109375 0.040625 0.1703125
1 0.97578125 0.2109375 0.046875 0.08125
1 0.2828125 0.22890625 0.0703125 0.071875
1 0.99140625 0.46953125 0.015625 0.090625
3 0.2875 0.3796875 0.18125 0.2453125
0 0.68515625 0.209375 0.328125 0.2265625
0 0.67109375 0.571875 0.59375 0.5296875
0 0.45390625 0.22578125 0.2703125 0.19375
0 0.14921875 0.2609375 0.178125 0.1671875
0 0.0359375 0.27890625 0.071875 0.15
0 0.3421875 0.1640625 0.2015625 0.1359375
0 0.23671875 0.09609375 0.128125 0.0640625
0 0.18984375 0.15 0.1140625 0.096875
0 0.74609375 0.0359375 0.08125 0.065625
0 0.3890625 0.33828125 0.1 0.1015625
0 0.38984375 0.065625 0.065625 0.06875