1 0.92890625 0.43203125 0.140625 0.1203125
1 0.16640625 0.91328125 0.29375 0.1703125
1 0.5953125 0.90546875 0.30625 0.1859375
1 0.896875 0.91015625 0.2046875 0.1765625
1 0.68984375 0.2203125 0.10625 0.0859375
1 0.27734375 0.26953125 0.0890625 0.071875
1 0.953125 0.13828125 0.059375 0.05
1 0.9734375 0.3234375 0.0515625 0.071875
1 0.60859375 0.30390625 0.125 0.1
1 0.58203125 0.18515625 0.08125 0.0484375
1 0.37265625 0.24609375 0.09375 0.078125
1 0.1375 0.2484375 0.09375 0.0671875
1 0.24921875 0.221875 0.084375 0.059375
1 0.26484375 0.19453125 0.08125 0.0515625
1 0.68515625 0.0640625 0.0265625 0.025
1 0.07890625 0.15 0.06875 0.0515625
1 0.12578125 0.203125 0.084375 0.06875
1 0.96953125 0.28125 0.059375 0.0640625
1 0.4 0.21171875 0.0859375 0.06875
2 0.1078125 0.28046875 0.0375 0.0546875
3 0.59140625 0.66796875 0.2890625 0.265625
0 0.365625 0.03515625 0.05625 0.0703125
0 0.83671875 0.25390625 0.140625 0.15625