1 0.14296875 0.54375 0.090625 0.1171875
1 0.803125 0.52109375 0.1609375 0.13125
1 0.60625 0.45546875 0.1296875 0.10625
1 0.45390625 0.403125 0.096875 0.0796875
1 0.15078125 0.43984375 0.0796875 0.0875
1 0.52421875 0.29296875 0.075 0.0640625
1 0.70546875 0.94453125 0.221875 0.1078125
1 0.8875 0.4890625 0.1671875 0.1265625
1 0.59765625 0.39609375 0.109375 0.08125
1 0.45078125 0.18671875 0.034375 0.0296875
1 0.63203125 0.23046875 0.03125 0.0359375
1 0.36484375 0.17578125 0.034375 0.0265625
1 0.546875 0.20703125 0.05 0.034375
1 0.02265625 0.23046875 0.0171875 0.025
1 0.2796875 0.17578125 0.03125 0.0296875
1 0.04921875 0.246875 0.03125 0.046875
1 0.0203125 0.2796875 0.040625 0.0515625
1 0.02421875 0.17109375 0.03125 0.028125
1 0.98828125 0.60078125 0.021875 0.0828125
2 0.36171875 0.2 0.0234375 0.0296875
2 0.44765625 0.21484375 0.015625 0.021875
2 0.540625 0.221875 0.0171875 0.0296875
0 0.55859375 0.67109375 0.61875 0.5765625
0 0.07265625 0.3640625 0.1453125 0.146875
0 0.29140625 0.3234375 0.1734375 0.1390625
0 0.38828125 0.31328125 0.18125 0.134375