1 0.73203125 0.690625 0.215625 0.2078125
1 0.0375 0.340625 0.075 0.0453125
1 0.47890625 0.42421875 0.075 0.1265625
1 0.44921875 0.2859375 0.0375 0.071875
1 0.2859375 0.3046875 0.0375 0.090625
1 0.38671875 0.29375 0.0421875 0.071875
1 0.21953125 0.2359375 0.05 0.05
1 0.18828125 0.2859375 0.06875 0.0609375
1 0.284375 0.1859375 0.0375 0.04375
1 0.0359375 0.39296875 0.071875 0.08125
1 0.6703125 0.2765625 0.075 0.1171875
1 0.7015625 0.10859375 0.0328125 0.03125
1 0.43046875 0.5109375 0.10625 0.18125
1 0.46484375 0.20546875 0.0375 0.0640625
1 0.4109375 0.215625 0.0375 0.053125
1 0.33671875 0.25390625 0.040625 0.08125
1 0.97421875 0.16640625 0.05 0.0453125
1 0.21875 0.13359375 0.034375 0.0265625
2 0.18125 0.41328125 0.0375 0.0671875
0 0.2328125 0.09140625 0.040625 0.05