1 0.8390625 0.32890625 0.096875 0.0546875
1 0.503125 0.340625 0.1015625 0.0671875
1 0.07265625 0.321875 0.0859375 0.0515625
1 0.3125 0.30546875 0.0859375 0.0625
1 0.47109375 0.30859375 0.0875 0.0546875
1 0.01484375 0.31875 0.0296875 0.0546875
1 0.21640625 0.32578125 0.090625 0.059375
1 0.88984375 0.2359375 0.053125 0.0203125
0 0.021875 0.5140625 0.04375 0.2359375
1 0.82421875 0.24375 0.053125 0.0359375
1 0.75625 0.2296875 0.03125 0.0453125
1 0.184375 0.31015625 0.0609375 0.0546875
1 0.71640625 0.2265625 0.015625 0.03125