1 0.15078125 0.86328125 0.3015625 0.2703125
1 0.5671875 0.9046875 0.315625 0.1875
1 0.14609375 0.33984375 0.1515625 0.1171875
1 0.53515625 0.70625 0.24375 0.23125
1 0.9 0.51875 0.153125 0.1859375
1 0.665625 0.33828125 0.10625 0.125
1 0.54921875 0.534375 0.20625 0.16875
1 0.08515625 0.7296875 0.1703125 0.24375
1 0.01328125 0.42890625 0.0265625 0.0890625
1 0.425 0.309375 0.13125 0.11875
1 0.98671875 0.25078125 0.025 0.090625
1 0.33046875 0.31640625 0.125 0.115625
1 0.36953125 0.24453125 0.084375 0.075
1 0.72265625 0.1390625 0.071875 0.0703125
1 0.88359375 0.125 0.06875 0.071875
1 0.8921875 0.36640625 0.125 0.1296875
1 0.62890625 0.25078125 0.11875 0.1015625
1 0.8296875 0.3234375 0.121875 0.1203125
1 0.603125 0.2109375 0.103125 0.115625
1 0.82578125 0.10078125 0.05 0.0578125
1 0.85078125 0.18125 0.06875 0.0890625
1 0.78203125 0.1765625 0.078125 0.0875
0 0.9421875 0.04453125 0.115625 0.0890625
1 0.97890625 0.11015625 0.040625 0.06875
1 0.9703125 0.0609375 0.05625 0.0515625
1 0.8203125 0.23046875 0.06875 0.090625
2 0.15859375 0.27265625 0.0265625 0.0453125
1 0.7609375 0.15703125 0.053125 0.0734375