1 0.54453125 0.42890625 0.1671875 0.146875
1 0.62578125 0.28671875 0.1328125 0.103125
1 0.71484375 0.1796875 0.1125 0.08125
1 0.58359375 0.16875 0.096875 0.0703125
1 0.85234375 0.03984375 0.090625 0.05
1 0.26484375 0.340625 0.109375 0.1046875
1 0.8609375 0.19375 0.128125 0.090625
1 0.62265625 0.13828125 0.0984375 0.071875
1 0.44921875 0.30625 0.128125 0.1171875
1 0.09921875 0.15 0.03125 0.040625
1 0.60234375 0.359375 0.14375 0.1296875
1 0.8328125 0.409375 0.2203125 0.196875
1 0.97265625 0.20390625 0.053125 0.1
1 0.30546875 0.14921875 0.0625 0.053125
1 0.24921875 0.20390625 0.0703125 0.059375
1 0.04453125 0.28359375 0.04375 0.0671875
1 0.325 0.2796875 0.1046875 0.0890625
1 0.24140625 0.2640625 0.0703125 0.0640625
1 0.78828125 0.14921875 0.1125 0.0765625
1 0.96796875 0.1703125 0.0625 0.078125
0 0.43515625 0.125 0.2 0.13125
0 0.1421875 0.27578125 0.1875 0.1734375