1 0.3703125 0.353125 0.046875 0.09375
1 0.97109375 0.5234375 0.05625 0.0765625
1 0.67421875 0.609375 0.1625 0.1671875
1 0.44296875 0.509375 0.09375 0.140625
1 0.29140625 0.41640625 0.059375 0.140625
1 0.46015625 0.3796875 0.0609375 0.115625
1 0.3640625 0.58359375 0.1078125 0.196875
1 0.42421875 0.25390625 0.040625 0.0671875
1 0.3171875 0.29375 0.046875 0.071875
1 0.66953125 0.28359375 0.075 0.115625
1 0.97421875 0.1734375 0.05 0.04375
1 0.35 0.21640625 0.0296875 0.0515625
1 0.74765625 0.09375 0.021875 0.028125
1 0.19453125 0.2546875 0.053125 0.046875
1 0.30625 0.2453125 0.0375 0.0609375
1 0.21484375 0.2734375 0.0671875 0.0578125
1 0.28515625 0.20625 0.040625 0.046875
1 0.47578125 0.1953125 0.034375 0.0578125
1 0.40234375 0.19921875 0.028125 0.04375
1 0.21484375 0.13671875 0.0296875 0.0265625
1 0.76640625 0.040625 0.0125 0.021875
0 0.08125 0.48515625 0.1625 0.3453125
0 0.05234375 0.3296875 0.1046875 0.14375
0 0.38515625 0.13671875 0.0640625 0.0890625