1 0.7046875 0.74609375 0.284375 0.21875
1 0.3921875 0.25625 0.109375 0.071875
1 0.48671875 0.20625 0.0875 0.0578125
1 0.81171875 0.234375 0.1 0.065625
1 0.94296875 0.25859375 0.1125 0.06875
1 0.02109375 0.23046875 0.0421875 0.0546875
1 0.84453125 0.13125 0.05625 0.0375
1 0.26953125 0.22421875 0.084375 0.0515625
1 0.065625 0.2390625 0.071875 0.05625
1 0.1203125 0.2609375 0.1 0.078125
1 0.21015625 0.24921875 0.09375 0.06875
1 0.3359375 0.20546875 0.06875 0.059375
1 0.9125 0.12421875 0.0546875 0.021875
1 0.18984375 0.234375 0.05625 0.046875
1 0.99140625 0.1640625 0.015625 0.0390625