1 0.1796875 0.74921875 0.225 0.1765625
1 0.80859375 0.83984375 0.275 0.225
1 0.33046875 0.91171875 0.2625 0.171875
1 0.02890625 0.35625 0.0578125 0.065625
1 0.69921875 0.44375 0.065625 0.128125
1 0.975 0.70390625 0.0484375 0.15625
1 0.55390625 0.20078125 0.075 0.0609375
1 0.18671875 0.2453125 0.0828125 0.05
1 0.75078125 0.30703125 0.0625 0.0890625
1 0.6984375 0.10546875 0.028125 0.034375
1 0.6546875 0.16796875 0.0703125 0.0546875
1 0.88046875 0.17109375 0.075 0.05
1 0.16171875 0.18984375 0.0546875 0.046875
1 0.23359375 0.2203125 0.06875 0.0453125
1 0.80625 0.19140625 0.0421875 0.0578125
1 0.47734375 0.17890625 0.06875 0.046875
1 0.66796875 0.259375 0.075 0.103125
1 0.78125 0.23203125 0.053125 0.0765625
1 0.8203125 0.5953125 0.14375 0.209375
1 0.3375 0.21015625 0.071875 0.05
1 0.865625 0.1484375 0.0734375 0.0484375
1 0.21640625 0.16484375 0.05 0.0328125
0 0.0796875 0.1140625 0.10625 0.0578125