1 0.69921875 0.81640625 0.296875 0.3078125
1 0.9734375 0.6046875 0.0515625 0.171875
1 0.4078125 0.50078125 0.15625 0.1640625
1 0.96015625 0.09453125 0.078125 0.075
1 0.60546875 0.36171875 0.14375 0.128125
1 0.5484375 0.43046875 0.165625 0.15
1 0.26796875 0.34375 0.1078125 0.1015625
1 0.85546875 0.04453125 0.090625 0.0515625
1 0.58671875 0.1734375 0.096875 0.06875
1 0.93515625 0.3046875 0.128125 0.125
1 0.59609375 0.1359375 0.090625 0.065625
1 0.71796875 0.184375 0.1140625 0.0796875
1 0.31640625 0.2796875 0.1 0.0859375
1 0.453125 0.309375 0.128125 0.115625
1 0.9734375 0.20546875 0.0515625 0.1046875
1 0.86640625 0.196875 0.128125 0.0953125
1 0.5359375 0.08203125 0.05 0.046875
1 0.04921875 0.28359375 0.040625 0.0671875
1 0.8359375 0.4140625 0.2203125 0.1984375
1 0.9046875 0.36171875 0.171875 0.1359375
1 0.86796875 0.16171875 0.128125 0.065625
1 0.29609375 0.915625 0.13125 0.165625
1 0.70390625 0.14375 0.0984375 0.06875
0 0.43828125 0.12890625 0.19375 0.13125
0 0.14609375 0.2765625 0.1828125 0.1765625
0 0.11875 0.078125 0.06875 0.0515625