1 0.23125 0.65390625 0.1296875 0.221875
1 0.3765625 0.44140625 0.09375 0.15
1 0.1984375 0.26953125 0.1015625 0.0875
1 0.315625 0.94921875 0.159375 0.0984375
1 0.46015625 0.309375 0.0734375 0.134375
1 0.04921875 0.20546875 0.0421875 0.0640625
1 0.5 0.11171875 0.034375 0.05
1 0.9609375 0.19453125 0.0765625 0.0671875
1 0.41796875 0.11796875 0.0265625 0.046875
1 0.3125 0.21875 0.053125 0.078125
1 0.98046875 0.2453125 0.0375 0.09375
1 0.88125 0.22890625 0.0375 0.075
2 0.06328125 0.284375 0.03125 0.084375
0 0.91484375 0.5265625 0.16875 0.528125
0 0.378125 0.18125 0.075 0.1703125