1 0.27265625 0.34140625 0.10625 0.1015625
1 0.54375 0.28515625 0.128125 0.1078125
1 0.29765625 0.23984375 0.078125 0.0765625
1 0.85703125 0.04296875 0.09375 0.0515625
1 0.93515625 0.090625 0.109375 0.0671875
1 0.89921875 0.1984375 0.1390625 0.1046875
1 0.54609375 0.1 0.078125 0.040625
1 0.43046875 0.084375 0.059375 0.0390625
1 0.79609375 0.15625 0.1 0.06875
1 0.56015625 0.0734375 0.0625 0.04375
1 0.95859375 0.16640625 0.08125 0.0890625
2 0.2890625 0.81796875 0.0765625 0.128125
0 0.55546875 0.20625 0.359375 0.190625
0 0.70546875 0.61171875 0.5875 0.565625
0 0.08984375 0.3046875 0.1796875 0.2375
0 0.2390625 0.121875 0.1265625 0.1046875
0 0.1921875 0.27578125 0.1 0.1703125