1 0.18203125 0.14921875 0.0484375 0.053125
1 0.52890625 0.1734375 0.090625 0.0578125
1 0.66875 0.15859375 0.08125 0.065625
1 0.85546875 0.13984375 0.0703125 0.05
1 0.5765625 0.14609375 0.0890625 0.05625
1 0.78984375 0.16484375 0.065625 0.059375
1 0.76171875 0.1484375 0.05625 0.0484375
1 0.2484375 0.13828125 0.0453125 0.05625
1 0.71875 0.1390625 0.059375 0.0484375
1 0.92734375 0.14609375 0.071875 0.059375
2 0.4578125 0.34453125 0.028125 0.059375
2 0.60703125 0.30859375 0.0171875 0.04375
2 0.76015625 0.31484375 0.046875 0.059375
2 0.71875 0.2546875 0.03125 0.05
2 0.8671875 0.3046875 0.04375 0.0546875
2 0.55234375 0.2890625 0.0625 0.0484375
2 0.98828125 0.30546875 0.021875 0.0515625
3 0.58984375 0.653125 0.2875 0.265625
0 0.2703125 0.2703125 0.41875 0.2296875
0 0.12578125 0.128125 0.1515625 0.1515625
0 0.021875 0.34375 0.04375 0.171875