1 0.55859375 0.534375 0.121875 0.146875
1 0.58125 0.2265625 0.05 0.0609375
1 0.8953125 0.2515625 0.04375 0.0640625
1 0.6546875 0.22109375 0.046875 0.0546875
1 0.95078125 0.21328125 0.0375 0.05625
1 0.43203125 0.39921875 0.0953125 0.10625
1 0.97109375 0.1359375 0.025 0.0359375
1 0.38203125 0.378125 0.1 0.1
1 0.87578125 0.14453125 0.028125 0.040625
1 0.68046875 0.15703125 0.0359375 0.0484375
1 0.73359375 0.15078125 0.03125 0.0390625
1 0.75234375 0.090625 0.0203125 0.034375
1 0.63046875 0.16796875 0.0359375 0.0390625
1 0.8546875 0.10625 0.021875 0.0359375
1 0.9171875 0.05390625 0.0125 0.01875
1 0.79609375 0.084375 0.01875 0.025
1 0.81328125 0.19140625 0.034375 0.0578125
1 0.90703125 0.084375 0.015625 0.025
1 0.8953125 0.10078125 0.01875 0.028125
1 0.93984375 0.06171875 0.0140625 0.0203125
1 0.78125 0.0765625 0.015625 0.0203125
1 0.72109375 0.10625 0.0203125 0.025
1 0.64453125 0.134375 0.0296875 0.0390625
1 0.8234375 0.15546875 0.03125 0.040625
1 0.8390625 0.0640625 0.0140625 0.0203125
1 0.82578125 0.04140625 0.009375 0.0125
1 0.71640625 0.13046875 0.028125 0.03125
0 0.0390625 0.0703125 0.078125 0.084375