1 0.94921875 0.08515625 0.1 0.0640625
1 0.9125 0.3640625 0.1734375 0.146875
1 0.86328125 0.0484375 0.090625 0.0515625
1 0.87890625 0.203125 0.0875 0.0875
1 0.678125 0.3140625 0.153125 0.1203125
1 0.0984375 0.33359375 0.08125 0.09375
1 0.16953125 0.375 0.090625 0.10625
1 0.61953125 0.334375 0.1515625 0.0859375
1 0.615625 0.08984375 0.078125 0.0390625
1 0.96484375 0.6046875 0.06875 0.1875
1 0.571875 0.0734375 0.071875 0.0546875
1 0.40703125 0.28515625 0.115625 0.0671875
1 0.33046875 0.0734375 0.046875 0.0359375
1 0.48828125 0.12109375 0.065625 0.0359375
1 0.9640625 0.18359375 0.0703125 0.075
1 0.97890625 0.4546875 0.040625 0.14375
1 0.28359375 0.22421875 0.071875 0.0640625
1 0.9515625 0.29453125 0.0953125 0.09375
1 0.97578125 0.21015625 0.046875 0.0796875
1 0.86484375 0.14921875 0.06875 0.0609375
3 0.28828125 0.37890625 0.18125 0.24375
0 0.6859375 0.20703125 0.3265625 0.2296875
0 0.671875 0.571875 0.59375 0.5296875
0 0.45390625 0.225 0.2703125 0.190625
0 0.14921875 0.25859375 0.1765625 0.165625
0 0.03671875 0.27890625 0.0734375 0.15
0 0.16640625 0.15 0.165625 0.1046875
0 0.34453125 0.16171875 0.20625 0.1359375
0 0.2359375 0.09375 0.125 0.065625