1 0.97265625 0.453125 0.053125 0.046875
1 0.56953125 0.6 0.0515625 0.0890625
1 0.86484375 0.62421875 0.146875 0.11875
1 0.175 0.5203125 0.0875 0.059375
1 0.28828125 0.50703125 0.0828125 0.059375
1 0.59609375 0.5265625 0.05 0.06875
1 0.053125 0.53671875 0.059375 0.05625
1 0.1015625 0.64140625 0.071875 0.109375
1 0.9375 0.609375 0.1046875 0.096875
1 0.19296875 0.628125 0.0875 0.11875
1 0.0234375 0.5515625 0.046875 0.0546875
1 0.7359375 0.38515625 0.021875 0.0296875
1 0.62109375 0.49296875 0.04375 0.05625
1 0.66484375 0.46796875 0.0421875 0.0578125
1 0.42734375 0.5515625 0.0609375 0.0703125
1 0.87265625 0.43125 0.08125 0.040625
1 0.84921875 0.4546875 0.0875 0.04375
1 0.35859375 0.56953125 0.046875 0.071875
1 0.15390625 0.58125 0.0625 0.0703125
1 0.46484375 0.50546875 0.0546875 0.0640625
1 0.41328125 0.515625 0.053125 0.065625
1 0.5234375 0.41875 0.0375 0.034375
2 0.1921875 0.7140625 0.040625 0.075
0 0.403125 0.6953125 0.2921875 0.34375
0 0.5359375 0.48125 0.1 0.1453125
0 0.3078125 0.88203125 0.2890625 0.23125