1 0.3328125 0.1515625 0.0828125 0.05625
1 0.38828125 0.125 0.0703125 0.046875
1 0.04921875 0.325 0.0984375 0.090625
1 0.05546875 0.19375 0.090625 0.065625
1 0.13515625 0.20703125 0.1015625 0.0671875
1 0.18984375 0.14140625 0.078125 0.053125
1 0.178125 0.18125 0.0875 0.0640625
1 0.12578125 0.271875 0.1140625 0.0859375
1 0.9875 0.1109375 0.0234375 0.0515625
1 0.90234375 0.12109375 0.0984375 0.0578125
1 0.98046875 0.17421875 0.0375 0.0703125
1 0.8796875 0.02109375 0.0328125 0.03125
1 0.93984375 0.01796875 0.0375 0.0359375
1 0.9171875 0.15 0.065625 0.0296875
1 0.0078125 0.228125 0.015625 0.040625
2 0.41796875 0.909375 0.1015625 0.1109375
2 0.66171875 0.08125 0.0265625 0.0265625
2 0.51640625 0.084375 0.01875 0.025
2 0.17578125 0.0953125 0.0234375 0.0359375
3 0.59375 0.63046875 0.296875 0.265625
0 0.87109375 0.19375 0.234375 0.10625
0 0.703125 0.35390625 0.5921875 0.2375
0 0.86484375 0.35 0.2671875 0.221875
0 0.253125 0.03671875 0.0875 0.0734375