1 0.43671875 0.39140625 0.1140625 0.13125
1 0.825 0.66875 0.284375 0.334375
1 0.725 0.228125 0.1140625 0.09375
1 0.59453125 0.50546875 0.159375 0.178125
1 0.71015625 0.0984375 0.04375 0.034375
1 0.61171875 0.19375 0.0875 0.075
1 0.965625 0.63515625 0.0671875 0.1515625
1 0.63203125 0.309375 0.125 0.1078125
1 0.80859375 0.38671875 0.1640625 0.11875
1 0.83515625 0.13203125 0.05 0.0390625
1 0.36015625 0.33046875 0.078125 0.1015625
1 0.95234375 0.46953125 0.09375 0.171875
1 0.65 0.42578125 0.1671875 0.1484375
1 0.925 0.29140625 0.1484375 0.15
1 0.47109375 0.13984375 0.0625 0.0609375
1 0.65546875 0.10078125 0.0421875 0.03125
1 0.77578125 0.128125 0.053125 0.0296875
1 0.9296875 0.19453125 0.075 0.040625
1 0.51953125 0.078125 0.0390625 0.0296875
1 0.52109375 0.2546875 0.078125 0.10625
1 0.29765625 0.2734375 0.071875 0.1015625
1 0.83671875 0.496875 0.1796875 0.2203125
1 0.62890625 0.07890625 0.0359375 0.028125
1 0.90703125 0.16796875 0.059375 0.0359375
1 0.5578125 0.07578125 0.034375 0.0296875
1 0.78046875 0.15078125 0.0515625 0.0390625
1 0.51953125 0.2015625 0.0640625 0.075
0 0.3984375 0.23125 0.1875 0.2078125