1 0.6359375 0.26484375 0.1171875 0.078125
1 0.88203125 0.33359375 0.13125 0.1
1 0.90546875 0.1703125 0.09375 0.0671875
1 0.975 0.178125 0.0484375 0.0859375
1 0.10703125 0.28125 0.1296875 0.096875
1 0.05703125 0.19296875 0.090625 0.0640625
1 0.13671875 0.20703125 0.0984375 0.0671875
1 0.18046875 0.1765625 0.0875 0.0609375
1 0.35703125 0.128125 0.0875 0.0640625
1 0.86015625 0.25859375 0.125 0.0953125
1 0.3703125 0.26953125 0.0453125 0.065625
1 0.48125 0.10078125 0.05625 0.065625
1 0.90078125 0.01015625 0.0265625 0.0203125
1 0.00859375 0.22578125 0.0171875 0.0453125
1 0.94140625 0.0203125 0.0375 0.034375
2 0.4671875 0.5640625 0.053125 0.10625
2 0.4359375 0.93828125 0.109375 0.0875
2 0.4234375 0.090625 0.0265625 0.0296875
3 0.27734375 0.2796875 0.19375 0.1734375
3 0.58828125 0.63046875 0.2859375 0.265625
0 0.6078125 0.10546875 0.21875 0.1078125
0 0.25546875 0.0359375 0.0859375 0.071875