1 0.03984375 0.92109375 0.078125 0.1546875
1 0.68359375 0.90546875 0.309375 0.1859375
1 0.95546875 0.92578125 0.0875 0.1453125
1 0.8234375 0.246875 0.1140625 0.084375
1 0.2671875 0.88828125 0.2953125 0.2203125
1 0.68828125 0.2140625 0.10625 0.0859375
1 0.58125 0.18515625 0.0828125 0.059375
1 0.13046875 0.24296875 0.0671875 0.0859375
1 0.4296875 0.25390625 0.096875 0.075
1 0.471875 0.23125 0.09375 0.0671875
1 0.96953125 0.2703125 0.059375 0.0515625
1 0.57421875 0.28828125 0.1125 0.09375
1 0.5859375 0.2453125 0.103125 0.06875
1 0.14140625 0.1859375 0.05625 0.0546875
1 0.32578125 0.2265625 0.09375 0.0796875
1 0.9640625 0.1234375 0.05 0.046875
1 0.00546875 0.2734375 0.0109375 0.05625
1 0.00859375 0.41015625 0.0171875 0.0640625
2 0.26484375 0.20859375 0.03125 0.05
2 0.21328125 0.284375 0.04375 0.046875
2 0.4640625 0.13515625 0.03125 0.034375
2 0.94453125 0.1890625 0.0359375 0.0515625
3 0.5875 0.66015625 0.284375 0.2609375
3 0.9328125 0.34453125 0.1328125 0.159375
0 0.22578125 0.13203125 0.121875 0.15