1 0.215625 0.78515625 0.23125 0.178125
1 0.09609375 0.26171875 0.0859375 0.0546875
1 0.90546875 0.734375 0.1875 0.1875
1 0.59765625 0.9046875 0.2875 0.1875
1 0.728125 0.53515625 0.109375 0.196875
1 0.55390625 0.7296875 0.2296875 0.2078125
1 0.26171875 0.225 0.075 0.05
1 0.16171875 0.18828125 0.05 0.04375
1 0.7125 0.4046875 0.0734375 0.1203125
1 0.203125 0.2265625 0.05625 0.05
1 0.5359375 0.18828125 0.075 0.0609375
1 0.64296875 0.10625 0.05 0.03125
1 0.821875 0.03203125 0.015625 0.0203125
1 0.98359375 0.46796875 0.03125 0.046875
1 0.66796875 0.25859375 0.075 0.10625
1 0.95078125 0.11953125 0.0546875 0.0390625
1 0.52578125 0.1609375 0.059375 0.040625
1 0.34765625 0.20703125 0.0734375 0.0484375
1 0.90234375 0.16875 0.078125 0.0484375
0 0.82265625 0.128125 0.1890625 0.0953125
0 0.16640625 0.10546875 0.103125 0.05625
0 0.22890625 0.0703125 0.040625 0.0515625