1 0.790625 0.15 0.0484375 0.0640625
1 0.8015625 0.1203125 0.0453125 0.0546875
1 0.73125 0.07421875 0.03125 0.0453125
1 0.034375 0.51484375 0.06875 0.1703125
1 0.07421875 0.44453125 0.090625 0.140625
1 0.17421875 0.33125 0.0828125 0.1109375
1 0.12265625 0.38359375 0.09375 0.121875
1 0.2375 0.25 0.05 0.08125
1 0.21171875 0.2859375 0.06875 0.0984375
0 0.41484375 0.61328125 0.271875 0.7671875
1 0.5703125 0.0390625 0.021875 0.0375
1 0.59921875 0.0140625 0.01875 0.028125
1 0.675 0.04453125 0.0265625 0.0296875
1 0.7 0.0359375 0.0203125 0.03125
1 0.72734375 0.02734375 0.028125 0.03125