1 0.490625 0.55625 0.0875 0.146875
1 0.48984375 0.40078125 0.0625 0.0875
1 0.65546875 0.915625 0.190625 0.165625
1 0.26484375 0.53671875 0.1265625 0.11875
1 0.90859375 0.95390625 0.18125 0.0890625
1 0.3484375 0.39296875 0.053125 0.08125
1 0.1625 0.29921875 0.040625 0.0546875
1 0.39921875 0.3640625 0.053125 0.071875
1 0.71796875 0.5890625 0.140625 0.1109375
1 0.85234375 0.28671875 0.0484375 0.0453125
1 0.20625 0.33125 0.065625 0.0625
1 0.58671875 0.36484375 0.0734375 0.0953125
1 0.42890625 0.325 0.0484375 0.0609375
1 0.734375 0.71484375 0.1859375 0.296875
1 0.80546875 0.26796875 0.034375 0.0390625
2 0.05 0.40078125 0.046875 0.0578125
2 0.79609375 0.31875 0.0359375 0.0515625
2 0.1984375 0.35390625 0.0453125 0.0453125
2 0.159375 0.35625 0.0296875 0.04375
3 0.53515625 0.23203125 0.159375 0.109375
0 0.52890625 0.103125 0.0515625 0.06875