1 0.09609375 0.66953125 0.1921875 0.2265625
1 0.6765625 0.31953125 0.0859375 0.1140625
1 0.95390625 0.2765625 0.090625 0.109375
1 0.74296875 0.41796875 0.15 0.1390625
1 0.409375 0.58046875 0.15625 0.14375
1 0.84765625 0.18828125 0.06875 0.0984375
1 0.01484375 0.23125 0.0296875 0.0484375
1 0.82109375 0.24140625 0.06875 0.109375
2 0.08671875 0.3015625 0.0375 0.075
0 0.3484375 0.31640625 0.434375 0.3484375
0 0.03515625 0.3703125 0.0703125 0.253125
0 0.39140625 0.725 0.7828125 0.546875
0 0.83203125 0.0984375 0.20625 0.175
3 0.88046875 0.11015625 0.1046875 0.1546875
1 0.5875 0.16171875 0.0671875 0.1015625
1 0.9609375 0.0875 0.05 0.05625
1 0.97890625 0.10546875 0.0421875 0.0609375
1 0.97890625 0.04296875 0.040625 0.046875
0 0.42734375 0.17265625 0.2578125 0.1328125