1 0.82265625 0.896875 0.3125 0.2015625
1 0.09296875 0.878125 0.1859375 0.225
1 0.37890625 0.20859375 0.109375 0.0796875
1 0.56015625 0.11171875 0.0828125 0.065625
1 0.44140625 0.15390625 0.0921875 0.0640625
1 0.46015625 0.090625 0.071875 0.05625
1 0.37578125 0.878125 0.240625 0.2296875
1 0.91640625 0.328125 0.1484375 0.1265625
1 0.80234375 0.1609375 0.0984375 0.0703125
1 0.38046875 0.26640625 0.10625 0.0640625
1 0.04765625 0.16015625 0.084375 0.0609375
1 0.73515625 0.18203125 0.10625 0.0796875
1 0.87109375 0.215625 0.125 0.090625
1 0.66484375 0.128125 0.0890625 0.078125
1 0.92109375 0.04375 0.05 0.046875
1 0.97578125 0.05078125 0.046875 0.05
1 0.9484375 0.20078125 0.1015625 0.0796875
1 0.040625 0.08515625 0.08125 0.05625
1 0.21328125 0.1109375 0.075 0.0484375
1 0.39140625 0.0734375 0.0578125 0.0578125
1 0.3484375 0.05390625 0.0375 0.0484375
1 0.21796875 0.14453125 0.0859375 0.059375
1 0.26953125 0.0203125 0.040625 0.040625
1 0.99140625 0.24921875 0.015625 0.05
1 0.9453125 0.175 0.103125 0.0453125
1 0.903125 0.01015625 0.0421875 0.0203125
2 0.0625 0.57890625 0.071875 0.090625
2 0.384375 0.11796875 0.046875 0.04375
3 0.59609375 0.59140625 0.290625 0.2609375