1 0.59921875 0.07421875 0.0703125 0.0484375
1 0.86328125 0.046875 0.090625 0.0546875
1 0.87890625 0.2015625 0.0890625 0.0890625
1 0.09765625 0.33125 0.08125 0.09375
1 0.16953125 0.37578125 0.090625 0.1078125
1 0.67734375 0.31015625 0.15625 0.1140625
1 0.9640625 0.60625 0.0703125 0.1765625
1 0.42109375 0.2890625 0.1203125 0.0703125
1 0.33828125 0.07109375 0.046875 0.04375
1 0.915625 0.44921875 0.1671875 0.165625
1 0.9640625 0.18125 0.0703125 0.078125
1 0.9125 0.35546875 0.1734375 0.1296875
1 0.2828125 0.2265625 0.0703125 0.071875
1 0.95078125 0.29375 0.096875 0.0953125
1 0.64140625 0.3390625 0.159375 0.0890625
1 0.46171875 0.0609375 0.040625 0.034375
1 0.37421875 0.0890625 0.053125 0.0453125
1 0.97578125 0.209375 0.046875 0.08125
1 0.4875 0.1203125 0.0609375 0.0296875
1 0.77734375 0.09453125 0.0796875 0.0375
1 0.86484375 0.1484375 0.06875 0.0640625
3 0.28828125 0.3765625 0.18125 0.246875
0 0.68515625 0.20625 0.328125 0.228125
0 0.45390625 0.22421875 0.2703125 0.19375
0 0.671875 0.571875 0.59375 0.5265625
0 0.03671875 0.278125 0.0734375 0.15
0 0.15390625 0.259375 0.190625 0.165625
0 0.34296875 0.1609375 0.203125 0.134375
0 0.16640625 0.14609375 0.1609375 0.096875
0 0.23671875 0.09453125 0.125 0.0640625