1 0.29375 0.38828125 0.0921875 0.0859375
1 0.62890625 0.19453125 0.040625 0.0453125
1 0.7265625 0.15859375 0.034375 0.0390625
1 0.7484375 0.38828125 0.075 0.109375
1 0.82265625 0.234375 0.040625 0.0546875
1 0.90234375 0.20390625 0.034375 0.0484375
1 0.9734375 0.20703125 0.034375 0.05625
1 0.47109375 0.31796875 0.075 0.0796875
1 0.87734375 0.2953125 0.05 0.0765625
1 0.9671875 0.28984375 0.05 0.071875
1 0.78125 0.20859375 0.0375 0.05
1 0.69765625 0.33203125 0.065625 0.0796875
1 0.75546875 0.08203125 0.0171875 0.0203125
1 0.878125 0.14140625 0.025 0.0359375
1 0.853125 0.11640625 0.0234375 0.0296875
1 0.46640625 0.26484375 0.05625 0.0859375
1 0.80390625 0.0953125 0.01875 0.025
1 0.78828125 0.0890625 0.015625 0.021875
1 0.83671875 0.04609375 0.0109375 0.015625
1 0.96484375 0.059375 0.0140625 0.01875
1 0.9328125 0.08203125 0.015625 0.025
0 0.0359375 0.0703125 0.071875 0.09375