1 0.25078125 0.18203125 0.0875 0.065625
1 0.93046875 0.25078125 0.115625 0.084375
1 0.48515625 0.21640625 0.10625 0.078125
1 0.76484375 0.26640625 0.1140625 0.0859375
1 0.37578125 0.27578125 0.1234375 0.0953125
1 0.96640625 0.190625 0.065625 0.0671875
1 0.46015625 0.17109375 0.090625 0.065625
1 0.97421875 0.0640625 0.05 0.0453125
1 0.0546875 0.228125 0.09375 0.0703125
1 0.0765625 0.1984375 0.0875 0.0515625
1 0.8984375 0.0109375 0.0265625 0.021875
1 0.93828125 0.0203125 0.0375 0.034375
2 0.96484375 0.78671875 0.06875 0.0890625
2 0.325 0.1109375 0.03125 0.0375
2 0.87890625 0.06640625 0.0125 0.034375
2 0.21484375 0.09609375 0.015625 0.0484375
3 0.590625 0.634375 0.2875 0.2609375
0 0.2546875 0.040625 0.0875 0.08125
0 0.76015625 0.12890625 0.2125 0.128125