1 0.66015625 0.64296875 0.1359375 0.2515625
1 0.83828125 0.51171875 0.13125 0.20625
1 0.41171875 0.17578125 0.103125 0.075
1 0.65234375 0.37421875 0.1 0.1890625
1 0.7171875 0.21328125 0.059375 0.09375
1 0.92265625 0.26875 0.08125 0.1046875
1 0.6109375 0.19921875 0.059375 0.090625
1 0.01640625 0.71953125 0.0328125 0.1640625
1 0.04375 0.48828125 0.0875 0.171875
1 0.79140625 0.109375 0.0453125 0.0671875
1 0.77578125 0.89921875 0.1953125 0.1984375
1 0.8296875 0.0765625 0.040625 0.0578125
1 0.625 0.10703125 0.040625 0.0640625
1 0.13984375 0.3546875 0.0921875 0.125
1 0.925 0.13671875 0.0609375 0.0671875
1 0.0921875 0.415625 0.090625 0.1390625
1 0.18984375 0.3015625 0.0875 0.1109375
1 0.73671875 0.0234375 0.028125 0.0390625
0 0.5515625 0.02421875 0.0375 0.0484375
1 0.590625 0.12890625 0.0390625 0.0875
1 0.92421875 0.19921875 0.075 0.0765625
2 0.68671875 0.128125 0.015625 0.0484375
1 0.6046875 0.06328125 0.03125 0.0453125
1 0.23984375 0.259375 0.0703125 0.1
1 0.2578125 0.21875 0.05 0.075
1 0.2625 0.18671875 0.08125 0.0484375
1 0.77421875 0.05 0.0359375 0.053125
1 0.80625 0.03828125 0.028125 0.0359375
0 0.38359375 0.8203125 0.3453125 0.359375