1 0.83203125 0.6859375 0.28125 0.265625
1 0.5125 0.425 0.178125 0.15
1 0.59453125 0.340625 0.14375 0.1265625
1 0.9375 0.271875 0.1234375 0.1078125
1 0.88671875 0.5515625 0.225 0.215625
1 0.29296875 0.13359375 0.0640625 0.059375
1 0.51640625 0.11484375 0.0828125 0.0703125
1 0.47109375 0.14375 0.084375 0.065625
1 0.440625 0.29375 0.13125 0.1140625
1 0.315625 0.26875 0.1046875 0.09375
1 0.6953125 0.23046875 0.1390625 0.0953125
1 0.5171875 0.25625 0.1125 0.1015625
1 0.82734375 0.02421875 0.0703125 0.0484375
1 0.72265625 0.12109375 0.103125 0.0796875
1 0.715625 0.28984375 0.15 0.10625
1 0.2078125 0.13359375 0.0515625 0.0484375
1 0.22734375 0.2546875 0.0765625 0.06875
1 0.28203125 0.3359375 0.1125 0.125
1 0.07421875 0.11953125 0.03125 0.0390625
1 0.09375 0.2984375 0.0984375 0.078125
1 0.70234375 0.16171875 0.109375 0.084375
1 0.11953125 0.175 0.046875 0.0546875
1 0.16328125 0.23828125 0.0609375 0.065625
1 0.24765625 0.11015625 0.05625 0.0578125
1 0.82265625 0.3796875 0.225 0.1671875
1 0.06328125 0.2140625 0.05 0.0578125
1 0.12734375 0.109375 0.0375 0.0453125
1 0.7265625 0.021875 0.08125 0.04375
1 0.05078125 0.271875 0.06875 0.075
1 0.10703125 0.22890625 0.059375 0.0578125
1 0.91953125 0.34296875 0.159375 0.1453125
1 0.00390625 0.3 0.0078125 0.034375