1 0.77421875 0.73203125 0.225 0.271875
1 0.265625 0.23671875 0.11875 0.078125
1 0.1453125 0.865625 0.290625 0.265625
1 0.4453125 0.615625 0.2265625 0.2203125
1 0.51875 0.215625 0.1359375 0.0953125
1 0.3 0.896875 0.33125 0.2015625
1 0.55390625 0.70390625 0.2265625 0.2375
1 0.56875 0.15 0.078125 0.0640625
1 0.07265625 0.203125 0.0984375 0.0796875
1 0.7171875 0.1484375 0.075 0.075
1 0.92890625 0.140625 0.071875 0.078125
1 0.6671875 0.14453125 0.0625 0.0640625
1 0.97421875 0.1109375 0.05 0.078125
1 0.69296875 0.1046875 0.0671875 0.0546875
1 0.82734375 0.1546875 0.059375 0.071875
1 0.21328125 0.18203125 0.0703125 0.06875
2 0.4328125 0.196875 0.028125 0.0578125
2 0.82265625 0.4453125 0.078125 0.071875
2 0.36796875 0.21328125 0.0265625 0.059375