1 0.70078125 0.23828125 0.103125 0.06875
1 0.04921875 0.79921875 0.0984375 0.2046875
1 0.07421875 0.228125 0.0875 0.05625
1 0.19140625 0.2296875 0.096875 0.059375
1 0.53046875 0.23984375 0.09375 0.0875
1 0.8453125 0.128125 0.05625 0.0375
1 0.41953125 0.23359375 0.1015625 0.0703125
1 0.2578125 0.271875 0.128125 0.0859375
1 0.33203125 0.21484375 0.0875 0.05625
1 0.02265625 0.21953125 0.0453125 0.0546875
1 0.48671875 0.1984375 0.0875 0.0515625
1 0.32734375 0.19296875 0.0859375 0.0515625
1 0.91328125 0.1203125 0.05625 0.021875
1 0.75546875 0.171875 0.046875 0.040625