1 0.95234375 0.57890625 0.09375 0.1171875
1 0.05390625 0.459375 0.071875 0.0890625
1 0.6015625 0.45390625 0.128125 0.1078125
1 0.77578125 0.51171875 0.15625 0.128125
1 0.14296875 0.43203125 0.078125 0.0875
1 0.44609375 0.39921875 0.09375 0.0796875
1 0.54453125 0.38046875 0.1 0.0765625
1 0.77734375 0.44921875 0.15 0.1015625
1 0.39296875 0.76171875 0.1859375 0.209375
1 0.36640625 0.175 0.0375 0.025
1 0.45078125 0.18671875 0.034375 0.0296875
1 0.55 0.20703125 0.04375 0.0375
1 0.28359375 0.17578125 0.025 0.0296875
2 0.60859375 0.23828125 0.0234375 0.0359375
2 0.52265625 0.2203125 0.01875 0.0296875
2 0.7171875 0.23984375 0.0390625 0.0359375
2 0.40234375 0.2015625 0.021875 0.0296875
2 0.5828125 0.2203125 0.0203125 0.0375
2 0.44765625 0.21015625 0.015625 0.03125
0 0.51328125 0.640625 0.571875 0.534375
0 0.07265625 0.3640625 0.1453125 0.146875
0 0.29140625 0.321875 0.1734375 0.1375
0 0.37734375 0.31015625 0.178125 0.13125