1 0.48359375 0.48203125 0.1296875 0.0984375
1 0.05703125 0.353125 0.0859375 0.0546875
1 0.1875 0.35 0.0875 0.0546875
1 0.80859375 0.27421875 0.053125 0.0375
1 0.8734375 0.26796875 0.0515625 0.0234375
1 0.12265625 0.31484375 0.0375 0.0484375
1 0.70234375 0.25859375 0.015625 0.03125
1 0.1546875 0.33203125 0.053125 0.046875
1 0.8515625 0.2546875 0.0265625 0.028125
1 0.00703125 0.35 0.0140625 0.040625
3 0.3125 0.33515625 0.13125 0.115625
0 0.215625 0.5515625 0.43125 0.25625
0 0.96328125 0.44609375 0.071875 0.1546875