1 0.19609375 0.8859375 0.2671875 0.2015625
1 0.97421875 0.6765625 0.05 0.153125
1 0.09609375 0.26015625 0.0859375 0.0546875
1 0.26484375 0.69609375 0.209375 0.18125
1 0.7625 0.69296875 0.2375 0.2
1 0.690625 0.79375 0.265625 0.23125
1 0.89765625 0.1140625 0.0625 0.0390625
1 0.90234375 0.165625 0.078125 0.05
1 0.515625 0.20859375 0.084375 0.0609375
1 0.70703125 0.125 0.0609375 0.04375
1 0.71328125 0.390625 0.0734375 0.1078125
1 0.75703125 0.11015625 0.053125 0.0359375
1 0.26171875 0.2234375 0.0734375 0.05
1 0.16171875 0.18515625 0.053125 0.0453125
1 0.98359375 0.13515625 0.03125 0.0375
1 0.29140625 0.1953125 0.065625 0.046875
1 0.71640625 0.51171875 0.09375 0.1796875
1 0.66796875 0.2515625 0.075 0.115625
1 0.34609375 0.20625 0.075 0.05
1 0.97265625 0.45546875 0.053125 0.0703125
1 0.20234375 0.22578125 0.05625 0.0484375
1 0.5265625 0.16015625 0.059375 0.0390625
1 0.97421875 0.371875 0.05 0.0546875
1 0.79765625 0.23515625 0.05 0.0703125
1 0.796875 0.14453125 0.071875 0.0515625