1 0.9734375 0.60390625 0.0515625 0.1703125
1 0.53671875 0.74375 0.259375 0.26875
1 0.08515625 0.43984375 0.090625 0.1171875
1 0.26875 0.34375 0.10625 0.1015625
1 0.5484375 0.43125 0.165625 0.1484375
1 0.934375 0.0953125 0.1171875 0.0796875
1 0.27890625 0.203125 0.0640625 0.065625
1 0.58671875 0.171875 0.096875 0.0703125
1 0.7 0.30703125 0.153125 0.1109375
1 0.86484375 0.1984375 0.1265625 0.0890625
1 0.44296875 0.25625 0.1078125 0.06875
1 0.60625 0.3609375 0.14375 0.1296875
1 0.71875 0.18359375 0.1125 0.078125
1 0.97421875 0.20703125 0.05 0.1
1 0.8359375 0.41484375 0.221875 0.196875
1 0.45390625 0.309375 0.128125 0.115625
1 0.70546875 0.1453125 0.0984375 0.071875
1 0.04296875 0.1859375 0.03125 0.04375
1 0.04921875 0.28203125 0.0375 0.065625
1 0.31015625 0.15078125 0.0625 0.0578125
1 0.13671875 0.18125 0.04375 0.040625
1 0.02109375 0.27109375 0.0421875 0.0609375
1 0.85234375 0.04453125 0.0953125 0.059375
1 0.08203125 0.19296875 0.0375 0.040625
1 0.97109375 0.16796875 0.05625 0.065625
1 0.59609375 0.1390625 0.090625 0.0671875
1 0.57265625 0.11015625 0.0796875 0.0578125
1 0.8609375 0.15703125 0.11875 0.059375
1 0.0109375 0.33359375 0.021875 0.075
2 0.64296875 0.06484375 0.021875 0.0359375
2 0.58046875 0.06796875 0.028125 0.03125
0 0.14609375 0.278125 0.184375 0.1734375
0 0.43984375 0.12890625 0.2 0.13125
0 0.41484375 0.05078125 0.1671875 0.0796875
0 0.13828125 0.071875 0.071875 0.059375
0 0.7390625 0.03203125 0.08125 0.0640625