1 0.53984375 0.303125 0.1015625 0.06875
1 0.45234375 0.32578125 0.1171875 0.075
1 0.98828125 0.3203125 0.021875 0.0515625
1 0.83359375 0.1765625 0.05625 0.0359375
1 0.29765625 0.29375 0.0703125 0.0609375
1 0.47734375 0.253125 0.084375 0.0546875
1 0.38828125 0.2734375 0.0859375 0.065625
1 0.3203125 0.2515625 0.0828125 0.059375
1 0.78046875 0.1765625 0.04375 0.0171875
1 0.734375 0.31640625 0.103125 0.0703125
1 0.9015625 0.16875 0.05625 0.021875
1 0.23671875 0.31953125 0.1109375 0.071875
0 0.675 0.23984375 0.30625 0.1203125
0 0.92890625 0.24609375 0.140625 0.121875
0 0.0671875 0.28046875 0.134375 0.1359375