1 0.83203125 0.2953125 0.115625 0.0953125
1 0.05390625 0.55546875 0.1078125 0.1484375
1 0.95078125 0.22578125 0.096875 0.0703125
1 0.559375 0.303125 0.11875 0.09375
1 0.65703125 0.32578125 0.125 0.1
1 0.01640625 0.453125 0.0328125 0.0953125
1 0.36875 0.41484375 0.15 0.1265625
1 0.725 0.25546875 0.1109375 0.078125
1 0.72890625 0.215625 0.109375 0.0640625
1 0.3265625 0.2359375 0.1015625 0.06875
1 0.16640625 0.2140625 0.1015625 0.065625
1 0.36015625 0.1796875 0.0875 0.0515625
1 0.28515625 0.16875 0.078125 0.0640625
1 0.37734375 0.284375 0.1140625 0.071875
1 0.1125 0.19140625 0.0875 0.06875
1 0.46875 0.15 0.028125 0.0515625
1 0.675 0.175 0.0875 0.0609375
1 0.125 0.378125 0.103125 0.1109375
1 0.83671875 0.0296875 0.03125 0.0328125
1 0.35625 0.340625 0.128125 0.1046875
1 0.88828125 0.1015625 0.04375 0.040625
1 0.85703125 0.13125 0.065625 0.040625
1 0.88984375 0.06875 0.04375 0.0359375
1 0.99375 0.2609375 0.0109375 0.0453125
2 0.11640625 0.90078125 0.109375 0.109375
2 0.47265625 0.884375 0.1015625 0.10625
2 0.3109375 0.95 0.1453125 0.096875
2 0.28125 0.303125 0.0421875 0.0640625
2 0.65078125 0.2046875 0.0375 0.0546875
3 0.58828125 0.63984375 0.2859375 0.2609375
0 0.62265625 0.13046875 0.2875 0.13125
0 0.98203125 0.14609375 0.034375 0.121875
0 0.94921875 0.08828125 0.08125 0.109375
0 0.2546875 0.04140625 0.090625 0.0828125