1 0.67734375 0.3140625 0.15625 0.1203125
1 0.59453125 0.0734375 0.0671875 0.05
1 0.97109375 0.08203125 0.05625 0.0609375
1 0.66171875 0.08359375 0.0828125 0.040625
1 0.8640625 0.04921875 0.0890625 0.05
1 0.87890625 0.2046875 0.090625 0.0875
1 0.0984375 0.33125 0.08125 0.09375
1 0.16953125 0.375 0.090625 0.10625
1 0.9125 0.35078125 0.1734375 0.1171875
1 0.5671875 0.31953125 0.1375 0.0859375
1 0.98046875 0.6109375 0.0375 0.1703125
1 0.48984375 0.09296875 0.06875 0.0546875
1 0.3359375 0.05078125 0.01875 0.025
1 0.4703125 0.0640625 0.053125 0.04375
1 0.31953125 0.27109375 0.090625 0.0796875
1 0.85859375 0.109375 0.096875 0.0671875
1 0.9640625 0.184375 0.0703125 0.0765625
1 0.28203125 0.225 0.06875 0.06875
1 0.9515625 0.29609375 0.0953125 0.09375
1 0.97578125 0.21171875 0.046875 0.0796875
2 0.03984375 0.5859375 0.03125 0.06875
3 0.28828125 0.3796875 0.18125 0.2453125
0 0.68671875 0.209375 0.328125 0.2296875
0 0.671875 0.571875 0.59375 0.5296875
0 0.15234375 0.259375 0.18125 0.165625
0 0.453125 0.22421875 0.26875 0.1890625
0 0.03671875 0.2765625 0.0734375 0.15
0 0.34375 0.1609375 0.203125 0.1296875
0 0.1671875 0.146875 0.159375 0.0953125
0 0.38671875 0.3359375 0.0953125 0.1015625
0 0.23671875 0.09375 0.121875 0.0609375