1 0.08515625 0.57890625 0.1703125 0.171875
1 0.95078125 0.13046875 0.0484375 0.05
1 0.24765625 0.09921875 0.0359375 0.04375
1 0.87734375 0.14375 0.08125 0.071875
1 0.81171875 0.03828125 0.028125 0.03125
1 0.66640625 0.16171875 0.0671875 0.0546875
1 0.77890625 0.1484375 0.075 0.0515625
2 0.9 0.20078125 0.025 0.04375
2 0.12734375 0.178125 0.021875 0.0453125
2 0.4515625 0.38984375 0.028125 0.06875
2 0.62734375 0.3796875 0.0359375 0.059375
2 0.6578125 0.21875 0.0359375 0.040625
2 0.728125 0.23671875 0.046875 0.0453125
2 0.0390625 0.1453125 0.015625 0.04375
2 0.60078125 0.22890625 0.021875 0.05
2 0.96328125 0.37421875 0.046875 0.034375
2 0.96640625 0.33828125 0.046875 0.05625
3 0.5890625 0.6546875 0.2890625 0.265625
0 0.40078125 0.24609375 0.384375 0.215625
0 0.08359375 0.325 0.1671875 0.2140625
0 0.21875 0.07109375 0.103125 0.109375