1 0.4109375 0.54140625 0.1015625 0.190625
1 0.3140625 0.45078125 0.0859375 0.146875
1 0.425 0.325 0.06875 0.10625
1 0.48046875 0.24140625 0.05625 0.0984375
1 0.16015625 0.26640625 0.10625 0.0859375
1 0.9609375 0.19921875 0.0765625 0.06875
1 0.05 0.209375 0.0390625 0.0640625
1 0.41953125 0.11171875 0.028125 0.04375
1 0.49453125 0.096875 0.028125 0.04375
1 0.31171875 0.22421875 0.053125 0.078125
2 0.78828125 0.14609375 0.0109375 0.0296875
0 0.915625 0.53203125 0.1671875 0.53125
0 0.38359375 0.1734375 0.0703125 0.1578125