1 0.7765625 0.73828125 0.2265625 0.271875
1 0.1609375 0.85703125 0.321875 0.278125
1 0.44609375 0.6234375 0.225 0.215625
1 0.4015625 0.18828125 0.1 0.06875
1 0.29296875 0.8984375 0.35625 0.2
1 0.55546875 0.7109375 0.2265625 0.240625
1 0.56953125 0.15625 0.075 0.0609375
1 0.71875 0.1546875 0.075 0.071875
1 0.928125 0.14609375 0.075 0.078125
1 0.66953125 0.146875 0.0671875 0.071875
1 0.62734375 0.134375 0.0484375 0.046875
1 0.83203125 0.1609375 0.06875 0.0796875
1 0.784375 0.14921875 0.0421875 0.0609375
1 0.8828125 0.13046875 0.05625 0.075
1 0.93125 0.10546875 0.034375 0.0390625
1 0.975 0.11875 0.05 0.08125
1 0.90703125 0.0875 0.0453125 0.0515625
1 0.95234375 0.05625 0.028125 0.0484375
1 0.92421875 0.05546875 0.034375 0.0359375