1 0.896875 0.8 0.2 0.2078125
1 0.43046875 0.43046875 0.09375 0.10625
1 0.3375 0.35078125 0.08125 0.090625
1 0.2609375 0.290625 0.06875 0.075
1 0.36875 0.29140625 0.071875 0.06875
1 0.159375 0.18515625 0.0640625 0.0484375
1 0.5203125 0.0296875 0.0234375 0.021875
1 0.16328125 0.25546875 0.06875 0.059375
1 0.49453125 0.14375 0.028125 0.0453125
1 0.596875 0.17421875 0.015625 0.0515625
1 0.37421875 0.12578125 0.034375 0.0640625
1 0.36015625 0.23828125 0.0703125 0.0546875
1 0.6484375 0.11796875 0.059375 0.0546875
1 0.58828125 0.07109375 0.0203125 0.03125
1 0.5625 0.028125 0.015625 0.01875
1 0.45703125 0.13984375 0.0296875 0.0453125
1 0.4296875 0.05546875 0.0265625 0.0296875
1 0.49921875 0.378125 0.084375 0.096875
1 0.28046875 0.25625 0.071875 0.05625
1 0.73046875 0.234375 0.034375 0.071875
1 0.03515625 0.24140625 0.0703125 0.0546875
1 0.14765625 0.22890625 0.08125 0.0546875
1 0.36640625 0.08203125 0.028125 0.03125
1 0.47265625 0.11171875 0.03125 0.0453125
2 0.69921875 0.440625 0.034375 0.078125
2 0.2421875 0.21640625 0.0265625 0.034375
2 0.96171875 0.146875 0.028125 0.03125
2 0.18828125 0.39921875 0.046875 0.06875
2 0.0640625 0.46875 0.059375 0.075
2 0.8125 0.08828125 0.015625 0.0359375
2 0.740625 0.16953125 0.034375 0.0390625
2 0.16328125 0.4859375 0.05625 0.084375
2 0.02734375 0.346875 0.0359375 0.0578125
2 0.03359375 0.26953125 0.021875 0.046875
2 0.27109375 0.57421875 0.0625 0.08125
2 0.88203125 0.15546875 0.0375 0.0375
2 0.22890625 0.559375 0.0390625 0.0671875
2 0.00859375 0.2703125 0.0171875 0.046875
0 0.89765625 0.425 0.203125 0.3140625
0 0.65859375 0.21328125 0.1140625 0.1640625
1 0.759375 0.3203125 0.0828125 0.1265625
2 0.57109375 0.1640625 0.0203125 0.028125
1 0.0625 0.2078125 0.0921875 0.0671875
1 0.3640625 0.05234375 0.0296875 0.0296875
1 0.3421875 0.0640625 0.015625 0.0265625
1 0.38515625 0.04375 0.0296875 0.0265625
1 0.47734375 0.04140625 0.0296875 0.0265625