1 0.2984375 0.75390625 0.275 0.25625
1 0.71171875 0.8109375 0.24375 0.3046875
1 0.0859375 0.734375 0.171875 0.25
1 0.06796875 0.3734375 0.1359375 0.121875
1 0.67109375 0.33203125 0.1 0.1171875
1 0.66171875 0.590625 0.2 0.2
1 0.94609375 0.43984375 0.10625 0.1609375
1 0.6328125 0.4765625 0.18125 0.1578125
1 0.3359375 0.3546875 0.15625 0.128125
1 0.5609375 0.28984375 0.128125 0.1140625
1 0.26328125 0.34140625 0.125 0.125
1 0.3484375 0.25703125 0.090625 0.078125
1 0.94453125 0.321875 0.109375 0.11875
1 0.79765625 0.1109375 0.05625 0.0671875
1 0.74375 0.196875 0.0875 0.0953125
1 0.69296875 0.15 0.071875 0.08125
1 0.87265625 0.290625 0.109375 0.1109375
1 0.53359375 0.24296875 0.1125 0.11875
1 0.9796875 0.11015625 0.0390625 0.06875
1 0.8515625 0.14140625 0.071875 0.0765625
1 0.72109375 0.175 0.0625 0.084375
1 0.584375 0.20390625 0.071875 0.0703125
0 0.9296875 0.046875 0.11875 0.09375
1 0.9546875 0.06875 0.05 0.05625
1 0.83203125 0.23203125 0.06875 0.109375
2 0.14921875 0.284375 0.040625 0.0765625