1 0.2640625 0.375 0.096875 0.084375
1 0.2203125 0.21640625 0.05625 0.0515625
1 0.0546875 0.53671875 0.109375 0.11875
1 0.5921875 0.16953125 0.04375 0.046875
1 0.43359375 0.2140625 0.053125 0.05
1 0.47109375 0.23046875 0.0546875 0.0546875
1 0.97265625 0.15390625 0.053125 0.0515625
1 0.21328125 0.12890625 0.03125 0.028125
1 0.37265625 0.18125 0.034375 0.0515625
1 0.33125 0.15859375 0.04375 0.0359375
0 0.171875 0.67109375 0.34375 0.5359375
0 0.06953125 0.24453125 0.1390625 0.1375
0 0.06953125 0.40703125 0.1390625 0.1859375
0 0.36875 0.1296875 0.1234375 0.0890625
0 0.79140625 0.053125 0.0359375 0.0609375
0 0.97265625 0.403125 0.053125 0.125