1 0.82578125 0.28046875 0.1140625 0.090625
1 0.73203125 0.1953125 0.090625 0.065625
1 0.596875 0.31171875 0.125 0.10625
1 0.91328125 0.22109375 0.0984375 0.071875
1 0.0890625 0.18828125 0.09375 0.053125
1 0.3875 0.27890625 0.109375 0.0875
1 0.22421875 0.3453125 0.134375 0.109375
1 0.69296875 0.24453125 0.1015625 0.078125
1 0.35390625 0.375 0.14375 0.1390625
1 0.57109375 0.175 0.109375 0.065625
1 0.98515625 0.2484375 0.028125 0.05625
1 0.0359375 0.21875 0.071875 0.05625
1 0.065625 0.51953125 0.13125 0.1875
1 0.49921875 0.14453125 0.01875 0.0296875
1 0.91953125 0.103125 0.04375 0.046875
1 0.8640625 0.171875 0.090625 0.08125
1 0.559375 0.2296875 0.0734375 0.0671875
1 0.96953125 0.053125 0.059375 0.0390625
1 0.9359375 0.015625 0.0375 0.03125
1 0.84375 0.01953125 0.03125 0.0359375
1 0.36875 0.221875 0.1 0.08125
1 0.990625 0.16328125 0.0171875 0.0375
2 0.15546875 0.31953125 0.0484375 0.0609375
2 0.92109375 0.13984375 0.0234375 0.04375
2 0.65390625 0.9453125 0.2109375 0.10625
2 0.2125 0.090625 0.015625 0.040625
2 0.31171875 0.25546875 0.028125 0.0484375
3 0.590625 0.63203125 0.2890625 0.2609375
0 0.77265625 0.11015625 0.2625 0.13125
0 0.25078125 0.03984375 0.090625 0.0796875
0 0.33671875 0.15390625 0.334375 0.15625