1 0.77734375 0.68984375 0.1734375 0.16875
1 0.403125 0.40390625 0.0875 0.1
1 0.88046875 0.92421875 0.2375 0.1484375
1 0.4734375 0.3546875 0.08125 0.090625
1 0.31875 0.33359375 0.078125 0.0859375
1 0.24140625 0.27890625 0.0671875 0.0640625
1 0.13359375 0.18671875 0.0671875 0.0484375
1 0.32578125 0.22578125 0.071875 0.0484375
1 0.3390625 0.275 0.071875 0.0640625
1 0.13203125 0.246875 0.075 0.0578125
1 0.49609375 0.14296875 0.0296875 0.0484375
1 0.6046875 0.18359375 0.021875 0.05625
1 0.37265625 0.12890625 0.03125 0.0609375
1 0.4171875 0.06015625 0.028125 0.028125
1 0.58828125 0.07890625 0.021875 0.0359375
1 0.45703125 0.13984375 0.0296875 0.0453125
1 0.75703125 0.25078125 0.04375 0.0765625
1 0.35625 0.0890625 0.028125 0.034375
1 0.66953125 0.11953125 0.0703125 0.053125
1 0.51015625 0.03125 0.028125 0.0265625
1 0.34296875 0.0609375 0.015625 0.0296875
1 0.10546875 0.22578125 0.08125 0.0515625
1 0.46328125 0.04296875 0.03125 0.0296875
1 0.46953125 0.11484375 0.03125 0.0453125
1 0.2484375 0.24375 0.075 0.0546875
2 0.653125 0.4109375 0.03125 0.0703125
2 0.94609375 0.14921875 0.025 0.0359375
2 0.2078125 0.2109375 0.025 0.034375
2 0.09453125 0.45546875 0.0546875 0.075
2 0.16328125 0.48203125 0.059375 0.0875
2 0.20078125 0.39375 0.0484375 0.065625
2 0.02734375 0.34140625 0.0375 0.0640625
2 0.80703125 0.08828125 0.0140625 0.03125
2 0.0328125 0.2640625 0.021875 0.046875
2 0.0859375 0.275 0.021875 0.046875
2 0.86796875 0.15625 0.040625 0.0390625
2 0.27109375 0.5703125 0.0625 0.08125
2 0.5484375 0.16796875 0.05 0.05
2 0.58984375 0.1609375 0.0234375 0.0328125
2 0.72265625 0.16953125 0.028125 0.03125
2 0.0109375 0.26640625 0.0203125 0.0453125
0 0.915625 0.4359375 0.1671875 0.2953125
0 0.67578125 0.22578125 0.1265625 0.1703125
1 0.03203125 0.2046875 0.0640625 0.065625
1 0.7890625 0.33984375 0.0875 0.1359375
1 0.3734375 0.05234375 0.0328125 0.03125