1 0.7109375 0.61484375 0.20625 0.1921875
1 0.26484375 0.36640625 0.078125 0.0859375
1 0.04609375 0.23359375 0.028125 0.0375
1 0.453125 0.2890625 0.071875 0.0640625
1 0.33984375 0.27578125 0.0484375 0.0484375
1 0.17734375 0.20859375 0.028125 0.03125
1 0.64921875 0.425 0.121875 0.0953125
1 0.72578125 0.41328125 0.096875 0.0859375
1 0.97890625 0.371875 0.040625 0.059375
1 0.71796875 0.3 0.0890625 0.0546875
1 0.30703125 0.32890625 0.075 0.090625
1 0.1234375 0.28125 0.034375 0.05625
1 0.90703125 0.35 0.090625 0.0671875
1 0.1546875 0.2609375 0.0390625 0.0453125
1 0.7984375 0.32109375 0.090625 0.06875