1 0.11328125 0.30703125 0.071875 0.059375
1 0.41953125 0.37421875 0.0546875 0.1
1 0.43203125 0.26953125 0.0390625 0.071875
1 0.21796875 0.240625 0.05 0.0515625
1 0.05859375 0.371875 0.1015625 0.078125
1 0.7171875 0.63984375 0.190625 0.184375
1 0.33984375 0.30546875 0.04375 0.096875
1 0.971875 0.4859375 0.0546875 0.06875
1 0.97421875 0.16796875 0.05 0.04375
1 0.29296875 0.2140625 0.0375 0.046875
1 0.97578125 0.41640625 0.046875 0.0640625
1 0.64609375 0.11953125 0.0421875 0.03125
1 0.46796875 0.1984375 0.03125 0.0484375
1 0.4140625 0.20703125 0.0328125 0.0484375
1 0.13359375 0.14375 0.034375 0.0203125
1 0.21640625 0.134375 0.0328125 0.028125
1 0.328125 0.209375 0.0359375 0.0640625
2 0.0875 0.603125 0.06875 0.1390625
3 0.66953125 0.278125 0.075 0.11875
0 0.23203125 0.09375 0.040625 0.05