1 0.9578125 0.69375 0.0828125 0.171875
1 0.48515625 0.2109375 0.0875 0.05625
1 0.9078125 0.225 0.096875 0.0609375
1 0.98671875 0.2484375 0.025 0.0375
1 0.84375 0.13671875 0.05625 0.0375
1 0.68984375 0.26328125 0.1203125 0.0671875
1 0.32578125 0.21328125 0.084375 0.0640625
1 0.20078125 0.278125 0.1125 0.0703125
1 0.10546875 0.26328125 0.103125 0.0640625
1 0.66796875 0.2390625 0.0953125 0.0671875
1 0.07109375 0.24375 0.084375 0.0546875
1 0.9109375 0.128125 0.05625 0.021875
1 0.1921875 0.24375 0.0875 0.0546875
1 0.7640625 0.1859375 0.075 0.046875
1 0.24296875 0.2265625 0.06875 0.0546875
1 0.74765625 0.18125 0.040625 0.0375