1 0.840625 0.2953125 0.0859375 0.05625
1 0.28828125 0.1640625 0.0234375 0.025
1 0.3703125 0.33203125 0.0765625 0.084375
1 0.24609375 0.28671875 0.0421875 0.059375
1 0.90234375 0.43828125 0.134375 0.109375
1 0.23984375 0.1765625 0.021875 0.025
1 0.39609375 0.23125 0.046875 0.040625
1 0.23359375 0.2359375 0.0390625 0.0578125
1 0.55546875 0.2640625 0.05625 0.05625
1 0.05234375 0.28671875 0.0375 0.059375
1 0.87578125 0.37421875 0.1078125 0.0703125
1 0.503125 0.271875 0.065625 0.059375
1 0.92734375 0.31796875 0.0953125 0.071875
2 0.24765625 0.6109375 0.0390625 0.1046875
2 0.13203125 0.33671875 0.01875 0.040625
2 0.09921875 0.35078125 0.0171875 0.04375
2 0.11328125 0.278125 0.009375 0.0296875
3 0.02890625 0.375 0.0578125 0.0953125