1 0.52578125 0.3453125 0.1453125 0.109375
1 0.71171875 0.24296875 0.1125 0.0859375
1 0.61171875 0.2140625 0.1 0.0796875
1 0.30546875 0.39609375 0.15625 0.125
1 0.13984375 0.3453125 0.134375 0.109375
1 0.69921875 0.128125 0.075 0.0515625
1 0.94296875 0.23828125 0.103125 0.0765625
1 0.2671875 0.2046875 0.065625 0.065625
1 0.971875 0.14140625 0.0546875 0.053125
1 0.8796875 0.1015625 0.05625 0.0515625
1 0.97890625 0.06328125 0.040625 0.0375
1 0.92890625 0.19140625 0.0859375 0.084375
1 0.93828125 0.021875 0.0375 0.0328125
1 0.48203125 0.0453125 0.0203125 0.0171875
1 0.88515625 0.03203125 0.040625 0.0390625
1 0.9 0.009375 0.0234375 0.01875
2 0.85 0.13515625 0.01875 0.0375
2 0.63046875 0.91953125 0.115625 0.125
2 0.79375 0.16171875 0.028125 0.0390625
2 0.75234375 0.1515625 0.021875 0.0328125
2 0.21484375 0.0984375 0.015625 0.0515625
2 0.67265625 0.1609375 0.01875 0.040625
2 0.690625 0.171875 0.028125 0.0375
3 0.58984375 0.634375 0.2875 0.2609375
0 0.42265625 0.1859375 0.2640625 0.171875
0 0.06328125 0.19375 0.1265625 0.1375
0 0.2546875 0.03984375 0.0875 0.0796875