1 0.7765625 0.7390625 0.2265625 0.2703125
1 0.24453125 0.634375 0.2515625 0.1953125
1 0.028125 0.79453125 0.05625 0.134375
1 0.44609375 0.6234375 0.225 0.215625
1 0.5546875 0.7109375 0.2265625 0.240625
1 0.16015625 0.85625 0.3203125 0.278125
1 0.29140625 0.89921875 0.35625 0.1984375
1 0.56953125 0.15546875 0.078125 0.0671875
1 0.71875 0.1546875 0.075 0.071875
1 0.51015625 0.94375 0.290625 0.109375
1 0.9265625 0.1484375 0.0765625 0.078125
1 0.83046875 0.159375 0.0625 0.075
1 0.628125 0.134375 0.046875 0.046875
1 0.66953125 0.1484375 0.065625 0.0703125
1 0.79609375 0.1484375 0.0671875 0.0671875
1 0.88203125 0.125 0.059375 0.075
1 0.934375 0.0984375 0.0421875 0.0375
1 0.975 0.1171875 0.0484375 0.071875
1 0.9109375 0.08359375 0.046875 0.0328125
1 0.921875 0.05859375 0.0296875 0.028125
1 0.95625 0.0671875 0.0421875 0.05625