1 0.19296875 0.140625 0.046875 0.0515625
1 0.5140625 0.175 0.0828125 0.0546875
1 0.65390625 0.16171875 0.0828125 0.0609375
1 0.56015625 0.1484375 0.0875 0.05625
1 0.7046875 0.140625 0.059375 0.0453125
1 0.84609375 0.14140625 0.06875 0.05
1 0.76640625 0.1484375 0.06875 0.0484375
1 0.76015625 0.16640625 0.065625 0.0640625
2 0.73984375 0.246875 0.03125 0.0546875
2 0.45546875 0.3484375 0.028125 0.0625
2 0.78203125 0.3234375 0.0484375 0.0609375
2 0.8828125 0.31015625 0.0453125 0.05625
2 0.88828125 0.08046875 0.01875 0.03125
2 0.575 0.28046875 0.0546875 0.05
2 0.60859375 0.31875 0.015625 0.040625
2 0.00859375 0.1375 0.0171875 0.05
3 0.5875 0.65390625 0.2859375 0.2640625
0 0.2890625 0.26640625 0.4140625 0.2265625
0 0.14140625 0.11953125 0.1453125 0.146875
0 0.02890625 0.33984375 0.0578125 0.1796875