1 0.30390625 0.3046875 0.1125 0.084375
1 0.73359375 0.2546875 0.0984375 0.0609375
1 0.48203125 0.22578125 0.0875 0.0546875
1 0.07109375 0.26328125 0.0875 0.05625
1 0.9578125 0.27890625 0.0828125 0.0796875
1 0.01953125 0.2546875 0.0390625 0.05625
1 0.8390625 0.14609375 0.05625 0.0375
1 0.17421875 0.26328125 0.1 0.0640625
1 0.32265625 0.2265625 0.0875 0.065625
1 0.55546875 0.26796875 0.103125 0.084375
1 0.90625 0.13828125 0.05625 0.025
1 0.18203125 0.23671875 0.08125 0.0484375
0 0.95703125 0.20625 0.084375 0.109375