1 0.91171875 0.365625 0.175 0.146875
1 0.45546875 0.08046875 0.059375 0.04375
1 0.87734375 0.2046875 0.0890625 0.0875
1 0.16796875 0.3765625 0.090625 0.10625
1 0.096875 0.334375 0.08125 0.090625
1 0.95078125 0.2953125 0.096875 0.0953125
1 0.28125 0.22890625 0.071875 0.071875
1 0.67421875 0.30390625 0.153125 0.1
1 0.8671875 0.04921875 0.078125 0.0546875
1 0.96328125 0.18125 0.071875 0.075
1 0.975 0.209375 0.0484375 0.08125
1 0.7328125 0.36171875 0.1765625 0.0953125
1 0.41484375 0.05390625 0.046875 0.0359375
1 0.484375 0.12421875 0.071875 0.0375
1 0.334375 0.0515625 0.01875 0.0265625
1 0.97890625 0.6109375 0.040625 0.1703125
1 0.86328125 0.15 0.06875 0.059375
1 0.21953125 0.21484375 0.059375 0.059375
3 0.28671875 0.3796875 0.18125 0.2453125
0 0.684375 0.209375 0.328125 0.2265625
0 0.66953125 0.571875 0.59375 0.5296875
0 0.45234375 0.22578125 0.2703125 0.19375
0 0.03515625 0.278125 0.0703125 0.15
0 0.3390625 0.1640625 0.2 0.1359375
0 0.16640625 0.15078125 0.1625 0.1015625
0 0.234375 0.0953125 0.125 0.065625
0 0.14765625 0.26015625 0.178125 0.1640625
0 0.3875 0.3359375 0.0984375 0.0984375
0 0.77734375 0.065625 0.1125 0.0875
0 0.74375 0.034375 0.078125 0.065625