1 0.66875 0.6515625 0.078125 0.121875
1 0.36640625 0.76171875 0.0890625 0.1546875
1 0.97421875 0.4296875 0.05 0.0453125
1 0.43203125 0.65078125 0.071875 0.1140625
1 0.10390625 0.615625 0.0734375 0.109375
1 0.5875 0.5453125 0.0515625 0.0828125
1 0.19609375 0.6109375 0.084375 0.1
1 0.69140625 0.3984375 0.03125 0.0375
1 0.46484375 0.57421875 0.075 0.0890625
1 0.65859375 0.515625 0.053125 0.0953125
1 0.57578125 0.69140625 0.075 0.1578125
1 0.35859375 0.54609375 0.053125 0.078125
1 0.76015625 0.79296875 0.1125 0.1046875
1 0.46640625 0.48671875 0.0578125 0.0703125
1 0.940625 0.5859375 0.103125 0.0953125
1 0.41796875 0.490625 0.05625 0.0640625
1 0.15546875 0.55859375 0.059375 0.071875
1 0.8671875 0.6015625 0.146875 0.11875
1 0.50390625 0.43125 0.0328125 0.0453125
1 0.6484375 0.46171875 0.04375 0.0609375
1 0.87578125 0.40859375 0.0796875 0.04375
1 0.85234375 0.43125 0.0875 0.0453125
2 0.08046875 0.7984375 0.04375 0.1109375
0 0.54921875 0.4546875 0.075 0.14375
0 0.60078125 0.41875 0.0515625 0.0890625
0 0.85234375 0.290625 0.021875 0.0296875
0 0.75625 0.32890625 0.025 0.05