1 0.79453125 0.30390625 0.1109375 0.0890625
1 0.603125 0.3640625 0.1421875 0.1140625
1 0.42421875 0.36796875 0.1296875 0.1171875
1 0.04609375 0.225 0.0921875 0.06875
1 0.87109375 0.23125 0.078125 0.08125
1 0.01640625 0.62109375 0.0328125 0.125
1 0.23125 0.490625 0.18125 0.15625
1 0.19453125 0.43046875 0.15 0.128125
1 0.60390625 0.1296875 0.0578125 0.0265625
1 0.225 0.1890625 0.0875 0.0515625
1 0.3625 0.17578125 0.084375 0.0515625
1 0.16953125 0.21875 0.1 0.0703125
1 0.12265625 0.28203125 0.0875 0.0875
1 0.1265625 0.11015625 0.034375 0.04375
1 0.46328125 0.1359375 0.0828125 0.0453125
1 0.00703125 0.53125 0.0140625 0.0640625
3 0.5890625 0.65078125 0.2890625 0.265625
0 0.52265625 0.23125 0.284375 0.2109375
0 0.97890625 0.1296875 0.040625 0.1078125
0 0.2515625 0.046875 0.090625 0.09375
0 0.88203125 0.14296875 0.121875 0.115625
0 0.953125 0.08125 0.0625 0.1078125
0 0.76484375 0.1703125 0.1984375 0.140625