1 0.603125 0.26484375 0.11875 0.078125
1 0.90546875 0.1734375 0.09375 0.065625
1 0.85625 0.33359375 0.1296875 0.1
1 0.975 0.1796875 0.0484375 0.0859375
1 0.07421875 0.2859375 0.1296875 0.0953125
1 0.82890625 0.25703125 0.1234375 0.09375
1 0.05703125 0.19453125 0.090625 0.0640625
1 0.38828125 0.12890625 0.09375 0.065625
1 0.17890625 0.175 0.0875 0.0578125
1 0.134375 0.2109375 0.096875 0.0703125
1 0.50859375 0.10078125 0.0515625 0.065625
1 0.90078125 0.0109375 0.028125 0.021875
1 0.940625 0.02109375 0.0375 0.0359375
1 0.33515625 0.26875 0.04375 0.075
1 0.00859375 0.228125 0.0171875 0.040625
1 0.99296875 0.3265625 0.0125 0.05625
2 0.48046875 0.94375 0.1109375 0.084375
2 0.43515625 0.09453125 0.028125 0.034375
3 0.23984375 0.28203125 0.19375 0.171875
3 0.5921875 0.63125 0.29375 0.2640625
0 0.63359375 0.10703125 0.215625 0.10625
0 0.25390625 0.03671875 0.0859375 0.0734375