1 0.16171875 0.91328125 0.29375 0.1703125
1 0.5953125 0.90703125 0.30625 0.18125
1 0.78984375 0.38359375 0.1484375 0.1078125
1 0.896875 0.91171875 0.2046875 0.171875
1 0.6890625 0.221875 0.10625 0.0859375
1 0.58203125 0.19609375 0.0828125 0.0640625
1 0.21171875 0.25859375 0.084375 0.071875
1 0.9734375 0.3265625 0.0515625 0.071875
1 0.46796875 0.28125 0.1140625 0.09375
1 0.328125 0.240625 0.0921875 0.075
1 0.0515625 0.24296875 0.090625 0.059375
1 0.93515625 0.13125 0.0546875 0.0453125
1 0.06171875 0.15390625 0.08125 0.0453125
1 0.20859375 0.18828125 0.078125 0.0453125
1 0.20390625 0.2203125 0.084375 0.059375
1 0.96953125 0.28359375 0.059375 0.0625
1 0.3421875 0.203125 0.0796875 0.0578125
1 0.68359375 0.06640625 0.025 0.0265625
2 0.06484375 0.28203125 0.0359375 0.04375
2 0.14140625 0.15625 0.0296875 0.0359375
3 0.58828125 0.66953125 0.2859375 0.265625
3 0.53359375 0.23359375 0.134375 0.1078125
0 0.36484375 0.0359375 0.05625 0.071875
0 0.83671875 0.25703125 0.140625 0.1546875