1 0.78359375 0.25546875 0.10625 0.078125
1 0.9125 0.284375 0.1046875 0.090625
1 0.6609375 0.33984375 0.128125 0.109375
1 0.42890625 0.4046875 0.14375 0.125
1 0.9828125 0.22578125 0.0328125 0.0625
1 0.10859375 0.1984375 0.096875 0.05625
1 0.02734375 0.309375 0.0546875 0.071875
1 0.0625 0.55625 0.125 0.146875
1 0.04296875 0.23359375 0.0859375 0.0671875
1 0.58671875 0.14296875 0.0578125 0.0515625
1 0.57890625 0.29609375 0.1203125 0.096875
1 0.4109375 0.34609375 0.13125 0.103125
1 0.19140625 0.40625 0.134375 0.1203125
1 0.315625 0.2 0.0984375 0.0640625
1 0.5140625 0.16796875 0.0875 0.0546875
1 0.1984375 0.34921875 0.13125 0.09375
1 0.58515625 0.24609375 0.1171875 0.0703125
1 0.47421875 0.20625 0.09375 0.065625
1 0.70625 0.1796875 0.06875 0.0703125
1 0.44140625 0.1515625 0.075 0.0640625
1 0.8296875 0.03828125 0.0328125 0.0390625
1 0.2796875 0.17578125 0.084375 0.0640625
2 0.19609375 0.8640625 0.1 0.0984375
2 0.646875 0.19375 0.034375 0.0390625
2 0.48671875 0.23828125 0.0359375 0.046875
2 0.13984375 0.34296875 0.0453125 0.0515625
3 0.58984375 0.64453125 0.290625 0.2640625
0 0.74453125 0.1234375 0.2640625 0.125
0 0.9296875 0.04140625 0.109375 0.0828125
0 0.9390625 0.16171875 0.1203125 0.14375
0 0.25234375 0.04453125 0.090625 0.0890625
0 0.91328125 0.13515625 0.121875 0.11875