1 0.678125 0.31484375 0.159375 0.11875
1 0.91328125 0.3640625 0.171875 0.146875
1 0.86328125 0.046875 0.090625 0.0546875
1 0.87890625 0.203125 0.0890625 0.0875
1 0.09921875 0.340625 0.08125 0.09375
1 0.1703125 0.38359375 0.090625 0.1078125
1 0.96484375 0.609375 0.06875 0.1703125
1 0.9640625 0.18125 0.0703125 0.075
1 0.9515625 0.29140625 0.0953125 0.0953125
1 0.28359375 0.234375 0.071875 0.071875
1 0.6359375 0.09921875 0.075 0.0390625
1 0.4828125 0.1265625 0.071875 0.0390625
1 0.97578125 0.20859375 0.046875 0.0796875
2 0.08828125 0.4515625 0.04375 0.078125
2 0.0875 0.62890625 0.059375 0.0984375
3 0.28984375 0.384375 0.184375 0.2421875
0 0.68671875 0.20625 0.328125 0.23125
0 0.67265625 0.571875 0.596875 0.5265625
0 0.45390625 0.22890625 0.271875 0.190625
0 0.03671875 0.28828125 0.0734375 0.15
0 0.16796875 0.15625 0.1625 0.0984375
0 0.15 0.26640625 0.178125 0.1703125
0 0.23671875 0.10078125 0.125 0.0609375
0 0.34453125 0.16875 0.20625 0.134375
0 0.390625 0.33828125 0.103125 0.09375