1 0.24609375 0.615625 0.121875 0.20625
1 0.3859375 0.41953125 0.090625 0.1390625
1 0.32265625 0.8984375 0.175 0.2
1 0.46328125 0.29921875 0.071875 0.125
1 0.19453125 0.26953125 0.1 0.0875
1 0.96015625 0.1953125 0.078125 0.06875
1 0.49921875 0.109375 0.0328125 0.0484375
1 0.04765625 0.20625 0.0390625 0.065625
1 0.41796875 0.11796875 0.0265625 0.046875
1 0.9796875 0.2546875 0.0390625 0.109375
1 0.8765625 0.22890625 0.0375 0.075
1 0.31171875 0.2203125 0.053125 0.078125
2 0.065625 0.2859375 0.03125 0.0765625
0 0.91484375 0.52890625 0.16875 0.53125
0 0.378125 0.18125 0.075 0.1703125