1 0.67265625 0.3046875 0.153125 0.1015625
1 0.859375 0.0484375 0.0921875 0.0515625
1 0.721875 0.08125 0.078125 0.040625
1 0.9109375 0.3640625 0.1765625 0.146875
1 0.16640625 0.3765625 0.090625 0.10625
1 0.87578125 0.203125 0.0875 0.090625
1 0.09453125 0.33359375 0.08125 0.09375
1 0.94296875 0.125 0.1125 0.0578125
1 0.353125 0.27578125 0.1015625 0.0703125
1 0.94921875 0.29296875 0.1 0.09375
1 0.7625 0.37421875 0.18125 0.1046875
1 0.38359375 0.078125 0.0515625 0.0375
1 0.97734375 0.61171875 0.04375 0.171875
1 0.96171875 0.171875 0.075 0.0671875
1 0.97421875 0.209375 0.05 0.08125
1 0.2796875 0.22890625 0.0703125 0.071875
1 0.2171875 0.21484375 0.059375 0.059375
1 0.86171875 0.1484375 0.06875 0.0640625
3 0.28515625 0.37890625 0.1828125 0.246875
0 0.6828125 0.20703125 0.325 0.2265625
0 0.45078125 0.225 0.2703125 0.190625
0 0.66796875 0.57109375 0.5953125 0.528125
0 0.14609375 0.2609375 0.178125 0.1625
0 0.0359375 0.27890625 0.071875 0.15
0 0.18671875 0.14921875 0.1125 0.0953125
0 0.23203125 0.09453125 0.125 0.0640625
0 0.38359375 0.334375 0.09375 0.1015625
0 0.33515625 0.1640625 0.19375 0.128125
0 0.74375 0.03359375 0.08125 0.0671875