1 0.93515625 0.590625 0.128125 0.140625
1 0.75234375 0.65859375 0.1375 0.16875
1 0.9390625 0.953125 0.1203125 0.090625
1 0.58359375 0.665625 0.134375 0.184375
1 0.96640625 0.39609375 0.065625 0.11875
1 0.50390625 0.4734375 0.1109375 0.1359375
1 0.65234375 0.48671875 0.121875 0.1296875
1 0.39609375 0.3640625 0.0875 0.10625
1 0.52421875 0.36171875 0.1 0.1015625
1 0.41015625 0.2859375 0.084375 0.0765625
1 0.24296875 0.23984375 0.06875 0.071875
1 0.5484375 0.26328125 0.09375 0.103125
1 0.72265625 0.19921875 0.053125 0.071875
1 0.84921875 0.29375 0.084375 0.0953125
1 0.1171875 0.13125 0.071875 0.0453125
1 0.303125 0.29296875 0.071875 0.0859375
1 0.825 0.3546875 0.1046875 0.109375
1 0.7734375 0.2390625 0.06875 0.0890625
1 0.2828125 0.2140625 0.075 0.065625
1 0.03046875 0.1859375 0.0609375 0.0546875
1 0.4828125 0.1015625 0.03125 0.0484375
1 0.48203125 0.01875 0.01875 0.0296875
1 0.33359375 0.0453125 0.025 0.0359375
1 0.0921875 0.1765625 0.0671875 0.053125
1 0.51328125 0.00703125 0.0140625 0.0140625
1 0.38984375 0.0140625 0.0296875 0.028125
1 0.15078125 0.19296875 0.071875 0.078125
1 0.59609375 0.01875 0.0234375 0.0296875
1 0.36328125 0.00546875 0.028125 0.0109375
2 0.77421875 0.42890625 0.0390625 0.071875
2 0.14921875 0.43203125 0.059375 0.084375
2 0.0140625 0.290625 0.028125 0.0546875
2 0.2578125 0.52109375 0.0625 0.0875
2 0.1765625 0.1546875 0.028125 0.03125
2 0.21328125 0.50390625 0.040625 0.078125
0 0.3453125 0.15390625 0.184375 0.1375
0 0.62890625 0.16484375 0.11875 0.178125
0 0.04140625 0.1203125 0.0828125 0.0875
0 0.58046875 0.07578125 0.046875 0.0859375
1 0.6140625 0.0671875 0.025 0.0296875
1 0.609375 0.04140625 0.0203125 0.0234375