1 0.47734375 0.3015625 0.0875 0.0546875
1 0.78828125 0.33671875 0.1 0.0625
1 0.340625 0.49140625 0.175 0.1140625
1 0.9203125 0.365625 0.096875 0.071875
1 0.08046875 0.31640625 0.0859375 0.0515625
1 0.19140625 0.3203125 0.090625 0.059375
1 0.01875 0.3140625 0.0375 0.0546875
1 0.83125 0.234375 0.0546875 0.0359375
1 0.31796875 0.29921875 0.0859375 0.0640625
1 0.7234375 0.21875 0.015625 0.034375
1 0.89765625 0.228125 0.053125 0.021875
1 0.196875 0.29453125 0.071875 0.0375
1 0.76015625 0.28125 0.0578125 0.0453125
3 0.17421875 0.12421875 0.10625 0.159375