1 0.5078125 0.7703125 0.090625 0.159375
1 0.36328125 0.68359375 0.0828125 0.1265625
1 0.49921875 0.53984375 0.0609375 0.084375
1 0.97265625 0.4265625 0.053125 0.046875
1 0.4234375 0.6203125 0.06875 0.1046875
1 0.19296875 0.609375 0.0875 0.1
1 0.1015625 0.61328125 0.071875 0.1078125
1 0.653125 0.50625 0.046875 0.075
1 0.86484375 0.59921875 0.146875 0.1171875
1 0.9390625 0.584375 0.1015625 0.0953125
1 0.58828125 0.54921875 0.0515625 0.1015625
1 0.52265625 0.390625 0.028125 0.034375
1 0.4640625 0.48203125 0.05625 0.06875
1 0.15390625 0.55390625 0.059375 0.0703125
1 0.6109375 0.4734375 0.04375 0.0609375
1 0.71953125 0.375 0.0265625 0.03125
1 0.8734375 0.40546875 0.08125 0.040625
1 0.35625 0.54296875 0.053125 0.078125
1 0.85 0.428125 0.0875 0.040625
1 0.66640625 0.43671875 0.0359375 0.0640625
1 0.0421875 0.49609375 0.0765625 0.0515625
1 0.41484375 0.48828125 0.0546875 0.065625
2 0.19609375 0.6703125 0.028125 0.0703125
0 0.57109375 0.425 0.0859375 0.125
0 0.7359375 0.77109375 0.253125 0.4546875
0 0.64921875 0.3859375 0.071875 0.090625
0 0.86015625 0.29140625 0.025 0.03125
0 0.75859375 0.31875 0.0234375 0.0453125