1 0.34296875 0.41328125 0.1625 0.134375
1 0.11328125 0.48828125 0.1765625 0.1578125
1 0.97421875 0.23203125 0.05 0.0796875
1 0.81328125 0.26875 0.1078125 0.08125
1 0.58203125 0.14609375 0.0796875 0.059375
1 0.57265625 0.2890625 0.125 0.096875
1 0.921875 0.16328125 0.075 0.059375
1 0.50859375 0.24609375 0.10625 0.0859375
1 0.01796875 0.4234375 0.0359375 0.0796875
1 0.77578125 0.1296875 0.06875 0.0515625
1 0.90078125 0.09140625 0.028125 0.04375
1 0.81015625 0.21171875 0.0875 0.0796875
1 0.93984375 0.05859375 0.0484375 0.0359375
1 0.8515625 0.02578125 0.034375 0.0328125
1 0.93828125 0.03046875 0.0375 0.028125
1 0.89765625 0.015625 0.025 0.03125
2 0.60390625 0.19375 0.0375 0.046875
2 0.80703125 0.15625 0.025 0.0390625
2 0.34453125 0.93359375 0.109375 0.121875
2 0.72421875 0.184375 0.03125 0.04375
2 0.68671875 0.17578125 0.0265625 0.040625
2 0.7453125 0.16953125 0.0265625 0.0390625
3 0.5921875 0.64453125 0.290625 0.2640625
0 0.10546875 0.19609375 0.209375 0.1484375
0 0.2609375 0.24296875 0.296875 0.2046875
0 0.2578125 0.04296875 0.0953125 0.0859375