1 0.18671875 0.3765625 0.090625 0.084375
1 0.81953125 0.6265625 0.159375 0.2234375
1 0.11328125 0.2765625 0.075 0.065625
1 0.08984375 0.50859375 0.1421875 0.1203125
1 0.97265625 0.43515625 0.053125 0.1109375
1 0.971875 0.1515625 0.0546875 0.0453125
1 0.36015625 0.15390625 0.0453125 0.040625
1 0.39921875 0.2390625 0.0734375 0.0640625
1 0.47890625 0.28515625 0.059375 0.0890625
1 0.21015625 0.125 0.03125 0.028125
1 0.31328125 0.178125 0.0515625 0.0515625
1 0.93359375 0.07890625 0.0484375 0.025
1 0.82734375 0.01484375 0.0125 0.0140625
2 0.42578125 0.52421875 0.0515625 0.075
3 0.665625 0.26328125 0.0734375 0.11875
0 0.31640625 0.13203125 0.1125 0.1140625
0 0.04296875 0.740625 0.0859375 0.334375
0 0.2265625 0.08203125 0.040625 0.046875