1 0.70546875 0.625 0.153125 0.15
1 0.38828125 0.390625 0.0859375 0.096875
1 0.81328125 0.8796875 0.240625 0.2375
1 0.45625 0.33984375 0.078125 0.0875
1 0.30703125 0.32421875 0.0765625 0.08125
1 0.11796875 0.19140625 0.0625 0.046875
1 0.303125 0.2234375 0.071875 0.05
1 0.31953125 0.26796875 0.0703125 0.0609375
1 0.22734375 0.2390625 0.075 0.0515625
1 0.228125 0.2734375 0.06875 0.065625
1 0.496875 0.14453125 0.0296875 0.0484375
1 0.58828125 0.0859375 0.0234375 0.0390625
1 0.61171875 0.19140625 0.025 0.0609375
1 0.45859375 0.14140625 0.0296875 0.0453125
1 0.37265625 0.13203125 0.03125 0.0609375
1 0.6859375 0.12109375 0.071875 0.0546875
1 0.34921875 0.09453125 0.028125 0.034375
1 0.778125 0.2703125 0.05 0.0703125
1 0.07421875 0.2265625 0.0796875 0.05
1 0.11640625 0.2453125 0.0671875 0.0578125
1 0.50234375 0.0359375 0.028125 0.0234375
1 0.40859375 0.065625 0.028125 0.028125
1 0.01875 0.20703125 0.0375 0.0640625
1 0.52734375 0.02890625 0.0125 0.015625
1 0.4703125 0.11796875 0.03125 0.046875
2 0.62734375 0.38984375 0.03125 0.071875
2 0.02890625 0.34453125 0.034375 0.059375
2 0.2125 0.39296875 0.0484375 0.0671875
2 0.93515625 0.15 0.025 0.0375
2 0.18671875 0.2109375 0.025 0.0375
2 0.85703125 0.159375 0.040625 0.0375
2 0.165625 0.48359375 0.05625 0.0859375
2 0.803125 0.08671875 0.015625 0.0296875
2 0.11328125 0.45078125 0.0484375 0.071875
2 0.5578125 0.159375 0.05 0.0671875
2 0.0875 0.27578125 0.0203125 0.0484375
2 0.03359375 0.26328125 0.021875 0.0515625
2 0.27265625 0.57109375 0.0625 0.0828125
0 0.92890625 0.44296875 0.140625 0.2734375
0 0.68828125 0.23515625 0.1359375 0.1734375
1 0.81015625 0.36015625 0.1015625 0.1328125
2 0.0125 0.2703125 0.025 0.03125