1 0.02734375 0.31171875 0.0546875 0.0609375
1 0.35 0.315625 0.084375 0.0765625
1 0.22265625 0.34453125 0.103125 0.078125
1 0.0359375 0.54296875 0.071875 0.1
1 0.29765625 0.17890625 0.0515625 0.05
1 0.6640625 0.26796875 0.075 0.1140625
1 0.953125 0.5 0.05625 0.059375
1 0.46171875 0.2 0.0453125 0.05625
1 0.1859375 0.23046875 0.0625 0.05
1 0.97109375 0.15 0.05625 0.0453125
1 0.36015625 0.16953125 0.028125 0.0546875
1 0.27265625 0.128125 0.04375 0.034375
1 0.1296875 0.13984375 0.0609375 0.028125
1 0.20859375 0.12578125 0.03125 0.0265625
1 0.9671875 0.4390625 0.0453125 0.05625
0 0.22578125 0.08359375 0.040625 0.0484375
0 0.54375 0.2203125 0.15625 0.1859375