1 0.90703125 0.3109375 0.134375 0.0953125
1 0.4375 0.44375 0.178125 0.1203125
1 0.7875 0.12578125 0.090625 0.0484375
1 0.14453125 0.3203125 0.1375 0.0890625
1 0.61796875 0.25546875 0.0875 0.075
1 0.15234375 0.26171875 0.11875 0.06875
1 0.32265625 0.1453125 0.0859375 0.053125
1 0.1359375 0.20546875 0.1 0.0703125
1 0.04140625 0.16015625 0.0828125 0.0546875
1 0.178125 0.175 0.0875 0.065625
1 0.05546875 0.190625 0.090625 0.0640625
1 0.92734375 0.1546875 0.084375 0.06875
1 0.33046875 0.1140625 0.071875 0.0390625
1 0.975 0.16640625 0.0484375 0.078125
1 0.9390625 0.01171875 0.0375 0.0234375
1 0.96796875 0.1203125 0.0625 0.040625
1 0.8890625 0.00703125 0.040625 0.0140625
1 0.0078125 0.2234375 0.015625 0.04375
2 0.821875 0.55703125 0.078125 0.0859375
2 0.40859375 0.090625 0.0265625 0.034375
2 0.93828125 0.08828125 0.028125 0.0359375
2 0.96875 0.78125 0.0609375 0.1109375
3 0.53515625 0.28359375 0.1921875 0.18125
3 0.5921875 0.621875 0.2890625 0.2640625
0 0.60390625 0.08203125 0.3109375 0.1171875
0 0.1515625 0.0984375 0.196875 0.1078125