1 0.97265625 0.6 0.053125 0.1703125
1 0.54609375 0.4296875 0.165625 0.1484375
1 0.60390625 0.359375 0.14375 0.1296875
1 0.584375 0.1703125 0.096875 0.0703125
1 0.26640625 0.340625 0.1078125 0.1046875
1 0.97265625 0.203125 0.053125 0.1015625
1 0.4515625 0.30703125 0.128125 0.115625
1 0.8625 0.1953125 0.125 0.0875
1 0.59453125 0.13515625 0.090625 0.0671875
1 0.71640625 0.17890625 0.1125 0.084375
1 0.71875 0.0953125 0.090625 0.065625
1 0.834375 0.409375 0.221875 0.196875
1 0.04609375 0.28359375 0.040625 0.0671875
1 0.52734375 0.08203125 0.053125 0.05
1 0.30703125 0.1515625 0.0625 0.0515625
1 0.8484375 0.040625 0.08125 0.0515625
1 0.7140625 0.1390625 0.1015625 0.0640625
1 0.32734375 0.28046875 0.1046875 0.0859375
1 0.23203125 0.21875 0.0625 0.05625
1 0.0875 0.1765625 0.040625 0.05
3 0.8609375 0.803125 0.21875 0.3140625
0 0.43515625 0.12578125 0.1953125 0.134375
0 0.14453125 0.2765625 0.1859375 0.171875