1 0.4125 0.5640625 0.1109375 0.1953125
1 0.24765625 0.55859375 0.11875 0.190625
1 0.08359375 0.93046875 0.1671875 0.1328125
1 0.3296875 0.4046875 0.096875 0.1390625
1 0.32890625 0.20546875 0.065625 0.078125
1 0.64296875 0.1515625 0.046875 0.0703125
1 0.48046875 0.17109375 0.04375 0.0875
1 0.01953125 0.2796875 0.0390625 0.0890625
1 0.96015625 0.17890625 0.078125 0.06875
1 0.278125 0.33046875 0.071875 0.1171875
1 0.98046875 0.23203125 0.0375 0.0984375
1 0.47109375 0.03359375 0.021875 0.0375
1 0.44921875 0.1046875 0.03125 0.05
1 0.04765625 0.19140625 0.040625 0.065625
1 0.46484375 0.134375 0.0359375 0.0546875
1 0.13515625 0.1953125 0.05625 0.0609375
1 0.88828125 0.16015625 0.05 0.071875
1 0.59375 0.00625 0.015625 0.0125
1 0.56796875 0.00625 0.0140625 0.0125
0 0.078125 0.58984375 0.15625 0.50625
0 0.9140625 0.50546875 0.1703125 0.5375