1 0.77734375 0.73515625 0.2265625 0.2703125
1 0.29296875 0.896875 0.35625 0.2015625
1 0.24453125 0.63203125 0.25 0.1953125
1 0.446875 0.62109375 0.225 0.2171875
1 0.1609375 0.85390625 0.321875 0.275
1 0.55546875 0.70625 0.2265625 0.2390625
1 0.065625 0.259375 0.1109375 0.09375
1 0.57109375 0.15390625 0.075 0.0640625
1 0.928125 0.14453125 0.075 0.078125
1 0.71953125 0.1515625 0.075 0.0703125
1 0.62890625 0.13203125 0.046875 0.05
1 0.66875 0.14609375 0.0625 0.0703125
1 0.83125 0.16015625 0.0671875 0.071875
1 0.78359375 0.146875 0.0421875 0.053125
1 0.88515625 0.121875 0.0546875 0.065625
1 0.9359375 0.0984375 0.034375 0.0375
1 0.97890625 0.1140625 0.040625 0.06875
1 0.91171875 0.07890625 0.040625 0.0359375
1 0.921875 0.05234375 0.0296875 0.0296875
1 0.95390625 0.0578125 0.0328125 0.0515625