1 0.80390625 0.375 0.0546875 0.065625
1 0.1546875 0.50625 0.1328125 0.1140625
1 0.2609375 0.4140625 0.09375 0.0796875
1 0.88203125 0.26953125 0.0328125 0.04375
1 0.90703125 0.20546875 0.01875 0.021875
1 0.96015625 0.3015625 0.0375 0.0515625
1 0.16875 0.396875 0.0609375 0.065625
1 0.52578125 0.303125 0.05 0.046875
1 0.40703125 0.3484375 0.0703125 0.0671875
1 0.56796875 0.2890625 0.04375 0.0453125
1 0.9328125 0.26328125 0.0328125 0.0453125
1 0.4734375 0.30625 0.015625 0.0234375
1 0.6046875 0.27421875 0.0390625 0.040625
1 0.50078125 0.290625 0.0203125 0.0296875