1 0.19296875 0.6203125 0.0875 0.1
1 0.6640625 0.58984375 0.065625 0.1015625
1 0.97265625 0.4359375 0.053125 0.046875
1 0.86484375 0.60859375 0.146875 0.1171875
1 0.67578125 0.47109375 0.04375 0.0609375
1 0.27421875 0.49296875 0.0765625 0.05625
1 0.35625 0.55390625 0.053125 0.078125
1 0.9375 0.59296875 0.1046875 0.096875
1 0.10234375 0.625 0.071875 0.109375
1 0.15390625 0.56484375 0.0625 0.0703125
1 0.0296875 0.503125 0.040625 0.0578125
1 0.87265625 0.41484375 0.08125 0.040625
1 0.41953125 0.62109375 0.046875 0.0984375
1 0.84921875 0.43828125 0.0890625 0.04375
2 0.28046875 0.590625 0.028125 0.0703125
2 0.10234375 0.69453125 0.0359375 0.0671875
0 0.4953125 0.5984375 0.1375 0.259375
0 0.6875 0.3765625 0.05625 0.0796875
0 0.559375 0.51171875 0.09375 0.16875