1 0.08984375 0.7703125 0.1796875 0.1859375
1 0.675 0.81015625 0.2578125 0.20625
1 0.93984375 0.68359375 0.11875 0.1671875
1 0.20703125 0.915625 0.2625 0.165625
1 0.73828125 0.153125 0.06875 0.0453125
1 0.7046875 0.40625 0.0703125 0.1171875
1 0.16640625 0.30859375 0.0984375 0.0765625
1 0.8921875 0.16953125 0.0765625 0.05
1 0.1625 0.18984375 0.0546875 0.046875
1 0.76328125 0.28515625 0.059375 0.0859375
1 0.42109375 0.190625 0.06875 0.0484375
1 0.8140625 0.18359375 0.04375 0.05625
1 0.646875 0.18046875 0.071875 0.053125
1 0.21640625 0.228125 0.06875 0.0484375
1 0.97265625 0.4453125 0.053125 0.071875
1 0.15234375 0.253125 0.08125 0.05
1 0.78984375 0.21953125 0.053125 0.071875
1 0.31171875 0.19375 0.065625 0.046875
1 0.77109375 0.55 0.1140625 0.19375
1 0.2890625 0.2203125 0.075 0.0515625
1 0.67734375 0.11796875 0.0375 0.0390625
1 0.93828125 0.14375 0.065625 0.04375
1 0.66875 0.25625 0.075 0.109375
1 0.21640625 0.1640625 0.05 0.0359375
2 0.90390625 0.1203125 0.0234375 0.0375
0 0.09609375 0.11015625 0.115625 0.0546875