1 0.2390625 0.396875 0.1109375 0.090625
1 0.8078125 0.65078125 0.196875 0.1453125
1 0.10390625 0.45625 0.1375 0.0984375
1 0.76640625 0.28046875 0.059375 0.06875
1 0.771875 0.7796875 0.2375 0.1046875
1 0.35234375 0.33671875 0.0890625 0.075
1 0.15546875 0.89609375 0.3109375 0.2015625
1 0.42890625 0.29140625 0.065625 0.0640625
1 0.53046875 0.51875 0.115625 0.1375
1 0.478125 0.3703125 0.0875 0.09375
1 0.70859375 0.1796875 0.059375 0.040625
1 0.75625 0.16640625 0.05 0.0375
1 0.61640625 0.4203125 0.090625 0.1109375
1 0.1375 0.215625 0.05 0.0390625
1 0.48515625 0.45390625 0.1015625 0.11875
1 0.88515625 0.1609375 0.0640625 0.040625
1 0.67890625 0.34375 0.0671875 0.084375
1 0.4484375 0.19375 0.05625 0.0390625
1 0.22265625 0.203125 0.0640625 0.04375
1 0.43359375 0.64921875 0.16875 0.171875
1 0.59375 0.3640625 0.078125 0.0859375
1 0.04375 0.778125 0.0875 0.0515625
1 0.0234375 0.2 0.046875 0.0375
1 0.28515625 0.19140625 0.05625 0.0390625
1 0.6328125 0.21953125 0.046875 0.04375
1 0.55546875 0.31484375 0.078125 0.078125
1 0.65859375 0.29921875 0.0625 0.0765625
1 0.31953125 0.20390625 0.0625 0.0453125
1 0.58203125 0.0890625 0.01875 0.021875
1 0.3765625 0.19140625 0.0546875 0.04375
1 0.62578125 0.26640625 0.0625 0.0671875
1 0.39609375 0.80859375 0.23125 0.184375
1 0.36875 0.4515625 0.1125 0.1109375
1 0.41171875 0.178125 0.04375 0.0375
1 0.2921875 0.15078125 0.03125 0.0359375
1 0.33984375 0.153125 0.034375 0.04375
1 0.5203125 0.27890625 0.0625 0.0765625
1 0.05078125 0.20625 0.0421875 0.025
2 0.15703125 0.58125 0.05625 0.09375
2 0.2078125 0.57578125 0.025 0.0796875
2 0.36171875 0.56796875 0.053125 0.0828125
0 0.1515625 0.17578125 0.15 0.078125
0 0.57109375 0.146875 0.140625 0.0765625
0 0.54375 0.2015625 0.1359375 0.121875
0 0.81015625 0.2 0.084375 0.0921875
0 0.78828125 0.90625 0.421875 0.184375
0 0.97890625 0.140625 0.040625 0.0703125
2 0.28359375 0.58046875 0.059375 0.08125
2 0.23984375 0.58671875 0.04375 0.071875
2 0.32734375 0.54453125 0.0296875 0.0671875
1 0.58203125 0.24296875 0.0640625 0.075
1 0.39765625 0.1421875 0.0234375 0.0328125
1 0.42734375 0.1375 0.01875 0.0359375
1 0.45703125 0.13828125 0.0203125 0.0359375
1 0.4890625 0.13828125 0.021875 0.040625
0 0.36796875 0.1234375 0.046875 0.0703125
1 0.96015625 0.21953125 0.040625 0.05625
1 0.9796875 0.24609375 0.040625 0.0640625
1 0.98359375 0.20078125 0.0296875 0.0296875