1 0.9703125 0.4140625 0.0578125 0.046875
1 0.859375 0.5859375 0.146875 0.1171875
1 0.63828125 0.53671875 0.0546875 0.1046875
1 0.09609375 0.5984375 0.0703125 0.10625
1 0.35078125 0.5296875 0.0515625 0.078125
1 0.9328125 0.5703125 0.1015625 0.096875
1 0.18671875 0.59375 0.084375 0.0984375
1 0.41640625 0.56953125 0.059375 0.0859375
1 0.40859375 0.47421875 0.053125 0.0640625
1 0.653125 0.47578125 0.04375 0.0671875
1 0.14765625 0.5390625 0.0609375 0.075
1 0.46171875 0.46796875 0.059375 0.06875
1 0.86796875 0.39140625 0.08125 0.04375
1 0.84375 0.41484375 0.0875 0.0453125
1 0.60703125 0.453125 0.04375 0.0609375
1 0.37421875 0.63203125 0.08125 0.1171875
3 0.3984375 0.7296875 0.11875 0.2703125
0 0.53515625 0.46796875 0.0859375 0.16875
0 0.67109375 0.38671875 0.084375 0.1078125
0 0.721875 0.32578125 0.0375 0.059375
0 0.94765625 0.3046875 0.05 0.05
1 0.74453125 0.37890625 0.0265625 0.0375
1 0.76953125 0.34375 0.0203125 0.028125
1 0.7890625 0.328125 0.015625 0.021875
1 0.80546875 0.3296875 0.015625 0.021875
2 0.321875 0.48203125 0.0125 0.0390625
2 0.178125 0.47421875 0.03125 0.03125