1 0.97265625 0.3015625 0.053125 0.059375
1 0.715625 0.28359375 0.0875 0.059375
1 0.875 0.26171875 0.090625 0.0578125
1 0.54921875 0.3796875 0.1125 0.08125
1 0.62734375 0.89921875 0.2828125 0.1984375
1 0.5640625 0.23125 0.0640625 0.0453125
1 0.36640625 0.16875 0.034375 0.025
1 0.171875 0.22109375 0.03125 0.03125
1 0.09921875 0.25546875 0.028125 0.040625
1 0.45234375 0.1796875 0.034375 0.0296875
1 0.0265625 0.36328125 0.0390625 0.0640625
1 0.11640625 0.48828125 0.0921875 0.13125
1 0.5484375 0.196875 0.0515625 0.0359375
1 0.28125 0.171875 0.0296875 0.0265625
1 0.00546875 0.340625 0.0109375 0.0265625
2 0.1078125 0.69453125 0.0375 0.0890625
2 0.06015625 0.65 0.03125 0.08125
0 0.57890625 0.671875 0.4765625 0.4859375