1 0.27734375 0.328125 0.065625 0.0640625
1 0.68359375 0.253125 0.078125 0.0609375
1 0.56953125 0.215625 0.0625 0.04375
1 0.45390625 0.1703125 0.034375 0.0296875
1 0.67109375 0.40078125 0.121875 0.0875
1 0.67265625 0.45859375 0.1375 0.1140625
1 0.39765625 0.20703125 0.053125 0.034375
1 0.51796875 0.4609375 0.125 0.1078125
1 0.54453125 0.36328125 0.103125 0.08125
1 0.55078125 0.18671875 0.0515625 0.034375
1 0.5046875 0.39375 0.103125 0.0796875
1 0.39453125 0.18671875 0.0421875 0.0296875
1 0.88671875 0.584375 0.225 0.23125
1 0.36796875 0.16015625 0.034375 0.025
1 0.06328125 0.17421875 0.01875 0.01875
1 0.2828125 0.16328125 0.03125 0.025
1 0.01875 0.16171875 0.015625 0.0359375
1 0.9046875 0.51640625 0.1625 0.115625
2 0.26796875 0.709375 0.040625 0.0859375
0 0.8984375 0.425 0.2015625 0.24375