1 0.07265625 0.8046875 0.1453125 0.1625
1 0.41640625 0.77890625 0.234375 0.1796875
1 0.09609375 0.26171875 0.0859375 0.0546875
1 0.80390625 0.8140625 0.2625 0.271875
1 0.2015625 0.28984375 0.0953125 0.084375
1 0.84765625 0.63671875 0.20625 0.2296875
1 0.70859375 0.46640625 0.071875 0.1515625
1 0.16171875 0.1890625 0.053125 0.0453125
1 0.26171875 0.225 0.075 0.05
1 0.86328125 0.14921875 0.06875 0.0390625
1 0.97421875 0.1390625 0.05 0.0453125
1 0.97734375 0.38828125 0.04375 0.0546875
1 0.94921875 0.49375 0.040625 0.0546875
1 0.66796875 0.2546875 0.075 0.1140625
1 0.6921875 0.128125 0.0265625 0.0375
1 0.20390625 0.228125 0.05625 0.0484375
1 0.2921875 0.196875 0.065625 0.046875
1 0.34765625 0.20625 0.075 0.05
1 0.76328125 0.11953125 0.05625 0.04375
1 0.73671875 0.1109375 0.04375 0.0375
1 0.984375 0.15546875 0.0296875 0.0328125
1 0.96875 0.425 0.040625 0.05
1 0.740625 0.33671875 0.059375 0.115625
1 0.90234375 0.16875 0.078125 0.0484375
1 0.76875 0.28125 0.0515625 0.08125
0 0.5890625 0.15390625 0.184375 0.115625
0 0.153125 0.10625 0.09375 0.0546875
0 0.22890625 0.071875 0.040625 0.0515625