1 0.65625 0.26015625 0.11875 0.0796875
1 0.80234375 0.37890625 0.153125 0.109375
1 0.5203125 0.38984375 0.14375 0.1140625
1 0.38671875 0.12890625 0.0734375 0.0578125
1 0.19921875 0.3109375 0.1359375 0.1
1 0.253125 0.15078125 0.078125 0.0578125
1 0.51796875 0.14140625 0.090625 0.0578125
1 0.90546875 0.16015625 0.09375 0.065625
1 0.13515625 0.20546875 0.1 0.0671875
1 0.05546875 0.19296875 0.0921875 0.059375
1 0.45859375 0.31484375 0.1375 0.103125
1 0.178125 0.178125 0.0875 0.0640625
1 0.8609375 0.125 0.078125 0.0546875
1 0.16015625 0.13984375 0.0796875 0.053125
1 0.60390625 0.12421875 0.08125 0.0515625
1 0.975 0.16875 0.0484375 0.078125
1 0.06015625 0.1609375 0.090625 0.0453125
1 0.00703125 0.22265625 0.0140625 0.0390625
2 0.9 0.53828125 0.075 0.0796875
2 0.44140625 0.5953125 0.0609375 0.0875
3 0.58828125 0.62421875 0.2828125 0.2640625
0 0.86640625 0.08203125 0.265625 0.10625
0 0.4625 0.06875 0.203125 0.134375
0 0.07578125 0.378125 0.1515625 0.29375
0 0.04296875 0.09609375 0.0859375 0.1296875
0 0.25 0.03515625 0.078125 0.0703125