1 0.48515625 0.371875 0.0828125 0.1546875
1 0.62109375 0.36640625 0.090625 0.1484375
1 0.74296875 0.390625 0.11875 0.1671875
1 0.66953125 0.5546875 0.1125 0.1984375
1 0.75234375 0.8953125 0.196875 0.20625
1 0.9734375 0.046875 0.0515625 0.0546875
1 0.88203125 0.75078125 0.234375 0.3609375
1 0.73203125 0.015625 0.0359375 0.03125
1 0.21484375 0.06796875 0.0375 0.05
1 0.521875 0.73671875 0.1359375 0.321875
1 0.403125 0.03359375 0.0296875 0.0484375
1 0.23671875 0.04921875 0.0375 0.046875
1 0.2890625 0.04609375 0.0375 0.0453125
1 0.3578125 0.04296875 0.03125 0.0484375
1 0.68046875 0.009375 0.0234375 0.01875
2 0.5015625 0.14453125 0.04375 0.0515625
2 0.67265625 0.12109375 0.025 0.05
2 0.6703125 0.134375 0.0203125 0.03125
0 0.89609375 0.4484375 0.20625 0.575