1 0.434375 0.41015625 0.13125 0.0984375
1 0.4671875 0.3046875 0.0875 0.0546875
1 0.925 0.475 0.1484375 0.1015625
1 0.79140625 0.33359375 0.0953125 0.059375
1 0.30859375 0.3015625 0.0859375 0.0625
1 0.06796875 0.32109375 0.0875 0.0546875
1 0.20078125 0.3234375 0.0921875 0.0578125
0 0.01953125 0.5140625 0.0390625 0.23125
1 0.71171875 0.221875 0.015625 0.034375
1 0.81953125 0.23671875 0.0546875 0.034375
1 0.8859375 0.23046875 0.053125 0.025
1 0.18671875 0.30546875 0.0734375 0.0515625
1 0.0078125 0.315625 0.015625 0.05