1 0.5390625 0.28125 0.071875 0.0671875
1 0.3359375 0.19375 0.0390625 0.04375
1 0.20546875 0.21875 0.021875 0.040625
1 0.84140625 0.30078125 0.09375 0.0578125
1 0.29453125 0.17109375 0.021875 0.0390625
1 0.03671875 0.21640625 0.025 0.040625
1 0.56171875 0.221875 0.05 0.040625
1 0.653125 0.24453125 0.0546875 0.0515625
1 0.37734375 0.18359375 0.028125 0.034375
1 0.04921875 0.2796875 0.034375 0.059375
1 0.60703125 0.23515625 0.0515625 0.040625
3 0.0265625 0.36484375 0.053125 0.0890625
0 0.26953125 0.284375 0.1140625 0.1546875