1 0.52109375 0.70859375 0.2375 0.25
1 0.97421875 0.60546875 0.05 0.1703125
1 0.31015625 0.45546875 0.1328125 0.140625
1 0.5484375 0.43203125 0.165625 0.15
1 0.85546875 0.04453125 0.0890625 0.0515625
1 0.31015625 0.2796875 0.0984375 0.0859375
1 0.26953125 0.34453125 0.1078125 0.1046875
1 0.5875 0.171875 0.0984375 0.0703125
1 0.86640625 0.1984375 0.128125 0.09375
1 0.60625 0.36171875 0.14375 0.128125
1 0.62109375 0.08359375 0.08125 0.0484375
1 0.75390625 0.26796875 0.13125 0.1015625
1 0.71875 0.18203125 0.1125 0.075
1 0.97421875 0.20703125 0.05 0.1046875
1 0.45390625 0.309375 0.128125 0.115625
1 0.05078125 0.28359375 0.0390625 0.0671875
1 0.5984375 0.13828125 0.090625 0.06875
1 0.83671875 0.41484375 0.221875 0.196875
1 0.01953125 0.178125 0.0359375 0.0453125
1 0.70390625 0.14453125 0.096875 0.0703125
1 0.68359375 0.31171875 0.146875 0.125
1 0.86796875 0.1609375 0.1265625 0.0640625
1 0.021875 0.2703125 0.04375 0.0640625
1 0.31015625 0.153125 0.0625 0.053125
2 0.2375 0.88203125 0.13125 0.23125
2 0.0203125 0.40390625 0.040625 0.0703125
0 0.43984375 0.12890625 0.1984375 0.13125
0 0.146875 0.27578125 0.184375 0.178125
0 0.146875 0.07109375 0.0875 0.065625
0 0.73984375 0.034375 0.08125 0.065625