1 0.85859375 0.21328125 0.103125 0.075
1 0.53828125 0.325 0.1375 0.10625
1 0.36796875 0.1703125 0.084375 0.0640625
1 0.73515625 0.28984375 0.125 0.0984375
1 0.134375 0.37890625 0.1484375 0.128125
1 0.31484375 0.27421875 0.1171875 0.09375
1 0.7296875 0.18984375 0.071875 0.065625
1 0.1734375 0.18984375 0.1 0.046875
1 0.17265625 0.22109375 0.090625 0.06875
1 0.0171875 0.2015625 0.034375 0.134375
1 0.92890625 0.0484375 0.0515625 0.0453125
1 0.8984375 0.0109375 0.0265625 0.021875
1 0.9390625 0.01953125 0.0375 0.028125
2 0.88359375 0.11953125 0.015625 0.0390625
2 0.96875 0.92890625 0.0609375 0.1390625
2 0.7734375 0.15078125 0.025 0.0390625
2 0.74921875 0.14609375 0.021875 0.040625
3 0.590625 0.6359375 0.2859375 0.2609375
0 0.59453125 0.153125 0.2390625 0.146875
0 0.253125 0.04140625 0.0875 0.0828125