1 0.040625 0.92109375 0.08125 0.1546875
1 0.68515625 0.90546875 0.309375 0.1859375
1 0.95546875 0.92578125 0.0875 0.1453125
1 0.26953125 0.88515625 0.2953125 0.2265625
1 0.06328125 0.3265625 0.0984375 0.13125
1 0.58359375 0.184375 0.0828125 0.05625
1 0.690625 0.20546875 0.10625 0.0703125
1 0.43203125 0.253125 0.096875 0.0765625
1 0.47890625 0.23125 0.08125 0.0671875
1 0.16484375 0.21484375 0.0453125 0.078125
1 0.090625 0.24453125 0.06875 0.0640625
1 0.96953125 0.27421875 0.059375 0.0640625
1 0.57578125 0.28828125 0.1140625 0.090625
1 0.2203125 0.13125 0.04375 0.0515625
1 0.58828125 0.24375 0.103125 0.06875
1 0.184375 0.165625 0.04375 0.0546875
1 0.95078125 0.08046875 0.04375 0.0390625
1 0.97421875 0.31875 0.05 0.075
1 0.38046875 0.20703125 0.0546875 0.059375
2 0.26484375 0.20625 0.025 0.0546875
2 0.465625 0.1359375 0.03125 0.0359375
2 0.21484375 0.28125 0.04375 0.0515625
2 0.3046875 0.178125 0.03125 0.0453125
3 0.590625 0.66015625 0.2859375 0.2609375
3 0.7390625 0.271875 0.159375 0.1296875
0 0.1609375 0.12109375 0.128125 0.1390625
0 0.05859375 0.21015625 0.1171875 0.1796875
0 0.83984375 0.2484375 0.1375 0.15625
0 0.278125 0.03671875 0.0671875 0.0671875