1 0.21953125 0.89921875 0.1421875 0.1984375
1 0.409375 0.32890625 0.05 0.0796875
1 0.2375 0.51796875 0.0859375 0.1390625
1 0.42890625 0.8515625 0.1078125 0.2296875
1 0.43671875 0.65 0.0875 0.159375
1 0.04453125 0.94296875 0.0890625 0.1109375
1 0.58203125 0.74140625 0.1015625 0.184375
1 0.175 0.65 0.084375 0.1515625
1 0.09765625 0.784375 0.1375 0.209375
1 0.5921875 0.90390625 0.134375 0.1890625
1 0.10234375 0.3734375 0.0671875 0.0796875
1 0.1984375 0.32890625 0.0625 0.071875
1 0.26640625 0.2265625 0.04375 0.05
1 0.37421875 0.17109375 0.034375 0.0390625
1 0.06171875 0.45546875 0.06875 0.096875
1 0.46328125 0.11171875 0.021875 0.028125
1 0.30078125 0.1796875 0.03125 0.040625
1 0.54140625 0.071875 0.015625 0.021875
1 0.23046875 0.159375 0.0296875 0.0375
1 0.26796875 0.1734375 0.03125 0.0390625
1 0.5203125 0.07421875 0.0125 0.01875
3 0.17734375 0.27890625 0.0578125 0.1015625
0 0.02265625 0.5328125 0.0453125 0.234375
0 0.39375 0.1046875 0.0421875 0.084375
0 0.446875 0.08359375 0.053125 0.0671875