1 0.14453125 0.45703125 0.125 0.1078125
1 0.159375 0.24453125 0.071875 0.059375
1 0.28046875 0.1859375 0.0515625 0.04375
1 0.371875 0.2515625 0.06875 0.0640625
1 0.96328125 0.46015625 0.071875 0.0765625
1 0.31796875 0.1203125 0.040625 0.0296875
1 0.971875 0.14921875 0.0546875 0.04375
1 0.20859375 0.121875 0.03125 0.0296875
1 0.16484375 0.13359375 0.0328125 0.021875
1 0.25703125 0.115625 0.0296875 0.025
1 0.00546875 0.390625 0.0109375 0.0515625
1 0.00703125 0.503125 0.0140625 0.059375
1 0.99140625 0.74453125 0.015625 0.096875
0 0.43046875 0.31953125 0.2390625 0.284375
0 0.07734375 0.22890625 0.1546875 0.1734375
0 0.22578125 0.08203125 0.040625 0.05