1 0.5984375 0.35546875 0.1484375 0.1078125
1 0.4578125 0.25546875 0.1171875 0.08125
1 0.85703125 0.278125 0.1 0.08125
1 0.30546875 0.13984375 0.078125 0.053125
1 0.0921875 0.26875 0.10625 0.078125
1 0.88203125 0.12109375 0.084375 0.05
1 0.05703125 0.1859375 0.090625 0.065625
1 0.97578125 0.15859375 0.046875 0.0875
1 0.13671875 0.203125 0.1 0.06875
1 0.56953125 0.13515625 0.0859375 0.05625
1 0.17890625 0.171875 0.0890625 0.0671875
1 0.54765625 0.11875 0.096875 0.0515625
1 0.21953125 0.38046875 0.1125 0.0796875
1 0.16484375 0.12890625 0.0796875 0.05
1 0.0078125 0.2140625 0.015625 0.03125
2 0.83984375 0.54296875 0.1140625 0.1265625
2 0.834375 0.06796875 0.021875 0.0203125
2 0.21015625 0.07578125 0.0265625 0.040625
2 0.6046875 0.07109375 0.0203125 0.028125
3 0.58984375 0.61796875 0.284375 0.2609375
0 0.49921875 0.078125 0.196875 0.1046875
0 0.92421875 0.0734375 0.15 0.10625
0 0.94765625 0.325 0.103125 0.2015625
0 0.0375 0.36328125 0.075 0.278125