1 0.59453125 0.63203125 0.0671875 0.1203125
1 0.96796875 0.784375 0.0625 0.109375
1 0.85234375 0.97109375 0.128125 0.0546875
1 0.6875 0.52890625 0.0546875 0.0765625
1 0.81875 0.58046875 0.071875 0.0953125
1 0.62109375 0.51796875 0.05625 0.090625
1 0.38984375 0.38828125 0.025 0.0359375
1 0.44453125 0.34296875 0.0125 0.021875
2 0.16484375 0.58984375 0.040625 0.0875
2 0.1234375 0.51484375 0.0203125 0.0484375
2 0.33359375 0.41796875 0.0125 0.0390625
0 0.915625 0.55 0.1671875 0.2078125
0 0.76328125 0.40546875 0.0875 0.09375
0 0.475 0.50390625 0.0875 0.259375