1 0.8578125 0.4296875 0.178125 0.11875
1 0.5859375 0.1265625 0.0875 0.0546875
1 0.48671875 0.31015625 0.14375 0.090625
1 0.76484375 0.1296875 0.090625 0.0515625
1 0.4921875 0.25078125 0.121875 0.071875
1 0.13515625 0.20625 0.0984375 0.06875
1 0.97421875 0.16640625 0.05 0.078125
1 0.05546875 0.19140625 0.0921875 0.065625
1 0.9265625 0.15625 0.084375 0.065625
1 0.178125 0.17578125 0.0875 0.0671875
1 0.15703125 0.12109375 0.06875 0.04375
1 0.97578125 0.26171875 0.046875 0.071875
1 0.1 0.15703125 0.0875 0.0515625
1 0.00703125 0.225 0.0140625 0.040625
2 0.60078125 0.071875 0.028125 0.0265625
2 0.66328125 0.071875 0.021875 0.0265625
2 0.78515625 0.79609375 0.096875 0.1109375
3 0.8890625 0.28828125 0.196875 0.1859375
3 0.59296875 0.621875 0.29375 0.2640625
0 0.20234375 0.39140625 0.4046875 0.246875
0 0.89765625 0.06796875 0.203125 0.13125
0 0.40078125 0.090625 0.30625 0.121875