1 0.30390625 0.3046875 0.09375 0.1171875
1 0.47734375 0.34140625 0.128125 0.134375
1 0.82578125 0.77578125 0.3125 0.35625
1 0.07578125 0.103125 0.046875 0.046875
1 0.92265625 0.68671875 0.153125 0.2484375
1 0.546875 0.1453125 0.0734375 0.065625
1 0.26171875 0.1234375 0.053125 0.05
1 0.203125 0.23515625 0.075 0.103125
1 0.01484375 0.04375 0.0203125 0.028125
1 0.1640625 0.18671875 0.0515625 0.075
1 0.60546875 0.1234375 0.0421875 0.0359375
1 0.6609375 0.11171875 0.0546875 0.04375
1 0.20234375 0.15390625 0.0609375 0.059375
2 0.0640625 0.328125 0.028125 0.078125
2 0.65078125 0.13359375 0.0125 0.0375
0 0.26640625 0.075 0.10625 0.10625