1 0.93203125 0.9296875 0.134375 0.1375
1 0.51015625 0.47890625 0.09375 0.171875
1 0.5015625 0.83359375 0.2015625 0.2890625
1 0.33125 0.50859375 0.075 0.13125
1 0.81484375 0.69609375 0.209375 0.1921875
1 0.06640625 0.33671875 0.078125 0.0703125
1 0.39765625 0.39921875 0.0546875 0.0984375
1 0.66796875 0.284375 0.075 0.1171875
1 0.4265625 0.3203125 0.0453125 0.078125
1 0.98671875 0.43125 0.025 0.0484375
1 0.3625 0.30859375 0.04375 0.090625
1 0.46640625 0.2640625 0.0375 0.0640625
1 0.97265625 0.175 0.053125 0.04375
1 0.4109375 0.2609375 0.040625 0.0703125
1 0.4015625 0.16171875 0.0265625 0.0359375
1 0.43046875 0.20390625 0.03125 0.040625
1 0.18203125 0.34140625 0.0484375 0.0609375
0 0.09765625 0.4796875 0.1953125 0.375
0 0.29921875 0.28359375 0.0984375 0.2046875
0 0.171875 0.24296875 0.13125 0.140625
0 0.2515625 0.2390625 0.11875 0.165625
0 0.49140625 0.0953125 0.071875 0.065625
0 0.36015625 0.1796875 0.059375 0.1109375
0 0.28125 0.15703125 0.078125 0.05625