1 0.97421875 0.60078125 0.05 0.16875
1 0.54609375 0.4296875 0.1671875 0.1484375
1 0.603125 0.35859375 0.1421875 0.128125
1 0.58359375 0.16875 0.096875 0.0703125
1 0.715625 0.18046875 0.1125 0.0796875
1 0.26484375 0.340625 0.1078125 0.1046875
1 0.97265625 0.20390625 0.053125 0.1
1 0.86171875 0.19453125 0.125 0.0890625
1 0.59921875 0.134375 0.090625 0.06875
1 0.83359375 0.409375 0.221875 0.196875
1 0.45 0.30703125 0.1296875 0.115625
1 0.35390625 0.23671875 0.0875 0.075
1 0.09453125 0.14296875 0.028125 0.040625
1 0.2515625 0.26484375 0.0515625 0.0625
1 0.30625 0.15078125 0.0625 0.0546875
1 0.85859375 0.040625 0.0765625 0.0515625
1 0.9375 0.16875 0.0921875 0.075
1 0.32578125 0.28046875 0.103125 0.0859375
1 0.12734375 0.18125 0.0484375 0.0375
0 0.43515625 0.12578125 0.1984375 0.134375
0 0.14296875 0.27578125 0.1859375 0.1734375