1 0.9453125 0.25625 0.103125 0.1015625
1 0.23828125 0.44609375 0.23125 0.178125
1 0.04765625 0.253125 0.0953125 0.1
1 0.1828125 0.23125 0.134375 0.1078125
1 0.45 0.09140625 0.05625 0.06875
1 0.57109375 0.15859375 0.0828125 0.084375
1 0.640625 0.0765625 0.034375 0.04375
1 0.5859375 0.08203125 0.0390625 0.04375
1 0.16171875 0.1734375 0.115625 0.084375
1 0.50234375 0.0859375 0.0484375 0.0609375
1 0.3296875 0.21640625 0.1328125 0.075
0 0.209375 0.86015625 0.4046875 0.2765625
1 0.86796875 0.12265625 0.0546875 0.0515625
1 0.91875 0.11640625 0.0484375 0.053125
1 0.97109375 0.1109375 0.0546875 0.0546875
1 0.46875 0.17265625 0.09375 0.1140625