1 0.27421875 0.67578125 0.2171875 0.1671875
1 0.253125 0.82890625 0.240625 0.228125
1 0.93984375 0.9234375 0.11875 0.15
1 0.61328125 0.76640625 0.240625 0.221875
1 0.0984375 0.25703125 0.0875 0.0546875
1 0.76484375 0.690625 0.2375 0.2
1 0.96875 0.684375 0.0609375 0.125
1 0.90546875 0.16328125 0.078125 0.0484375
1 0.90625 0.13046875 0.0671875 0.0359375
1 0.77421875 0.128125 0.065625 0.040625
1 0.325 0.2453125 0.078125 0.06875
1 0.71953125 0.509375 0.09375 0.18125
1 0.165625 0.18359375 0.0546875 0.0453125
1 0.20546875 0.221875 0.05625 0.0484375
1 0.34921875 0.19609375 0.075 0.0453125
1 0.70703125 0.1609375 0.075 0.0484375
1 0.98671875 0.1515625 0.025 0.0328125
1 0.7171875 0.38828125 0.071875 0.109375
1 0.52734375 0.159375 0.059375 0.0453125
1 0.26484375 0.2203125 0.0703125 0.0515625
1 0.65625 0.10859375 0.0421875 0.0359375
1 0.6171875 0.1203125 0.05625 0.0375
1 0.6703125 0.25390625 0.075 0.1078125
1 0.803125 0.228125 0.05 0.0703125
1 0.83046875 0.16015625 0.0375 0.0359375
1 0.29453125 0.19296875 0.065625 0.0484375
0 0.3265625 0.09453125 0.096875 0.0671875
0 0.05859375 0.11171875 0.065625 0.05
0 0.490625 0.06015625 0.0859375 0.071875
0 0.74375 0.0640625 0.0546875 0.065625