1 0.20078125 0.390625 0.1625 0.1375
1 0.69296875 0.8203125 0.25 0.2890625
1 0.07734375 0.7609375 0.1546875 0.253125
1 0.49453125 0.73046875 0.225 0.265625
1 0.44453125 0.509375 0.2 0.1640625
1 0.75234375 0.39375 0.1421875 0.1359375
1 0.934375 0.52890625 0.1296875 0.2015625
1 0.54375 0.16328125 0.0734375 0.0671875
1 0.53203125 0.30703125 0.121875 0.1078125
1 0.8484375 0.4515625 0.15 0.159375
1 0.83359375 0.21484375 0.06875 0.0859375
1 0.60234375 0.17421875 0.08125 0.078125
1 0.7375 0.2 0.0875 0.1
1 0.68828125 0.165625 0.075 0.0765625
1 0.51875 0.26328125 0.1171875 0.103125
1 0.453125 0.23984375 0.1 0.084375
1 0.43515625 0.2109375 0.0875 0.0859375
1 0.353125 0.69375 0.25625 0.271875
1 0.93671875 0.1359375 0.06875 0.084375
1 0.79921875 0.11953125 0.0625 0.065625
1 0.85703125 0.1484375 0.071875 0.075
1 0.88046875 0.10625 0.0640625 0.0578125
1 0.965625 0.08828125 0.0453125 0.0515625
1 0.93359375 0.075 0.0484375 0.059375
1 0.91015625 0.07109375 0.0375 0.046875
0 0.97265625 0.03359375 0.0546875 0.0671875