1 0.91796875 0.4890625 0.11875 0.1046875
1 0.44453125 0.7734375 0.175 0.24375
1 0.66171875 0.33515625 0.0578125 0.059375
1 0.1765625 0.378125 0.065625 0.08125
1 0.20546875 0.325 0.0671875 0.0609375
1 0.28671875 0.39375 0.03125 0.0875
1 0.77421875 0.4 0.075 0.075
1 0.740625 0.4265625 0.090625 0.09375
1 0.71484375 0.853125 0.38125 0.290625
1 0.85234375 0.28203125 0.0484375 0.04375
1 0.5796875 0.31796875 0.046875 0.0546875
1 0.14296875 0.325 0.0421875 0.065625
1 0.70234375 0.7109375 0.1640625 0.1859375
1 0.59296875 0.2890625 0.040625 0.0453125
1 0.72578125 0.23828125 0.03125 0.03125
2 0.05 0.396875 0.046875 0.0578125
2 0.08671875 0.3359375 0.025 0.0390625
2 0.75703125 0.2984375 0.01875 0.0328125
0 0.37578125 0.48359375 0.153125 0.321875
0 0.3359375 0.2765625 0.075 0.10625
0 0.36015625 0.23046875 0.06875 0.1140625