1 0.13359375 0.6640625 0.2140625 0.1546875
1 0.07890625 0.325 0.1015625 0.0796875
1 0.42734375 0.6859375 0.2125 0.1609375
1 0.0984375 0.25703125 0.0875 0.0546875
1 0.7625 0.69375 0.2375 0.1984375
1 0.78984375 0.1140625 0.059375 0.0390625
1 0.96484375 0.684375 0.06875 0.125
1 0.01484375 0.8109375 0.0296875 0.11875
1 0.16484375 0.184375 0.053125 0.0453125
1 0.7203125 0.51328125 0.09375 0.18125
1 0.2640625 0.2203125 0.075 0.0515625
1 0.20546875 0.221875 0.05625 0.0515625
1 0.52890625 0.1609375 0.059375 0.0453125
1 0.29453125 0.19375 0.0640625 0.046875
1 0.91171875 0.165625 0.08125 0.05
1 0.35078125 0.2015625 0.071875 0.05625
1 0.98046875 0.49296875 0.0375 0.05625
1 0.69140625 0.16640625 0.065625 0.0515625
1 0.71796875 0.39140625 0.071875 0.1140625
1 0.50859375 0.81328125 0.2234375 0.140625
1 0.68984375 0.8703125 0.61875 0.2546875
0 0.8234375 0.08203125 0.165625 0.0796875
0 0.34140625 0.09375 0.1015625 0.065625