1 0.4515625 0.32421875 0.0765625 0.075
1 0.76171875 0.609375 0.14375 0.19375
1 0.06328125 0.515625 0.1265625 0.11875
1 0.71171875 0.43984375 0.0703125 0.1453125
1 0.19921875 0.22421875 0.0640625 0.0515625
1 0.10625 0.28125 0.0671875 0.075
1 0.29921875 0.16171875 0.0390625 0.0390625
1 0.34609375 0.26953125 0.071875 0.0578125
1 0.3140625 0.33359375 0.090625 0.08125
1 0.66640625 0.26796875 0.075 0.1140625
1 0.97265625 0.1546875 0.053125 0.04375
1 0.2125 0.125 0.034375 0.028125
1 0.6046875 0.20078125 0.0546875 0.06875
1 0.00546875 0.39609375 0.0109375 0.0640625
2 0.0171875 0.26875 0.025 0.0375
0 0.72109375 0.07109375 0.028125 0.06875