1 0.22109375 0.71171875 0.159375 0.2765625
1 0.09296875 0.3203125 0.071875 0.1
1 0.87421875 0.90625 0.25 0.184375
1 0.01484375 0.20625 0.0296875 0.059375
1 0.0703125 0.19453125 0.0390625 0.0484375
1 0.20234375 0.396875 0.096875 0.16875
1 0.6390625 0.359375 0.1578125 0.115625
1 0.61328125 0.4390625 0.1828125 0.175
1 0.18515625 0.1953125 0.0484375 0.0609375
1 0.86171875 0.23828125 0.10625 0.084375
1 0.0265625 0.096875 0.0203125 0.025
1 0.5578125 0.1640625 0.0515625 0.0578125
0 0.1359375 0.1046875 0.0640625 0.071875