1 0.10859375 0.66640625 0.215625 0.15625
1 0.39609375 0.67890625 0.2078125 0.15625
1 0.75390625 0.6765625 0.2359375 0.1609375
1 0.15546875 0.30078125 0.09375 0.0765625
1 0.95703125 0.68203125 0.084375 0.125
1 0.92109375 0.16953125 0.084375 0.046875
1 0.165625 0.18515625 0.0546875 0.0453125
1 0.83671875 0.1203125 0.0609375 0.0375
1 0.26484375 0.22109375 0.075 0.05
1 0.52890625 0.16328125 0.059375 0.0453125
1 0.20625 0.221875 0.05625 0.0515625
1 0.71953125 0.5140625 0.090625 0.1796875
1 0.29609375 0.1953125 0.065625 0.046875
1 0.71875 0.39296875 0.0734375 0.1109375
1 0.69609375 0.1296875 0.0578125 0.040625
1 0.97109375 0.14140625 0.05625 0.0390625
1 0.73984375 0.1640625 0.065625 0.05
1 0.74921875 0.134375 0.059375 0.0390625
1 0.653125 0.1140625 0.046875 0.03125
1 0.609375 0.12421875 0.0546875 0.040625
1 0.35078125 0.20390625 0.075 0.0515625
1 0.4375 0.18125 0.078125 0.05625
1 0.09921875 0.25859375 0.0875 0.0546875
1 0.9859375 0.153125 0.0265625 0.0390625
1 0.85546875 0.79140625 0.24375 0.090625
1 0.74375 0.07109375 0.01875 0.028125
1 0.8078125 0.04140625 0.03125 0.0203125
0 0.34453125 0.09453125 0.096875 0.0640625
0 0.8984375 0.09140625 0.084375 0.071875
0 0.80078125 0.08125 0.0828125 0.0671875