1 0.2109375 0.92421875 0.13125 0.1484375
1 0.55234375 0.740625 0.0875 0.1671875
1 0.3953125 0.93125 0.125 0.134375
1 0.55703125 0.9203125 0.1125 0.15625
1 0.0578125 0.72109375 0.115625 0.153125
1 0.0546875 0.9390625 0.109375 0.11875
1 0.4171875 0.74609375 0.0875 0.1671875
1 0.91328125 0.3484375 0.0375 0.059375
1 0.13203125 0.7984375 0.1140625 0.178125
1 0.44921875 0.5890625 0.078125 0.1515625
1 0.28125 0.76640625 0.1046875 0.175
1 0.55390625 0.2140625 0.021875 0.0359375
1 0.3265625 0.64296875 0.0828125 0.1375
1 0.26171875 0.5609375 0.071875 0.1109375
1 0.19453125 0.6546875 0.096875 0.171875
1 0.35546875 0.56015625 0.071875 0.109375
1 0.29921875 0.484375 0.059375 0.090625
1 0.8109375 0.209375 0.01875 0.021875
1 0.653125 0.15390625 0.015625 0.021875
1 0.36953125 0.4953125 0.059375 0.090625
1 0.53046875 0.14296875 0.0125 0.01875
1 0.39765625 0.440625 0.0515625 0.078125
1 0.97578125 0.31953125 0.046875 0.05
1 0.67421875 0.18671875 0.01875 0.021875
1 0.99296875 0.43515625 0.0125 0.0703125
3 0.93984375 0.278125 0.0734375 0.0703125
0 0.13984375 0.51875 0.225 0.3078125
1 0.21953125 0.2375 0.028125 0.040625
1 0.3203125 0.43828125 0.0515625 0.071875
1 0.33671875 0.40234375 0.0390625 0.0640625
1 0.3609375 0.36953125 0.0328125 0.0546875
1 0.375 0.33515625 0.0265625 0.05625
0 0.41953125 0.30703125 0.0625 0.16875
0 0.346875 0.27578125 0.0859375 0.1234375
0 0.24375 0.39140625 0.096875 0.175
0 0.29296875 0.32578125 0.0734375 0.1296875
0 0.21171875 0.32734375 0.10625 0.13125
3 0.26953125 0.228125 0.0390625 0.071875