1 0.48046875 0.2609375 0.0296875 0.0453125
1 0.7 0.3484375 0.046875 0.0625
1 0.62421875 0.36328125 0.04375 0.075
1 0.43828125 0.43828125 0.0609375 0.0984375
1 0.41796875 0.3796875 0.0515625 0.078125
1 0.590625 0.2015625 0.015625 0.025
1 0.22578125 0.3390625 0.05 0.0625
1 0.6640625 0.28203125 0.0328125 0.04375
1 0.98125 0.41015625 0.0359375 0.0796875
1 0.95390625 0.3796875 0.0609375 0.0703125
1 0.31640625 0.26953125 0.0375 0.0390625
2 0.11484375 0.453125 0.01875 0.065625
3 0.02890625 0.44296875 0.0578125 0.0984375