1 0.14609375 0.38984375 0.1015625 0.10625
1 0.6671875 0.46875 0.1921875 0.1671875
1 0.73203125 0.265625 0.15 0.0984375
1 0.60234375 0.3484375 0.14375 0.1078125
1 0.58359375 0.16796875 0.096875 0.071875
1 0.971875 0.2 0.0546875 0.103125
1 0.45078125 0.30625 0.128125 0.1171875
1 0.26484375 0.340625 0.1078125 0.1046875
1 0.86328125 0.19296875 0.1296875 0.0890625
1 0.7203125 0.1796875 0.1140625 0.078125
1 0.32578125 0.27890625 0.103125 0.0875
1 0.9625 0.54609375 0.0734375 0.2265625
1 0.30546875 0.14921875 0.0625 0.053125
1 0.10390625 0.17578125 0.034375 0.0484375
1 0.5390625 0.075 0.05 0.0546875
1 0.2375 0.196875 0.0609375 0.0609375
1 0.85234375 0.0390625 0.0890625 0.0515625
1 0.09609375 0.09140625 0.03125 0.025
1 0.86796875 0.07890625 0.1 0.0609375
1 0.78203125 0.103125 0.096875 0.0609375
1 0.83125 0.40703125 0.225 0.196875
1 0.55703125 0.134375 0.059375 0.0609375
1 0.075 0.13125 0.0359375 0.034375
1 0.70234375 0.140625 0.1015625 0.075
1 0.2421875 0.26171875 0.0703125 0.06875
1 0.86015625 0.1484375 0.121875 0.0703125
1 0.9890625 0.10703125 0.0203125 0.0515625
0 0.43515625 0.12421875 0.1953125 0.134375
0 0.14375 0.278125 0.184375 0.1703125