1 0.809375 0.89921875 0.3109375 0.1984375
1 0.084375 0.8796875 0.16875 0.221875
1 0.34921875 0.8796875 0.240625 0.2265625
1 0.1796875 0.1734375 0.090625 0.06875
1 0.56171875 0.11484375 0.0828125 0.0671875
1 0.94921875 0.203125 0.1 0.090625
1 0.27265625 0.128125 0.078125 0.059375
1 0.66640625 0.13125 0.0890625 0.078125
1 0.58203125 0.21875 0.1078125 0.09375
1 0.87109375 0.21953125 0.125 0.090625
1 0.7359375 0.18515625 0.109375 0.078125
1 0.80234375 0.165625 0.096875 0.071875
1 0.1046875 0.140625 0.078125 0.05625
1 0.46171875 0.09375 0.071875 0.0578125
1 0.08515625 0.11640625 0.071875 0.059375
1 0.58203125 0.28828125 0.10625 0.084375
1 0.39140625 0.07578125 0.0578125 0.05625
1 0.86796875 0.01484375 0.0390625 0.0296875
1 0.35234375 0.05859375 0.04375 0.05
1 0.909375 0.015625 0.040625 0.03125
1 0.26796875 0.02578125 0.034375 0.040625
1 0.975 0.071875 0.0484375 0.05625
1 0.99140625 0.01875 0.015625 0.0296875
1 0.01015625 0.08984375 0.0203125 0.0484375
2 0.440625 0.1390625 0.04375 0.0515625
2 0.0203125 0.58984375 0.040625 0.06875
3 0.59296875 0.59375 0.284375 0.2609375