1 0.0296875 0.42890625 0.059375 0.0765625
1 0.17734375 0.5609375 0.103125 0.1296875
1 0.4515625 0.18125 0.034375 0.0296875
1 0.36484375 0.16953125 0.034375 0.025
1 0.01328125 0.3140625 0.0265625 0.05625
1 0.17578125 0.2734375 0.0421875 0.046875
1 0.08671875 0.23828125 0.021875 0.03125
1 0.54765625 0.20078125 0.0515625 0.0359375
1 0.71796875 0.4203125 0.1296875 0.11875
1 0.28984375 0.19140625 0.015625 0.025
1 0.01953125 0.2 0.0171875 0.01875
0 0.38984375 0.55390625 0.3359375 0.3515625
0 0.54765625 0.3953125 0.2859375 0.2203125
0 0.13515625 0.39609375 0.1578125 0.1859375