1 0.22890625 0.45703125 0.1734375 0.1453125
1 0.47734375 0.321875 0.134375 0.1078125
1 0.04453125 0.5296875 0.0890625 0.1375
1 0.72265625 0.28828125 0.1125 0.0859375
1 0.64375 0.140625 0.078125 0.05625
1 0.87890625 0.1734375 0.0765625 0.0578125
1 0.43984375 0.16015625 0.090625 0.05
1 0.9046875 0.24453125 0.084375 0.0890625
1 0.8265625 0.1234375 0.0703125 0.05
1 0.42421875 0.27109375 0.1140625 0.090625
1 0.97578125 0.1515625 0.046875 0.0515625
1 0.72734375 0.2265625 0.090625 0.084375
1 0.97265625 0.196875 0.053125 0.084375
1 0.44453125 0.1859375 0.0828125 0.065625
1 0.8859375 0.07421875 0.040625 0.040625
1 0.93828125 0.03046875 0.0359375 0.03125
1 0.9109375 0.04609375 0.04375 0.0328125
2 0.1828125 0.9203125 0.103125 0.09375
2 0.76796875 0.16484375 0.028125 0.040625
2 0.54609375 0.21328125 0.034375 0.0484375
2 0.67109375 0.19375 0.03125 0.04375
2 0.7 0.175 0.028125 0.0390625
2 0.21640625 0.10078125 0.015625 0.046875
2 0.63671875 0.18828125 0.0296875 0.0390625
3 0.5921875 0.64453125 0.290625 0.2640625
0 0.15546875 0.28046875 0.3109375 0.2390625
0 0.13984375 0.1765625 0.2796875 0.1234375
0 0.2578125 0.04375 0.09375 0.0859375