1 0.84453125 0.29296875 0.115625 0.09375
1 0.96015625 0.22421875 0.078125 0.0703125
1 0.0703125 0.553125 0.140625 0.1765625
1 0.67109375 0.32109375 0.121875 0.1015625
1 0.39765625 0.40625 0.15 0.125
1 0.5734375 0.2984375 0.1171875 0.09375
1 0.31328125 0.23984375 0.103125 0.071875
1 0.73984375 0.21328125 0.10625 0.0640625
1 0.15390625 0.21640625 0.1015625 0.0671875
1 0.0984375 0.19453125 0.0890625 0.0671875
1 0.025 0.446875 0.05 0.1015625
1 0.3921875 0.28125 0.1140625 0.075
1 0.73671875 0.25078125 0.10625 0.0796875
1 0.346875 0.1796875 0.090625 0.05625
1 0.26875 0.1703125 0.078125 0.0671875
1 0.45703125 0.1484375 0.025 0.040625
1 0.14140625 0.3703125 0.1 0.1078125
1 0.36953125 0.33828125 0.125 0.1015625
1 0.84296875 0.03203125 0.03125 0.03125
1 0.66796875 0.175 0.0875 0.0578125
1 0.93515625 0.02421875 0.0328125 0.0296875
1 0.88515625 0.10390625 0.0453125 0.0453125
1 0.84765625 0.13828125 0.065625 0.05
2 0.1453125 0.9046875 0.109375 0.10625
2 0.50703125 0.88359375 0.10625 0.1109375
2 0.34375 0.95078125 0.146875 0.0953125
2 0.296875 0.290625 0.0421875 0.0453125
3 0.58828125 0.6390625 0.2828125 0.259375
0 0.61015625 0.13125 0.290625 0.134375
0 0.25625 0.04140625 0.09375 0.0828125
0 0.94609375 0.08828125 0.0875 0.109375