1 0.52734375 0.409375 0.153125 0.121875
1 0.040625 0.61328125 0.08125 0.1375
1 0.2296875 0.484375 0.165625 0.14375
1 0.17265625 0.1890625 0.071875 0.059375
1 0.89609375 0.1015625 0.0265625 0.0375
1 0.91953125 0.128125 0.01875 0.040625
1 0.20859375 0.190625 0.071875 0.0375
1 0.84140625 0.03984375 0.028125 0.03125
1 0.271875 0.38984375 0.1109375 0.109375
2 0.92890625 0.4703125 0.065625 0.078125
2 0.71484375 0.49921875 0.0609375 0.065625
2 0.58359375 0.2203125 0.0515625 0.0515625
2 0.96640625 0.15 0.021875 0.0296875
2 0.06328125 0.16796875 0.021875 0.05
2 0.93359375 0.16484375 0.034375 0.040625
2 0.134375 0.109375 0.025 0.040625
2 0.21328125 0.10703125 0.015625 0.040625
2 0.16015625 0.10546875 0.0125 0.040625
2 0.0046875 0.1796875 0.009375 0.0484375
2 0.99140625 0.15078125 0.015625 0.0390625
3 0.58828125 0.65546875 0.2890625 0.2625
0 0.75546875 0.18046875 0.290625 0.1609375
0 0.34921875 0.24296875 0.3875 0.2046875
0 0.12265625 0.36875 0.2453125 0.28125
0 0.25390625 0.053125 0.09375 0.0953125