1 0.28203125 0.56875 0.1546875 0.175
1 0.97421875 0.6046875 0.05 0.16875
1 0.26953125 0.34375 0.10625 0.1015625
1 0.04921875 0.3984375 0.08125 0.1046875
1 0.01640625 0.58359375 0.0328125 0.0890625
1 0.55 0.43203125 0.1671875 0.15
1 0.60703125 0.36171875 0.14375 0.128125
1 0.95078125 0.0953125 0.096875 0.071875
1 0.48125 0.2296875 0.096875 0.0859375
1 0.85703125 0.04453125 0.0890625 0.0515625
1 0.58828125 0.17109375 0.096875 0.071875
1 0.94765625 0.9359375 0.103125 0.125
1 0.71953125 0.18359375 0.1125 0.078125
1 0.86640625 0.196875 0.128125 0.0953125
1 0.21796875 0.19453125 0.05625 0.05625
1 0.975 0.20859375 0.0484375 0.0984375
1 0.4546875 0.309375 0.128125 0.115625
1 0.59765625 0.13828125 0.090625 0.06875
1 0.31015625 0.153125 0.0625 0.053125
1 0.70703125 0.14296875 0.1 0.0671875
1 0.05078125 0.28203125 0.040625 0.06875
1 0.059375 0.21015625 0.034375 0.0546875
1 0.05546875 0.159375 0.0265625 0.040625
1 0.021875 0.27109375 0.04375 0.0609375
1 0.06328125 0.121875 0.03125 0.0375
1 0.86875 0.1609375 0.128125 0.0640625
1 0.8375 0.41328125 0.221875 0.2
1 0.62734375 0.08671875 0.0796875 0.0640625
1 0.82890625 0.3296875 0.1703125 0.1109375
1 0.0109375 0.3390625 0.021875 0.0625
0 0.43984375 0.12890625 0.2 0.13125
0 0.146875 0.275 0.184375 0.1796875
0 0.30390625 0.0640625 0.1296875 0.0765625
0 0.0921875 0.0765625 0.0625 0.05