1 0.77578125 0.73671875 0.225 0.2703125
1 0.028125 0.79375 0.05625 0.1359375
1 0.24453125 0.634375 0.25 0.1953125
1 0.44609375 0.6234375 0.225 0.215625
1 0.16015625 0.85625 0.3203125 0.278125
1 0.55546875 0.709375 0.2265625 0.240625
1 0.56953125 0.15625 0.075 0.0609375
1 0.29921875 0.89921875 0.3421875 0.1984375
1 0.71875 0.15390625 0.075 0.0703125
1 0.5125 0.94296875 0.2875 0.1109375
1 0.92734375 0.1453125 0.075 0.0796875
1 0.628125 0.13359375 0.046875 0.0484375
1 0.66953125 0.146875 0.065625 0.071875
1 0.83203125 0.15859375 0.065625 0.071875
1 0.79140625 0.15078125 0.0609375 0.0703125
1 0.884375 0.12890625 0.0625 0.0796875
1 0.93515625 0.096875 0.0296875 0.0296875
1 0.97578125 0.11328125 0.046875 0.078125
1 0.90859375 0.08671875 0.040625 0.0328125
1 0.9515625 0.06484375 0.046875 0.059375
1 0.91796875 0.0625 0.0359375 0.0359375