1 0.1125 0.890625 0.225 0.215625
1 0.70859375 0.4265625 0.1515625 0.1171875
1 0.35234375 0.303125 0.10625 0.084375
1 0.46171875 0.9453125 0.284375 0.10625
1 0.4734375 0.1859375 0.0765625 0.05625
1 0.82578125 0.934375 0.2625 0.128125
1 0.66953125 0.865625 0.265625 0.23125
1 0.11640625 0.13671875 0.0625 0.05625
1 0.35234375 0.14296875 0.0375 0.0484375
1 0.19765625 0.12890625 0.046875 0.065625
1 0.98984375 0.85859375 0.01875 0.1015625
2 0.3953125 0.1515625 0.0203125 0.0328125
2 0.57734375 0.1609375 0.028125 0.0328125
2 0.94609375 0.384375 0.053125 0.0640625
2 0.41484375 0.24140625 0.034375 0.0359375
2 0.83046875 0.3609375 0.0484375 0.0515625
2 0.25234375 0.28046875 0.028125 0.046875
2 0.14140625 0.5765625 0.121875 0.10625
2 0.68125 0.30546875 0.040625 0.0484375
2 0.76484375 0.30859375 0.04375 0.046875
3 0.590625 0.678125 0.2875 0.259375
0 0.79765625 0.2 0.265625 0.2