1 0.0984375 0.3015625 0.05 0.0703125
1 0.3859375 0.68203125 0.1765625 0.2546875
1 0.925 0.51953125 0.1484375 0.16875
1 0.2640625 0.22578125 0.0484375 0.0546875
1 0.45546875 0.3796875 0.10625 0.1078125
1 0.10546875 0.23359375 0.040625 0.0515625
1 0.41640625 0.51328125 0.146875 0.178125
1 0.11953125 0.1640625 0.025 0.03125
1 0.06328125 0.24453125 0.0375 0.0515625
1 0.9703125 0.17890625 0.0578125 0.0796875
1 0.1828125 0.18125 0.0328125 0.040625
1 0.39140625 0.284375 0.08125 0.09375
1 0.89140625 0.28046875 0.109375 0.084375
1 0.58984375 0.20625 0.0421875 0.0578125
1 0.73984375 0.24140625 0.084375 0.0765625
1 0.21015625 0.1609375 0.028125 0.0296875
0 0.46015625 0.23203125 0.228125 0.184375