1 0.675 0.31328125 0.15625 0.11875
1 0.9109375 0.3640625 0.1765625 0.146875
1 0.86015625 0.0484375 0.090625 0.0515625
1 0.8765625 0.2015625 0.0890625 0.0890625
1 0.28046875 0.23046875 0.0703125 0.071875
1 0.09609375 0.33671875 0.08125 0.09375
1 0.5859375 0.07578125 0.0765625 0.0515625
1 0.16796875 0.37890625 0.090625 0.10625
1 0.95 0.29296875 0.0984375 0.096875
1 0.97734375 0.6109375 0.04375 0.1703125
1 0.97421875 0.209375 0.05 0.08125
1 0.9625 0.178125 0.0734375 0.075
1 0.48515625 0.12421875 0.06875 0.0375
1 0.86171875 0.14921875 0.06875 0.0609375
3 0.2859375 0.38046875 0.18125 0.246875
0 0.68359375 0.20859375 0.328125 0.228125
0 0.66953125 0.57109375 0.5953125 0.528125
0 0.4515625 0.2265625 0.2703125 0.190625
0 0.146875 0.26328125 0.178125 0.165625
0 0.03515625 0.28125 0.0703125 0.1515625
0 0.33671875 0.16796875 0.196875 0.1359375
0 0.23359375 0.096875 0.125 0.0609375
0 0.1640625 0.1515625 0.1625 0.1
0 0.3875 0.33828125 0.1 0.1015625