1 0.28515625 0.4359375 0.115625 0.0953125
1 0.12890625 0.515625 0.15 0.109375
1 0.40234375 0.36640625 0.0921875 0.075
1 0.27109375 0.3859375 0.103125 0.0765625
1 0.09609375 0.46640625 0.1421875 0.1109375
1 0.44140625 0.2 0.05625 0.0375
1 0.9046875 0.21875 0.053125 0.0484375
1 0.3296875 0.209375 0.0625 0.040625
1 0.6078125 0.246875 0.05625 0.05
1 0.52578125 0.296875 0.071875 0.065625
1 0.503125 0.24296875 0.059375 0.0453125
1 0.77109375 0.16328125 0.040625 0.0328125
1 0.4328125 0.2765625 0.0625 0.046875
1 0.41875 0.3109375 0.0734375 0.0546875
1 0.64921875 0.075 0.015625 0.0171875
1 0.67265625 0.21796875 0.04375 0.04375
1 0.98671875 0.21953125 0.025 0.04375
1 0.56171875 0.2390625 0.0515625 0.0515625
1 0.96171875 0.23515625 0.03125 0.0640625
1 0.48515625 0.284375 0.0515625 0.0578125
1 0.96875 0.18515625 0.0609375 0.0375
1 0.54609375 0.1953125 0.053125 0.0390625
1 0.35703125 0.19375 0.0328125 0.03125
1 0.721875 0.2 0.0375 0.0375
1 0.19296875 0.21171875 0.0578125 0.0359375
1 0.59453125 0.1859375 0.04375 0.0359375
1 0.6109375 0.2109375 0.04375 0.0375
1 0.97734375 0.3296875 0.04375 0.08125
2 0.58359375 0.31953125 0.0234375 0.046875
2 0.85859375 0.2453125 0.0125 0.0390625
2 0.825 0.215625 0.015625 0.0359375
2 0.73203125 0.24296875 0.034375 0.040625
2 0.68203125 0.30078125 0.0171875 0.04375
2 0.77265625 0.22421875 0.0234375 0.0375
2 0.690625 0.23359375 0.015625 0.034375
2 0.25078125 0.23671875 0.0125 0.0296875
2 0.97421875 0.3796875 0.03125 0.075
0 0.4453125 0.15859375 0.15 0.090625