1 0.065625 0.9046875 0.13125 0.1875
1 0.36484375 0.9296875 0.25 0.1375
1 0.8515625 0.953125 0.2953125 0.090625
1 0.67421875 0.8703125 0.25625 0.221875
1 0.57890625 0.203125 0.08125 0.065625
1 0.12734375 0.14375 0.0515625 0.0453125
1 0.65078125 0.246875 0.096875 0.0765625
1 0.921875 0.140625 0.053125 0.0484375
1 0.6890625 0.22890625 0.103125 0.0828125
1 0.975 0.33515625 0.0484375 0.075
1 0.96796875 0.29140625 0.0625 0.0640625
1 0.9421875 0.1140625 0.0515625 0.04375
1 0.19375 0.12578125 0.05 0.065625
1 0.87109375 0.0953125 0.04375 0.04375
2 0.0640625 0.16015625 0.01875 0.0390625
3 0.58984375 0.67421875 0.2921875 0.259375
0 0.91796875 0.0609375 0.1015625 0.09375
0 0.33671875 0.07109375 0.0625 0.1171875
0 0.83359375 0.26328125 0.140625 0.15625
0 0.8421875 0.040625 0.059375 0.075