1 0.95234375 0.72890625 0.09375 0.1796875
1 0.59765625 0.84375 0.253125 0.2765625
1 0.28515625 0.484375 0.06875 0.1390625
1 0.97578125 0.43359375 0.046875 0.08125
1 0.42421875 0.53984375 0.096875 0.16875
1 0.5828125 0.546875 0.1296875 0.184375
1 0.11796875 0.42421875 0.0703125 0.09375
1 0.44921875 0.40859375 0.065625 0.10625
1 0.66953125 0.284375 0.075 0.1171875
1 0.384375 0.30703125 0.0375 0.0671875
1 0.46875 0.30703125 0.0484375 0.0953125
1 0.30390625 0.321875 0.04375 0.075
1 0.46015625 0.16484375 0.03125 0.0375
1 0.97421875 0.1734375 0.05 0.04375
1 0.42734375 0.259375 0.0375 0.059375
1 0.48671875 0.21171875 0.03125 0.0453125
1 0.43046875 0.209375 0.0328125 0.0515625
1 0.79375 0.06015625 0.0125 0.0203125
1 0.21484375 0.1390625 0.0296875 0.025
1 0.00859375 0.321875 0.0171875 0.0515625
0 0.059375 0.5296875 0.11875 0.2859375
0 0.21015625 0.2796875 0.14375 0.1953125
0 0.33046875 0.21484375 0.065625 0.11875
0 0.49375 0.096875 0.06875 0.0609375
0 0.2375 0.18984375 0.0984375 0.0828125
0 0.096875 0.284375 0.1734375 0.165625