1 0.59765625 0.28203125 0.0796875 0.125
1 0.06796875 0.23984375 0.065625 0.0953125
1 0.52265625 0.6359375 0.1203125 0.265625
1 0.48671875 0.36796875 0.0828125 0.1578125
1 0.49140625 0.91015625 0.184375 0.1765625
1 0.35390625 0.05546875 0.040625 0.0515625
1 0.97578125 0.04140625 0.046875 0.0546875
1 0.01953125 0.46953125 0.0390625 0.15
1 0.60625 0.11796875 0.0515625 0.071875
1 0.98203125 0.2796875 0.034375 0.1296875
1 0.78359375 0.05625 0.0625 0.0578125
1 0.61015625 0.05390625 0.04375 0.0640625
1 0.52421875 0.0796875 0.04375 0.0703125
1 0.46171875 0.0796875 0.05625 0.08125
1 0.8796875 0.10859375 0.04375 0.065625
1 0.45546875 0.01640625 0.0359375 0.0328125
1 0.55234375 0.04453125 0.0375 0.0515625
1 0.50703125 0.00546875 0.03125 0.0109375
1 0.5515625 0.01171875 0.025 0.0234375
1 0.26796875 0.03671875 0.0203125 0.034375
1 0.45859375 0.0609375 0.05 0.0515625
1 0.26015625 0.01015625 0.0375 0.0203125
1 0.0078125 0.2390625 0.015625 0.0671875
1 0.68203125 0.00625 0.0203125 0.0125
0 0.81328125 0.321875 0.315625 0.559375
0 0.23359375 0.3984375 0.2984375 0.5859375
0 0.19140625 0.17109375 0.153125 0.23125