1 0.92421875 0.2796875 0.1109375 0.0890625
1 0.76328125 0.3046875 0.115625 0.0953125
1 0.09921875 0.40546875 0.1375 0.134375
1 0.21484375 0.26640625 0.109375 0.075
1 0.24921875 0.45078125 0.153125 0.14375
1 0.0640625 0.228125 0.10625 0.0671875
1 0.25703125 0.2 0.0921875 0.0640625
1 0.66015625 0.2796875 0.1125 0.0890625
1 0.57109375 0.3546875 0.1359375 0.109375
1 0.82578125 0.23984375 0.103125 0.0765625
1 0.81328125 0.20546875 0.0984375 0.0640625
1 0.771875 0.15625 0.090625 0.0578125
1 0.49296875 0.26015625 0.10625 0.071875
1 0.46328125 0.31171875 0.11875 0.09375
1 0.1671875 0.1859375 0.084375 0.06875
1 0.01796875 0.20625 0.0359375 0.0578125
1 0.83984375 0.11640625 0.0234375 0.0484375
1 0.82578125 0.01953125 0.03125 0.03125
1 0.69296875 0.13359375 0.05625 0.0484375
1 0.36484375 0.1640625 0.0375 0.0546875
1 0.590625 0.18984375 0.065625 0.065625
1 0.896875 0.01484375 0.028125 0.0296875
2 0.37421875 0.91953125 0.115625 0.1140625
2 0.71875 0.8453125 0.103125 0.1015625
2 0.03515625 0.9390625 0.0703125 0.11875
2 0.74609375 0.19140625 0.0296875 0.046875
2 0.47734375 0.225 0.0375 0.0359375
2 0.41796875 0.26171875 0.0390625 0.04375
2 0.59765625 0.959375 0.15625 0.078125
3 0.58671875 0.64375 0.28125 0.2609375
0 0.52890625 0.14296875 0.296875 0.140625
0 0.25703125 0.0453125 0.09375 0.090625
0 0.92265625 0.0953125 0.153125 0.13125