1 0.97578125 0.603125 0.046875 0.16875
1 0.271875 0.34375 0.109375 0.1015625
1 0.03515625 0.34921875 0.0703125 0.0859375
1 0.66015625 0.06484375 0.075 0.059375
1 0.66484375 0.17578125 0.10625 0.078125
1 0.49140625 0.16171875 0.084375 0.06875
1 0.85703125 0.196875 0.1296875 0.090625
1 0.58359375 0.103125 0.08125 0.0546875
1 0.42734375 0.13203125 0.06875 0.0578125
1 0.36171875 0.209375 0.0765625 0.0703125
1 0.24296875 0.23046875 0.0578125 0.065625
1 0.73046875 0.15546875 0.09375 0.0703125
1 0.05390625 0.284375 0.0375 0.065625
1 0.58203125 0.140625 0.0875 0.0671875
1 0.42265625 0.228125 0.0859375 0.0453125
2 0.34765625 0.95546875 0.0953125 0.0859375
2 0.28671875 0.80078125 0.05625 0.0984375
2 0.27421875 0.75859375 0.084375 0.1875
0 0.15078125 0.2796875 0.1828125 0.1703125
0 0.590625 0.509375 0.540625 0.5453125
0 0.31328125 0.125 0.153125 0.1140625
0 0.96328125 0.2515625 0.071875 0.2265625
0 0.84453125 0.06015625 0.253125 0.1203125