1 0.20078125 0.6859375 0.21875 0.1609375
1 0.09921875 0.26015625 0.0859375 0.0546875
1 0.76484375 0.6953125 0.2375 0.1984375
1 0.52578125 0.87890625 0.265625 0.2390625
1 0.20546875 0.2890625 0.096875 0.0703125
1 0.59296875 0.7515625 0.246875 0.2109375
1 0.9703125 0.134375 0.0578125 0.04375
1 0.88203125 0.13515625 0.0671875 0.040625
1 0.7203125 0.5140625 0.09375 0.1796875
1 0.96953125 0.6890625 0.059375 0.1265625
1 0.1640625 0.18671875 0.0515625 0.0453125
1 0.2640625 0.22421875 0.075 0.0515625
1 0.52890625 0.16171875 0.059375 0.046875
1 0.71640625 0.39453125 0.0734375 0.1078125
1 0.90546875 0.16875 0.078125 0.0484375
1 0.8984375 0.89375 0.2015625 0.209375
1 0.20546875 0.225 0.0546875 0.05
1 0.29453125 0.19609375 0.065625 0.0453125
1 0.7296875 0.15703125 0.071875 0.0515625
1 0.6703125 0.25625 0.075 0.109375
1 0.34921875 0.20625 0.075 0.046875
1 0.97578125 0.4546875 0.046875 0.06875
1 0.21796875 0.16171875 0.0484375 0.0359375
1 0.4359375 0.18125 0.0765625 0.05625
1 0.63671875 0.12890625 0.059375 0.0390625
1 0.83671875 0.11953125 0.059375 0.028125
1 0.8 0.2359375 0.05 0.071875
0 0.30390625 0.1 0.090625 0.0640625
0 0.74765625 0.03828125 0.0375 0.0578125
0 0.053125 0.115625 0.053125 0.05