1 0.51015625 0.415625 0.15625 0.125
1 0.03203125 0.61953125 0.0640625 0.1296875
1 0.21328125 0.490625 0.1671875 0.1453125
1 0.8953125 0.1015625 0.028125 0.040625
1 0.25625 0.39453125 0.1109375 0.1109375
1 0.8359375 0.0359375 0.028125 0.028125
1 0.93359375 0.04140625 0.0359375 0.03125
1 0.8796875 0.06953125 0.034375 0.028125
1 0.17734375 0.18515625 0.071875 0.0515625
1 0.8734375 0.0359375 0.03125 0.028125
2 0.70234375 0.5 0.0625 0.0703125
2 0.9140625 0.46796875 0.065625 0.0796875
2 0.57578125 0.22421875 0.0515625 0.0515625
2 0.9609375 0.15078125 0.021875 0.028125
2 0.92734375 0.16875 0.0328125 0.0375
2 0.2140625 0.10625 0.015625 0.0359375
2 0.0609375 0.1703125 0.021875 0.0484375
2 0.00546875 0.17890625 0.0109375 0.0484375
2 0.9890625 0.153125 0.01875 0.0359375
3 0.58828125 0.65546875 0.290625 0.2625
0 0.74453125 0.18359375 0.290625 0.1640625
0 0.11640625 0.3703125 0.2328125 0.28125
0 0.33046875 0.24296875 0.390625 0.2046875
0 0.2546875 0.05390625 0.0953125 0.096875