1 0.75390625 0.77578125 0.14375 0.1640625
1 0.57734375 0.9015625 0.1140625 0.19375
1 0.65234375 0.5390625 0.05 0.078125
1 0.54609375 0.63671875 0.0671875 0.1046875
1 0.56953125 0.56484375 0.0546875 0.078125
1 0.96875 0.44609375 0.0609375 0.0484375
1 0.31171875 0.49375 0.06875 0.046875
1 0.85703125 0.61953125 0.1453125 0.1171875
1 0.50390625 0.5265625 0.0546875 0.06875
1 0.93125 0.6015625 0.103125 0.096875
1 0.10546875 0.51953125 0.084375 0.0578125
1 0.84921875 0.984375 0.11875 0.028125
1 0.609375 0.496875 0.04375 0.0609375
1 0.20234375 0.52109375 0.09375 0.0546875
1 0.86484375 0.425 0.0796875 0.04375
1 0.63203125 0.44453125 0.034375 0.0453125
1 0.84453125 0.446875 0.0828125 0.04375
1 0.56484375 0.45703125 0.053125 0.05625
1 0.2703125 0.5890625 0.0515625 0.0703125
1 0.09453125 0.640625 0.071875 0.1109375
1 0.42578125 0.5484375 0.05 0.0703125
1 0.56796875 0.421875 0.0359375 0.034375
1 0.01796875 0.5734375 0.0359375 0.065625
1 0.0734375 0.58828125 0.05625 0.06875
0 0.33359375 0.621875 0.1859375 0.1921875
0 0.309375 0.82109375 0.24375 0.3546875