1 0.04765625 0.60859375 0.09375 0.1390625
1 0.26171875 0.41015625 0.0953125 0.0796875
1 0.86328125 0.521875 0.0875 0.121875
1 0.34765625 0.45859375 0.11875 0.1140625
1 0.84140625 0.3109375 0.04375 0.0515625
1 0.6984375 0.44609375 0.0828125 0.096875
1 0.83046875 0.38984375 0.065625 0.0875
1 0.93125 0.18359375 0.015625 0.01875
1 0.92421875 0.315625 0.046875 0.0609375
1 0.16953125 0.39609375 0.0609375 0.0625
1 0.97734375 0.209375 0.01875 0.025
1 0.52734375 0.30078125 0.0484375 0.046875
1 0.91171875 0.28359375 0.034375 0.0453125
1 0.94296875 0.21640625 0.025 0.034375
1 0.9515625 0.24140625 0.0265625 0.04375
1 0.60546875 0.271875 0.0390625 0.040625
1 0.40859375 0.3453125 0.071875 0.06875
1 0.56953125 0.28671875 0.04375 0.0453125
1 0.94765625 0.16484375 0.009375 0.0140625
1 0.640625 0.259375 0.0375 0.040625
1 0.98828125 0.23984375 0.021875 0.0390625
2 0.075 0.51796875 0.05 0.0578125