1 0.6828125 0.25546875 0.0984375 0.0640625
1 0.24140625 0.30625 0.1125 0.0796875
1 0.07109375 0.259375 0.0875 0.05625
1 0.48203125 0.225 0.0875 0.05625
1 0.321875 0.2265625 0.0859375 0.065625
1 0.01953125 0.253125 0.0390625 0.0578125
1 0.83828125 0.146875 0.05625 0.0359375
1 0.17109375 0.2609375 0.1 0.059375
1 0.50234375 0.26796875 0.10625 0.0796875
1 0.9140625 0.278125 0.10625 0.0859375
1 0.98046875 0.2484375 0.0375 0.05625
1 0.16953125 0.2359375 0.0796875 0.04375
1 0.90546875 0.1390625 0.05625 0.021875
2 0.1640625 0.13515625 0.015625 0.034375
0 0.94296875 0.2140625 0.1125 0.1203125