1 0.8171875 0.91015625 0.2953125 0.1765625
1 0.6375 0.16953125 0.0875 0.05625
1 0.06328125 0.23671875 0.06875 0.040625
1 0.75546875 0.15859375 0.08125 0.0609375
1 0.953125 0.14609375 0.053125 0.05625
1 0.15546875 0.209375 0.05625 0.040625
1 0.90625 0.1390625 0.0546875 0.0484375
1 0.85 0.04609375 0.034375 0.0328125
1 0.15625 0.17421875 0.053125 0.05625
1 0.84140625 0.15078125 0.075 0.05
2 0.49609375 0.2390625 0.028125 0.0453125
2 0.734375 0.27421875 0.0375 0.0484375
2 0.5890625 0.240625 0.034375 0.040625
2 0.92734375 0.21640625 0.0234375 0.0484375
2 0.85078125 0.2953125 0.075 0.0609375
2 0.5 0.33828125 0.040625 0.0609375
2 0.46015625 0.30078125 0.0171875 0.0390625
2 0.79296875 0.10859375 0.021875 0.025
2 0.89375 0.18671875 0.0296875 0.0375
2 0.678125 0.24296875 0.0359375 0.040625
3 0.5875 0.65859375 0.2859375 0.2609375
0 0.1765625 0.31328125 0.353125 0.2703125
0 0.05625 0.18671875 0.1125 0.1515625