1 0.16640625 0.91171875 0.29375 0.171875
1 0.73828125 0.41015625 0.1390625 0.1171875
1 0.91796875 0.91171875 0.1625 0.171875
1 0.628125 0.90546875 0.30625 0.1859375
1 0.9734375 0.321875 0.0515625 0.075
1 0.36484375 0.28828125 0.10625 0.0796875
1 0.68984375 0.2109375 0.10625 0.0703125
1 0.45390625 0.2296875 0.0765625 0.0671875
1 0.20703125 0.24140625 0.0828125 0.06875
1 0.58203125 0.190625 0.084375 0.0640625
1 0.3953125 0.246875 0.09375 0.06875
1 0.56796875 0.28984375 0.1125 0.0953125
1 0.56484375 0.2390625 0.1 0.059375
1 0.8921875 0.09921875 0.04375 0.04375
1 0.32109375 0.2 0.05 0.05625
1 0.1625 0.11484375 0.0359375 0.0453125
1 0.68984375 0.07109375 0.025 0.0203125
1 0.96640625 0.134375 0.065625 0.06875
1 0.96953125 0.2796875 0.059375 0.0640625
2 0.20703125 0.28828125 0.04375 0.05
2 0.15859375 0.18671875 0.03125 0.040625
2 0.19765625 0.17890625 0.025 0.04375
3 0.73828125 0.278125 0.159375 0.1265625
3 0.59140625 0.665625 0.2890625 0.265625
0 0.05703125 0.2421875 0.1140625 0.225
0 0.83828125 0.2515625 0.1375 0.15625
0 0.3734375 0.03046875 0.053125 0.0609375