1 0.603125 0.0796875 0.0734375 0.0453125
1 0.67578125 0.31171875 0.1546875 0.1203125
1 0.8609375 0.04453125 0.090625 0.0515625
1 0.87734375 0.2 0.0890625 0.0890625
1 0.16875 0.37578125 0.090625 0.1078125
1 0.096875 0.33359375 0.08125 0.09375
1 0.56484375 0.32109375 0.14375 0.084375
1 0.97890625 0.609375 0.040625 0.1703125
1 0.91171875 0.3484375 0.175 0.115625
1 0.95078125 0.2890625 0.096875 0.0890625
1 0.93046875 0.453125 0.1375 0.1546875
1 0.334375 0.04921875 0.021875 0.028125
1 0.975 0.20859375 0.0484375 0.0796875
1 0.8546875 0.10625 0.09375 0.065625
1 0.96328125 0.17578125 0.071875 0.0703125
1 0.41484375 0.0703125 0.05 0.040625
1 0.27890625 0.225 0.075 0.06875
1 0.484375 0.12109375 0.071875 0.0359375
1 0.85859375 0.1453125 0.08125 0.06875
3 0.28671875 0.378125 0.18125 0.2453125
0 0.684375 0.20546875 0.328125 0.2265625
0 0.6703125 0.56953125 0.5953125 0.528125
0 0.14765625 0.25703125 0.18125 0.1625
0 0.03515625 0.278125 0.0703125 0.15
0 0.4515625 0.2234375 0.2671875 0.190625
0 0.340625 0.16015625 0.203125 0.13125
0 0.16484375 0.146875 0.1625 0.0984375
0 0.3859375 0.3359375 0.096875 0.10625
0 0.23359375 0.09375 0.1265625 0.0609375