1 0.9125 0.36640625 0.1734375 0.1484375
1 0.8796875 0.20546875 0.0890625 0.0890625
1 0.09921875 0.33125 0.08125 0.09375
1 0.496875 0.06953125 0.0609375 0.04375
1 0.72265625 0.35859375 0.1671875 0.0953125
1 0.67734375 0.30390625 0.15625 0.1
1 0.52265625 0.0859375 0.0671875 0.046875
1 0.81484375 0.08046875 0.09375 0.0546875
1 0.16953125 0.37578125 0.090625 0.1078125
1 0.9515625 0.296875 0.0953125 0.0953125
1 0.86328125 0.04921875 0.09375 0.05
1 0.9640625 0.61328125 0.0703125 0.1703125
1 0.66953125 0.0859375 0.08125 0.0390625
1 0.3359375 0.05 0.01875 0.0265625
1 0.86640625 0.121875 0.084375 0.05625
1 0.9640625 0.18359375 0.0703125 0.075
1 0.39140625 0.2796875 0.109375 0.078125
1 0.28359375 0.22578125 0.0703125 0.0671875
1 0.97578125 0.21328125 0.046875 0.08125
2 0.10234375 0.6546875 0.040625 0.0796875
3 0.2890625 0.3796875 0.1828125 0.240625
0 0.68671875 0.20703125 0.328125 0.2296875
0 0.671875 0.571875 0.59375 0.534375
0 0.45390625 0.22578125 0.26875 0.19375
0 0.15078125 0.26015625 0.1765625 0.1640625
0 0.03671875 0.278125 0.0734375 0.1484375
0 0.34453125 0.16328125 0.203125 0.134375
0 0.23671875 0.09453125 0.125 0.0640625
0 0.16640625 0.1484375 0.1625 0.1