1 0.95390625 0.09453125 0.090625 0.0703125
1 0.6765625 0.31328125 0.15625 0.11875
1 0.86328125 0.04609375 0.090625 0.0515625
1 0.54921875 0.31875 0.1453125 0.078125
1 0.87890625 0.2015625 0.0875 0.0890625
1 0.59140625 0.08359375 0.071875 0.034375
1 0.09765625 0.33203125 0.08125 0.090625
1 0.91328125 0.3640625 0.171875 0.146875
1 0.16953125 0.37578125 0.090625 0.1078125
1 0.43828125 0.0734375 0.05625 0.04375
1 0.8296875 0.39296875 0.1921875 0.1078125
1 0.97890625 0.61015625 0.040625 0.16875
1 0.2828125 0.2203125 0.0703125 0.05625
1 0.95078125 0.2953125 0.096875 0.0953125
1 0.9640625 0.18203125 0.0703125 0.075
1 0.8640625 0.1484375 0.0703125 0.0640625
1 0.97578125 0.209375 0.046875 0.08125
1 0.28203125 0.253125 0.0875 0.0546875
3 0.28828125 0.37890625 0.18125 0.24375
0 0.68515625 0.20625 0.328125 0.228125
0 0.67109375 0.57109375 0.59375 0.528125
0 0.45390625 0.2203125 0.2703125 0.18125
0 0.14765625 0.25859375 0.184375 0.165625
0 0.03671875 0.27890625 0.0734375 0.15
0 0.34140625 0.1609375 0.2 0.134375
0 0.2359375 0.09453125 0.125 0.0640625
0 0.3859375 0.3359375 0.09375 0.1015625
0 0.16796875 0.15 0.1625 0.1046875