1 0.83515625 0.36015625 0.090625 0.0609375
1 0.215625 0.33125 0.0921875 0.0546875
1 0.4703125 0.315625 0.084375 0.0546875
1 0.51796875 0.33125 0.096875 0.0546875
1 0.096875 0.346875 0.1 0.0609375
1 0.015625 0.321875 0.03125 0.0546875
1 0.31171875 0.31171875 0.084375 0.0609375
1 0.0734375 0.32578125 0.0828125 0.0515625
1 0.8296875 0.2546875 0.0453125 0.0359375
1 0.18203125 0.31640625 0.05625 0.0484375
1 0.71640625 0.23671875 0.015625 0.034375
1 0.71171875 0.4515625 0.1796875 0.1453125
1 0.7859375 0.26484375 0.0453125 0.0625