1 0.68984375 0.2203125 0.10625 0.0859375
1 0.53671875 0.91015625 0.271875 0.1765625
1 0.5828125 0.19375 0.0828125 0.065625
1 0.4828125 0.18828125 0.065625 0.0640625
1 0.08046875 0.8796875 0.1609375 0.234375
1 0.884375 0.82421875 0.2296875 0.196875
1 0.87890625 0.93828125 0.240625 0.1203125
1 0.96953125 0.28125 0.059375 0.0640625
1 0.1609375 0.11640625 0.040625 0.0453125
1 0.93515625 0.1390625 0.05625 0.0484375
1 0.97890625 0.1203125 0.040625 0.0453125
1 0.9734375 0.33828125 0.0515625 0.0984375
3 0.590625 0.66796875 0.2890625 0.265625
0 0.83671875 0.25390625 0.140625 0.15625
0 0.353125 0.05078125 0.0625 0.1015625