1 0.67734375 0.31484375 0.15625 0.11875
1 0.9125 0.36328125 0.1734375 0.1453125
1 0.8625 0.0484375 0.090625 0.0515625
1 0.09921875 0.34296875 0.08125 0.09375
1 0.87890625 0.2015625 0.0890625 0.0890625
1 0.2828125 0.2359375 0.0703125 0.071875
1 0.16953125 0.38515625 0.090625 0.1078125
1 0.34296875 0.08359375 0.046875 0.0375
1 0.39453125 0.3640625 0.1109375 0.14375
1 0.9640625 0.17890625 0.0703125 0.071875
1 0.48671875 0.128125 0.0671875 0.0375
1 0.9515625 0.28984375 0.0953125 0.090625
1 0.97578125 0.20703125 0.046875 0.08125
2 0.73671875 0.7953125 0.128125 0.16875
3 0.290625 0.38515625 0.1859375 0.2453125
0 0.70703125 0.6015625 0.584375 0.559375
0 0.6859375 0.209375 0.328125 0.2265625
0 0.45390625 0.22890625 0.271875 0.190625
0 0.15 0.26796875 0.178125 0.16875
0 0.03671875 0.28828125 0.0734375 0.1546875
0 0.16640625 0.15703125 0.1625 0.1
0 0.234375 0.10078125 0.128125 0.0609375
0 0.3421875 0.16953125 0.2015625 0.1359375