1 0.29296875 0.8984375 0.3578125 0.2
1 0.77734375 0.73515625 0.2265625 0.2703125
1 0.21171875 0.6453125 0.2625 0.184375
1 0.2984375 0.48515625 0.190625 0.178125
1 0.55625 0.70703125 0.228125 0.240625
1 0.44765625 0.6203125 0.2265625 0.21875
1 0.1609375 0.85390625 0.321875 0.278125
1 0.14140625 0.21796875 0.1078125 0.06875
1 0.56953125 0.153125 0.075 0.065625
1 0.71953125 0.1515625 0.075 0.0703125
1 0.66875 0.14609375 0.065625 0.0703125
1 0.92890625 0.14453125 0.075 0.078125
1 0.63125 0.13125 0.0484375 0.0515625
1 0.82734375 0.15625 0.0609375 0.0671875
1 0.88359375 0.125 0.0578125 0.0796875
1 0.771875 0.12109375 0.0359375 0.0640625
1 0.78515625 0.1484375 0.040625 0.075
1 0.9140625 0.084375 0.040625 0.0421875
1 0.93828125 0.09921875 0.034375 0.03125
1 0.9765625 0.109375 0.0453125 0.078125
1 0.95625 0.05390625 0.034375 0.040625
1 0.92109375 0.05703125 0.034375 0.0359375