1 0.67734375 0.31484375 0.1578125 0.11875
1 0.68828125 0.08359375 0.084375 0.0484375
1 0.9125 0.36328125 0.1734375 0.1453125
1 0.86328125 0.046875 0.0890625 0.0546875
1 0.87890625 0.2015625 0.0890625 0.0890625
1 0.09921875 0.340625 0.08125 0.09375
1 0.1703125 0.384375 0.090625 0.10625
1 0.96953125 0.60703125 0.059375 0.1703125
1 0.95078125 0.290625 0.096875 0.09375
1 0.9640625 0.17890625 0.0703125 0.06875
1 0.2828125 0.234375 0.0703125 0.071875
1 0.4875 0.12578125 0.065625 0.0375
1 0.97578125 0.20859375 0.046875 0.0796875
1 0.86484375 0.14921875 0.06875 0.0609375
2 0.28671875 0.86484375 0.0671875 0.1265625
2 0.33828125 0.5765625 0.0703125 0.1140625
3 0.290625 0.38515625 0.1859375 0.2453125
0 0.68046875 0.57578125 0.6 0.5296875
0 0.68515625 0.209375 0.328125 0.2265625
0 0.45390625 0.22890625 0.2703125 0.190625
0 0.03671875 0.2859375 0.0734375 0.1546875
0 0.15 0.26796875 0.178125 0.16875
0 0.1671875 0.15625 0.1625 0.0984375
0 0.34296875 0.16953125 0.2046875 0.1359375
0 0.38828125 0.3453125 0.0984375 0.109375
0 0.23671875 0.09921875 0.125 0.0609375