1 0.678125 0.165625 0.0828125 0.05625
1 0.4328125 0.91015625 0.278125 0.1765625
1 0.96953125 0.13046875 0.0296875 0.046875
1 0.9859375 0.09453125 0.0265625 0.0375
1 0.83046875 0.05078125 0.03125 0.0359375
1 0.7984375 0.01953125 0.028125 0.028125
1 0.11171875 0.20625 0.0609375 0.0609375
1 0.8765625 0.1484375 0.0703125 0.0484375
1 0.91640625 0.125 0.034375 0.046875
1 0.79453125 0.15625 0.078125 0.0578125
1 0.8453125 0.13359375 0.046875 0.0453125
1 0.7515625 0.13984375 0.0578125 0.053125
2 0.81328125 0.259375 0.028125 0.05625
2 0.675 0.25703125 0.0359375 0.0453125
2 0.490625 0.209375 0.03125 0.0375
2 0.428125 0.24609375 0.021875 0.0484375
2 0.3609375 0.38359375 0.046875 0.0546875
2 0.44375 0.21640625 0.0234375 0.0375
2 0.7390625 0.2609375 0.065625 0.059375
2 0.58984375 0.22109375 0.0265625 0.0359375
2 0.28359375 0.27109375 0.0125 0.0390625
2 0.81796875 0.2015625 0.028125 0.0375
3 0.5875 0.65859375 0.2859375 0.2609375
0 0.14140625 0.31796875 0.2828125 0.2484375
0 0.03984375 0.19375 0.078125 0.128125