1 0.37890625 0.7484375 0.1875 0.2109375
1 0.42109375 0.34296875 0.0875 0.0703125
1 0.95859375 0.3265625 0.08125 0.071875
1 0.36640625 0.16875 0.034375 0.025
1 0.02734375 0.33515625 0.034375 0.0515625
1 0.13515625 0.2140625 0.028125 0.028125
1 0.45234375 0.18046875 0.034375 0.03125
1 0.05703125 0.43046875 0.0671875 0.10625
1 0.5484375 0.19921875 0.0515625 0.0359375
1 0.09296875 0.24375 0.025 0.0359375
1 0.31875 0.190625 0.01875 0.0296875
1 0.03359375 0.29375 0.028125 0.04375
1 0.7359375 0.25546875 0.0828125 0.0515625
1 0.28046875 0.1734375 0.03125 0.025
1 0.20859375 0.18203125 0.01875 0.025
2 0.01796875 0.546875 0.025 0.0578125
2 0.04609375 0.58828125 0.021875 0.065625
0 0.39921875 0.55703125 0.334375 0.3515625
0 0.93125 0.52109375 0.1359375 0.2796875