1 0.16640625 0.91015625 0.29375 0.1765625
1 0.896875 0.909375 0.2046875 0.178125
1 0.59609375 0.9046875 0.3046875 0.1875
1 0.90234375 0.36796875 0.15 0.1171875
1 0.58359375 0.19140625 0.0828125 0.065625
1 0.23359375 0.25546875 0.096875 0.0703125
1 0.40859375 0.30078125 0.1015625 0.084375
1 0.11796875 0.23203125 0.0828125 0.065625
1 0.97578125 0.15546875 0.046875 0.0515625
1 0.6890625 0.20546875 0.10625 0.059375
1 0.31796875 0.23359375 0.0875 0.0671875
1 0.50078125 0.23359375 0.09375 0.0703125
1 0.97421875 0.321875 0.05 0.0703125
1 0.471875 0.265625 0.103125 0.084375
1 0.36796875 0.2109375 0.0703125 0.0640625
1 0.6890625 0.06640625 0.0265625 0.021875
1 0.11015625 0.13828125 0.059375 0.05
1 0.96953125 0.27890625 0.059375 0.0609375
2 0.17109375 0.290625 0.040625 0.0515625
2 0.12734375 0.17109375 0.0265625 0.0359375
3 0.58984375 0.66484375 0.2875 0.2625
3 0.703125 0.26796875 0.1546875 0.125
0 0.03359375 0.2609375 0.0671875 0.18125
0 0.83828125 0.24921875 0.140625 0.15
0 0.36484375 0.03359375 0.0546875 0.0671875