1 0.0796875 0.3703125 0.06875 0.0640625
1 0.60703125 0.59140625 0.16875 0.1578125
1 0.78828125 0.6890625 0.2109375 0.196875
1 0.56484375 0.21484375 0.05625 0.040625
1 0.26328125 0.3265625 0.0625 0.0609375
1 0.19140625 0.2703125 0.040625 0.0453125
1 0.12109375 0.26171875 0.0328125 0.04375
1 0.6640625 0.20078125 0.05625 0.0390625
1 0.37578125 0.2015625 0.046875 0.0328125
1 0.80390625 0.55078125 0.2140625 0.2140625
1 0.02265625 0.175 0.015625 0.0171875
1 0.55 0.18828125 0.05 0.03125
1 0.45390625 0.171875 0.0359375 0.0296875
1 0.93515625 0.253125 0.034375 0.04375
1 0.98359375 0.20625 0.03125 0.04375
1 0.36796875 0.1609375 0.034375 0.021875
1 0.05859375 0.21484375 0.025 0.0265625
1 0.06328125 0.16171875 0.046875 0.03125
1 0.06953125 0.228125 0.025 0.0296875
1 0.95703125 0.30625 0.084375 0.04375
1 0.284375 0.1640625 0.028125 0.028125
0 0.78671875 0.403125 0.425 0.271875