1 0.8375 0.69609375 0.2796875 0.2640625
1 0.7234375 0.175 0.1203125 0.0796875
1 0.57265625 0.44609375 0.178125 0.159375
1 0.91484375 0.15625 0.13125 0.090625
1 0.53046875 0.2234375 0.109375 0.090625
1 0.31484375 0.36328125 0.125 0.115625
1 0.7234375 0.2984375 0.1484375 0.1109375
1 0.84765625 0.03359375 0.096875 0.0515625
1 0.44765625 0.303125 0.13125 0.1140625
1 0.60234375 0.3515625 0.14375 0.1296875
1 0.940625 0.27890625 0.1171875 0.1015625
1 0.36015625 0.14609375 0.0703125 0.05625
1 0.18125 0.309375 0.0859375 0.1
1 0.32578125 0.278125 0.1015625 0.0890625
1 0.39140625 0.1203125 0.0671875 0.059375
1 0.51328125 0.11953125 0.0796875 0.065625
1 0.0546875 0.30625 0.0875 0.0765625
1 0.2390625 0.26484375 0.0796875 0.075
1 0.3875 0.23984375 0.084375 0.0796875
1 0.08671875 0.159375 0.0296875 0.0453125
1 0.07734375 0.11484375 0.034375 0.0375
1 0.2265625 0.13984375 0.053125 0.053125
1 0.171875 0.1390625 0.04375 0.0453125
1 0.50234375 0.153125 0.0828125 0.06875
1 0.4046875 0.0515625 0.046875 0.0375
1 0.07265625 0.221875 0.05 0.059375
1 0.17109375 0.24296875 0.0625 0.059375
1 0.7734375 0.38203125 0.1125 0.1546875
1 0.11640625 0.23671875 0.059375 0.059375
1 0.0453125 0.27109375 0.075 0.05625
0 0.89453125 0.49609375 0.209375 0.39375