1 0.953125 0.7390625 0.0921875 0.159375
1 0.61171875 0.303125 0.0875 0.0765625
1 0.50703125 0.4703125 0.153125 0.1078125
1 0.3046875 0.39296875 0.075 0.1
1 0.56953125 0.59921875 0.159375 0.1765625
1 0.72421875 0.46328125 0.1484375 0.11875
1 0.821875 0.24921875 0.05625 0.046875
1 0.52265625 0.3015625 0.06875 0.078125
1 0.8015625 0.76640625 0.278125 0.340625
1 0.23515625 0.425 0.078125 0.10625
1 0.1109375 0.24140625 0.0328125 0.0546875
1 0.56796875 0.38828125 0.1125 0.10625
1 0.64296875 0.18203125 0.040625 0.0359375
1 0.6375 0.84140625 0.23125 0.3140625
1 0.78984375 0.35546875 0.125 0.121875
1 0.92109375 0.565625 0.15625 0.1984375
1 0.4484375 0.23828125 0.059375 0.065625
1 0.96953125 0.41953125 0.059375 0.1171875
1 0.91328125 0.26015625 0.065625 0.0390625
1 0.215625 0.32421875 0.053125 0.0671875
1 0.64296875 0.21640625 0.04375 0.034375
1 0.74140625 0.25078125 0.059375 0.0390625
1 0.77890625 0.22578125 0.046875 0.0375
1 0.8078125 0.59453125 0.1765625 0.21875
1 0.5734375 0.16796875 0.028125 0.028125
0 0.67265625 0.075 0.090625 0.0390625
0 0.38046875 0.32109375 0.1953125 0.2140625