1 0.77734375 0.73671875 0.2265625 0.2703125
1 0.24453125 0.634375 0.25 0.1953125
1 0.02890625 0.79453125 0.0578125 0.1375
1 0.446875 0.621875 0.225 0.21875
1 0.55546875 0.709375 0.2265625 0.240625
1 0.1609375 0.85625 0.321875 0.2765625
1 0.29296875 0.89921875 0.35625 0.1984375
1 0.95546875 0.92109375 0.0875 0.1546875
1 0.515625 0.94296875 0.284375 0.1109375
1 0.5703125 0.15546875 0.0765625 0.0640625
1 0.71875 0.153125 0.075 0.071875
1 0.66953125 0.146875 0.065625 0.06875
1 0.62890625 0.13359375 0.046875 0.0484375
1 0.92734375 0.1453125 0.0765625 0.0796875
1 0.83125 0.15625 0.0625 0.071875
1 0.97265625 0.11953125 0.04375 0.075
1 0.88203125 0.12578125 0.065625 0.0765625
1 0.77265625 0.1296875 0.0390625 0.05625
1 0.79453125 0.146875 0.0671875 0.071875
1 0.91328125 0.08671875 0.040625 0.0390625
1 0.9203125 0.05703125 0.028125 0.0296875
1 0.953125 0.06015625 0.046875 0.053125