1 0.478125 0.29921875 0.0875 0.0546875
1 0.31875 0.296875 0.0859375 0.0609375
1 0.07890625 0.41875 0.134375 0.078125
1 0.08046875 0.3140625 0.0859375 0.0546875
1 0.18203125 0.31640625 0.09375 0.059375
1 0.83125 0.23359375 0.0546875 0.0375
1 0.03359375 0.453125 0.0671875 0.084375
1 0.01796875 0.3109375 0.0359375 0.053125
1 0.72265625 0.21640625 0.0171875 0.034375
1 0.896875 0.2265625 0.0546875 0.025
1 0.1984375 0.3 0.06875 0.0484375
1 0.71875 0.21640625 0.0375 0.034375
2 0.9796875 0.271875 0.025 0.0296875