1 0.8734375 0.896875 0.2515625 0.2015625
1 0.09609375 0.87578125 0.1921875 0.2234375
1 0.4375 0.88203125 0.246875 0.228125
1 0.56640625 0.11015625 0.084375 0.065625
1 0.71015625 0.30078125 0.1453125 0.1140625
1 0.20234375 0.1765625 0.0875 0.06875
1 0.36328125 0.16484375 0.09375 0.0671875
1 0.46640625 0.0890625 0.0703125 0.059375
1 0.87734375 0.21328125 0.125 0.0890625
1 0.69140625 0.20859375 0.1140625 0.0796875
1 0.67109375 0.12578125 0.090625 0.078125
1 0.41640625 0.13984375 0.075 0.06875
1 0.94921875 0.19375 0.1 0.0875
1 0.80703125 0.159375 0.096875 0.0703125
1 0.74140625 0.1796875 0.10625 0.078125
1 0.06484375 0.165625 0.08125 0.05625
1 0.17578125 0.11015625 0.075 0.04375
1 0.1203125 0.06796875 0.071875 0.05
1 0.05078125 0.13203125 0.0796875 0.0578125
1 0.39609375 0.071875 0.05625 0.05625
1 0.1671875 0.14140625 0.0765625 0.053125
1 0.01484375 0.08046875 0.0296875 0.0546875
1 0.35078125 0.05390625 0.046875 0.0484375
1 0.971875 0.034375 0.0546875 0.05
1 0.99453125 0.09375 0.009375 0.0359375
1 0.15390625 0.04375 0.0453125 0.0390625
2 0.06953125 0.57578125 0.0703125 0.096875
2 0.32890625 0.10859375 0.04375 0.04375
3 0.60234375 0.590625 0.2921875 0.2640625