1 0.040625 0.92109375 0.08125 0.1546875
1 0.684375 0.9046875 0.309375 0.1875
1 0.95546875 0.925 0.0875 0.146875
1 0.26796875 0.909375 0.2953125 0.178125
1 0.14453125 0.21640625 0.053125 0.0703125
1 0.02421875 0.32578125 0.0484375 0.09375
1 0.43046875 0.253125 0.096875 0.071875
1 0.953125 0.13515625 0.0546875 0.0515625
1 0.58203125 0.18359375 0.084375 0.059375
1 0.68984375 0.2046875 0.10625 0.06875
1 0.9734375 0.31640625 0.0515625 0.075
1 0.471875 0.2296875 0.09375 0.0671875
1 0.57421875 0.28828125 0.115625 0.090625
1 0.18359375 0.16640625 0.046875 0.05625
1 0.96953125 0.271875 0.059375 0.0640625
1 0.07109375 0.31796875 0.075 0.109375
1 0.5875 0.24296875 0.103125 0.0671875
1 0.32734375 0.2265625 0.096875 0.0796875
2 0.2140625 0.28203125 0.04375 0.05
2 0.2625 0.20859375 0.021875 0.05
2 0.2421875 0.18125 0.0203125 0.0375
2 0.46484375 0.134375 0.03125 0.03125
2 0.29609375 0.1765625 0.03125 0.0390625
2 0.35859375 0.1703125 0.021875 0.0296875
3 0.58828125 0.659375 0.2828125 0.259375
3 0.73828125 0.27109375 0.1609375 0.128125
0 0.11484375 0.15390625 0.1140625 0.134375
0 0.94921875 0.06953125 0.1 0.1203125
0 0.83828125 0.24609375 0.1375 0.15625
0 0.03671875 0.2140625 0.0734375 0.1390625