1 0.36796875 0.665625 0.0890625 0.125
1 0.51015625 0.68125 0.075 0.1296875
1 0.97265625 0.4234375 0.053125 0.046875
1 0.1015625 0.609375 0.071875 0.1078125
1 0.5140625 0.51796875 0.05625 0.075
1 0.42109375 0.6109375 0.0671875 0.1
1 0.93828125 0.5796875 0.1015625 0.096875
1 0.4140625 0.48359375 0.05625 0.0640625
1 0.8640625 0.59453125 0.146875 0.11875
1 0.1921875 0.6046875 0.084375 0.0984375
1 0.62734375 0.9765625 0.10625 0.04375
1 0.46328125 0.47890625 0.05625 0.06875
1 0.5234375 0.3859375 0.03125 0.0359375
1 0.35625 0.5390625 0.053125 0.075
1 0.0875 0.48984375 0.0828125 0.0546875
1 0.15390625 0.54921875 0.0625 0.071875
1 0.87265625 0.40078125 0.08125 0.04375
1 0.66796875 0.459375 0.04375 0.059375
1 0.63125 0.4453125 0.040625 0.0546875
1 0.84921875 0.42578125 0.0875 0.0453125
1 0.60234375 0.5046875 0.0421875 0.084375
1 0.190625 0.55859375 0.05 0.0546875
0 0.5921875 0.40625 0.08125 0.1140625
0 0.86484375 0.2890625 0.0265625 0.034375
0 0.65703125 0.3765625 0.040625 0.06875
0 0.68359375 0.68203125 0.171875 0.390625