1 0.44765625 0.33359375 0.0765625 0.0859375
1 0.67421875 0.5953125 0.14375 0.1453125
1 0.38125 0.38359375 0.084375 0.09375
1 0.77265625 0.85390625 0.225 0.25625
1 0.30078125 0.31796875 0.0734375 0.0796875
1 0.10546875 0.19375 0.06875 0.046875
1 0.49765625 0.14453125 0.0296875 0.0484375
1 0.3109375 0.2640625 0.0703125 0.0609375
1 0.21640625 0.2359375 0.0765625 0.05
1 0.58828125 0.08984375 0.021875 0.0359375
1 0.29296875 0.22109375 0.0734375 0.05
1 0.69609375 0.12109375 0.0703125 0.0546875
1 0.3734375 0.13203125 0.03125 0.0609375
1 0.4984375 0.0359375 0.028125 0.0234375
1 0.45859375 0.14140625 0.028125 0.0453125
1 0.78984375 0.271875 0.0546875 0.0703125
1 0.5640625 0.0234375 0.0125 0.009375
1 0.61484375 0.1953125 0.028125 0.0609375
1 0.34765625 0.0953125 0.028125 0.0359375
1 0.22109375 0.26875 0.06875 0.0625
1 0.01171875 0.203125 0.0234375 0.071875
1 0.05234375 0.22578125 0.078125 0.0515625
1 0.528125 0.02890625 0.0125 0.015625
1 0.10234375 0.24140625 0.071875 0.0578125
2 0.61640625 0.38828125 0.028125 0.0609375
2 0.2171875 0.390625 0.046875 0.0640625
2 0.93125 0.1484375 0.0234375 0.040625
2 0.16640625 0.48359375 0.05625 0.0859375
2 0.03046875 0.34296875 0.034375 0.0625
2 0.853125 0.15703125 0.040625 0.040625
2 0.178125 0.21015625 0.025 0.0359375
2 0.8015625 0.08671875 0.0140625 0.0296875
2 0.11953125 0.44921875 0.04375 0.06875
2 0.27265625 0.57109375 0.0625 0.0828125
2 0.5640625 0.159375 0.05 0.0671875
2 0.08828125 0.275 0.0203125 0.046875
0 0.6953125 0.23984375 0.1390625 0.1796875
0 0.9359375 0.4453125 0.1265625 0.265625
1 0.82421875 0.3640625 0.1015625 0.134375
2 0.0125 0.2671875 0.0171875 0.04375
2 0.0328125 0.27421875 0.025 0.0390625