1 0.97421875 0.45390625 0.05 0.0453125
1 0.58203125 0.65078125 0.0703125 0.10625
1 0.86640625 0.62578125 0.1484375 0.11875
1 0.5921875 0.5546875 0.053125 0.0796875
1 0.1953125 0.63671875 0.0875 0.1046875
1 0.10390625 0.64375 0.071875 0.109375
1 0.16796875 0.5234375 0.08125 0.0578125
1 0.9390625 0.61015625 0.10625 0.09375
1 0.61484375 0.50390625 0.04375 0.059375
1 0.721875 0.39609375 0.025 0.0328125
1 0.87421875 0.43359375 0.08125 0.040625
1 0.28515625 0.5109375 0.075 0.059375
1 0.6734375 0.478125 0.040625 0.0640625
1 0.35859375 0.57421875 0.05 0.078125
1 0.15546875 0.58515625 0.0609375 0.0703125
1 0.85390625 0.45390625 0.08125 0.040625
1 0.42890625 0.553125 0.0609375 0.06875
1 0.64375 0.43984375 0.03125 0.04375
1 0.4140625 0.51875 0.05 0.0625
1 0.0625 0.55390625 0.0875 0.0546875
2 0.13359375 0.77578125 0.0453125 0.0890625
0 0.3609375 0.74296875 0.3328125 0.378125
0 0.51953125 0.503125 0.10625 0.15625
0 0.2984375 0.92578125 0.2625 0.1453125