1 0.6390625 0.39609375 0.115625 0.0953125
1 0.28359375 0.3234375 0.065625 0.065625
1 0.50859375 0.3984375 0.10625 0.096875
1 0.12578125 0.29453125 0.040625 0.0484375
1 0.45078125 0.53046875 0.13125 0.125
1 0.05703125 0.2515625 0.034375 0.0515625
1 0.453125 0.16953125 0.034375 0.03125
1 0.134375 0.18046875 0.0234375 0.0171875
1 0.36640625 0.16015625 0.03125 0.025
1 0.24453125 0.2859375 0.05625 0.05
1 0.55 0.18828125 0.05 0.0359375
1 0.78671875 0.484375 0.13125 0.1015625
1 0.0375 0.2140625 0.025 0.025
1 0.61953125 0.1953125 0.0578125 0.0390625
1 0.20390625 0.21953125 0.0328125 0.0359375
1 0.88671875 0.5859375 0.225 0.228125
1 0.21015625 0.18359375 0.028125 0.0265625
1 0.29765625 0.184375 0.0125 0.0203125
1 0.28359375 0.16171875 0.03125 0.028125
2 0.23671875 0.8234375 0.0421875 0.1140625
2 0.28203125 0.9359375 0.115625 0.125
0 0.89921875 0.421875 0.2 0.240625
0 0.053125 0.159375 0.0359375 0.0328125