1 0.665625 0.67890625 0.1984375 0.153125
1 0.43203125 0.64609375 0.1375 0.234375
1 0.40390625 0.51484375 0.1171875 0.1375
1 0.2078125 0.83046875 0.18125 0.3015625
1 0.084375 0.44921875 0.1375 0.109375
1 0.6140625 0.109375 0.0234375 0.0265625
1 0.5546875 0.46328125 0.096875 0.1484375
1 0.69453125 0.33203125 0.075 0.0953125
1 0.19140625 0.21953125 0.0375 0.0453125
1 0.88984375 0.20390625 0.059375 0.040625
1 0.75546875 0.28046875 0.059375 0.065625
1 0.46328125 0.31796875 0.078125 0.06875
1 0.64453125 0.2609375 0.06875 0.059375
1 0.23046875 0.37421875 0.078125 0.0640625
1 0.72109375 0.14453125 0.046875 0.0296875
1 0.55859375 0.178125 0.05 0.0375
1 0.28828125 0.3234375 0.078125 0.0609375
1 0.84609375 0.15859375 0.053125 0.03125
1 0.57265625 0.3515625 0.0828125 0.096875
1 0.67109375 0.28515625 0.0578125 0.0671875
1 0.58984375 0.1859375 0.0609375 0.0390625
1 0.81015625 0.24375 0.0546875 0.0546875
1 0.5484375 0.31484375 0.075 0.075
1 0.46015625 0.1953125 0.059375 0.04375
1 0.97578125 0.31171875 0.046875 0.1015625
1 0.86171875 0.18046875 0.0515625 0.0359375
1 0.73515625 0.253125 0.059375 0.0578125
1 0.74609375 0.1703125 0.046875 0.0375
1 0.76640625 0.1859375 0.0625 0.0359375
0 0.20078125 0.5296875 0.36875 0.415625
0 0.21015625 0.17890625 0.1609375 0.0953125
0 0.96484375 0.21953125 0.06875 0.1390625
0 0.92265625 0.6546875 0.153125 0.1796875
0 0.2953125 0.1265625 0.0515625 0.0546875