1 0.25078125 0.63515625 0.1296875 0.159375
1 0.10546875 0.51015625 0.08125 0.10625
1 0.77109375 0.5296875 0.15625 0.1296875
1 0.40390625 0.22890625 0.0453125 0.0359375
1 0.44375 0.41015625 0.096875 0.084375
1 0.29453125 0.21875 0.0359375 0.0296875
1 0.02734375 0.42421875 0.0546875 0.0828125
1 0.66640625 0.43984375 0.1265625 0.1015625
1 0.58984375 0.46484375 0.1265625 0.1078125
1 0.50546875 0.38671875 0.0921875 0.08125
1 0.13515625 0.43828125 0.065625 0.0859375
1 0.4515625 0.2 0.034375 0.0296875
1 0.4890625 0.2546875 0.0578125 0.0390625
1 0.55078125 0.88359375 0.240625 0.2296875
1 0.89609375 0.6265625 0.1953125 0.1203125
1 0.54765625 0.22109375 0.0515625 0.0359375
1 0.95234375 0.6 0.09375 0.10625
1 0.02734375 0.22421875 0.0234375 0.0265625
1 0.35859375 0.2390625 0.046875 0.0296875
1 0.94453125 0.35625 0.109375 0.065625
1 0.79765625 0.31171875 0.0875 0.0609375
1 0.365625 0.18515625 0.0328125 0.021875
1 0.65 0.26796875 0.0625 0.046875
1 0.6140625 0.29140625 0.071875 0.05
1 0.22890625 0.215625 0.0296875 0.0171875
1 0.98515625 0.3359375 0.028125 0.04375
2 0.26015625 0.20703125 0.0125 0.0265625
0 0.80390625 0.78515625 0.390625 0.4265625
0 0.909375 0.465625 0.1796875 0.23125
0 0.07109375 0.365625 0.1421875 0.15
0 0.28984375 0.33046875 0.1734375 0.1390625
0 0.36484375 0.553125 0.4109375 0.409375
0 0.3765625 0.3203125 0.1765625 0.134375