1 0.4046875 0.61484375 0.1328125 0.2671875
1 0.22109375 0.89296875 0.190625 0.2109375
1 0.21328125 0.2765625 0.096875 0.0859375
1 0.0484375 0.21015625 0.040625 0.06875
1 0.9609375 0.1984375 0.0765625 0.0671875
1 0.4890625 0.171875 0.040625 0.05625
1 0.453125 0.0515625 0.01875 0.034375
1 0.4703125 0.2140625 0.046875 0.071875
1 0.41328125 0.14296875 0.03125 0.0453125
1 0.44296875 0.15546875 0.0390625 0.0640625
0 0.91484375 0.53046875 0.16875 0.53125
0 0.42421875 0.31328125 0.1015625 0.2078125
0 0.33828125 0.246875 0.1375 0.225