1 0.23828125 0.6484375 0.1296875 0.196875
1 0.66171875 0.353125 0.0625 0.090625
1 0.41875 0.48671875 0.090625 0.140625
1 0.04609375 0.26640625 0.040625 0.0671875
1 0.39140625 0.3515625 0.0625 0.096875
1 0.34140625 0.29453125 0.053125 0.078125
1 0.484375 0.2203125 0.0421875 0.059375
1 0.46796875 0.29453125 0.053125 0.0859375
1 0.95859375 0.2546875 0.08125 0.065625
1 0.41328125 0.2765625 0.046875 0.071875
1 0.434375 0.1984375 0.034375 0.05625
1 0.41484375 0.15859375 0.0296875 0.046875
1 0.97890625 0.309375 0.040625 0.1
1 0.4015625 0.240625 0.0390625 0.0671875
2 0.9296875 0.31171875 0.021875 0.0609375
0 0.22265625 0.36796875 0.190625 0.2609375