1 0.61015625 0.55859375 0.171875 0.165625
1 0.178125 0.21015625 0.028125 0.03125
1 0.3609375 0.28515625 0.053125 0.0515625
1 0.2375 0.35078125 0.0703125 0.0796875
1 0.47734375 0.296875 0.075 0.065625
1 0.04140625 0.23046875 0.025 0.0359375
1 0.71796875 0.45390625 0.140625 0.1046875
1 0.71171875 0.303125 0.075 0.05625
1 0.78828125 0.43828125 0.1 0.09375
1 0.978125 0.3765625 0.0421875 0.0546875
1 0.284375 0.32109375 0.06875 0.0859375
1 0.1421875 0.25546875 0.040625 0.0453125
1 0.11796875 0.27578125 0.0421875 0.0515625