1 0.16171875 0.453125 0.1671875 0.0984375
1 0.95234375 0.68359375 0.09375 0.1703125
1 0.47734375 0.3046875 0.0875 0.0546875
1 0.07890625 0.31953125 0.084375 0.0546875
1 0.01796875 0.315625 0.0359375 0.05625
1 0.90078125 0.4296875 0.121875 0.1078125
1 0.3171875 0.3015625 0.0859375 0.0625
1 0.63515625 0.40625 0.09375 0.0953125
1 0.18203125 0.3234375 0.09375 0.0578125
1 0.72265625 0.221875 0.0171875 0.034375
1 0.83359375 0.2359375 0.046875 0.0359375
1 0.1984375 0.29453125 0.0640625 0.025
0 0.025 0.5140625 0.05 0.2390625