1 0.80625 0.65859375 0.1734375 0.20625
1 0.04765625 0.53359375 0.0953125 0.1203125
1 0.30078125 0.3515625 0.0859375 0.078125
1 0.02890625 0.30859375 0.0578125 0.0671875
1 0.71171875 0.4703125 0.071875 0.15625
1 0.21640625 0.353125 0.0890625 0.071875
1 0.54765625 0.23828125 0.05625 0.0578125
1 0.2109375 0.1296875 0.03125 0.0265625
1 0.7640625 0.08203125 0.0203125 0.028125
1 0.97109375 0.44453125 0.05625 0.11875
1 0.971875 0.15546875 0.0546875 0.0453125
1 0.18984375 0.20859375 0.0328125 0.04375
1 0.97734375 0.125 0.04375 0.046875
1 0.45546875 0.24375 0.065625 0.065625
1 0.4578125 0.2046875 0.05625 0.0359375
3 0.66484375 0.2703125 0.075 0.115625
0 0.75078125 0.05390625 0.04375 0.075