1 0.0859375 0.73359375 0.171875 0.2515625
1 0.67578125 0.31796875 0.0875 0.1140625
1 0.35390625 0.253125 0.084375 0.09375
1 0.95859375 0.2265625 0.08125 0.0953125
1 0.07109375 0.50078125 0.1421875 0.2015625
1 0.7453125 0.15625 0.084375 0.084375
1 0.84765625 0.18671875 0.0703125 0.1046875
1 0.9796875 0.115625 0.0390625 0.090625
1 0.82109375 0.23984375 0.06875 0.10625
0 0.51875 0.18984375 0.284375 0.23125
0 0.13125 0.3203125 0.2625 0.2453125
0 0.60546875 0.43984375 0.184375 0.190625
0 0.68203125 0.6296875 0.634375 0.7375
3 0.890625 0.0984375 0.1078125 0.1296875
0 0.89453125 0.05625 0.1828125 0.1125
1 0.959375 0.08203125 0.0421875 0.05