1 0.040625 0.9203125 0.08125 0.15625
1 0.68515625 0.9046875 0.309375 0.1875
1 0.95546875 0.925 0.0875 0.146875
1 0.025 0.3953125 0.05 0.0984375
1 0.26953125 0.88359375 0.2953125 0.2296875
1 0.5828125 0.18203125 0.0828125 0.05625
1 0.12578125 0.21484375 0.0578125 0.0703125
1 0.43125 0.2515625 0.0984375 0.0703125
1 0.68984375 0.2046875 0.10625 0.06875
1 0.471875 0.2296875 0.096875 0.0671875
1 0.97421875 0.31640625 0.05 0.075
1 0.96953125 0.271875 0.059375 0.0640625
1 0.98203125 0.09140625 0.034375 0.0390625
1 0.575 0.2859375 0.1125 0.090625
1 0.89453125 0.1109375 0.040625 0.0453125
1 0.9828125 0.1546875 0.0328125 0.04375
1 0.37890625 0.20546875 0.0546875 0.059375
1 0.58828125 0.24140625 0.103125 0.06875
1 0.03828125 0.2734375 0.071875 0.109375
1 0.87890625 0.06015625 0.034375 0.0359375
1 0.953125 0.11875 0.05 0.0453125
2 0.21484375 0.28125 0.04375 0.0484375
2 0.2671875 0.203125 0.028125 0.0546875
2 0.46640625 0.134375 0.03125 0.03125
2 0.3046875 0.17578125 0.03125 0.040625
3 0.58984375 0.65859375 0.2859375 0.2609375
3 0.7390625 0.2703125 0.159375 0.1296875
0 0.07421875 0.17890625 0.1484375 0.1578125
0 0.815625 0.23984375 0.1359375 0.1546875
0 0.30078125 0.0296875 0.05625 0.059375
0 0.18125 0.10625 0.115625 0.125