1 0.83046875 0.43359375 0.1625 0.115625
1 0.5265625 0.6453125 0.2 0.2015625
1 0.1171875 0.26015625 0.0625 0.046875
1 0.26171875 0.25390625 0.0609375 0.0484375
1 0.05 0.46171875 0.1 0.146875
1 0.53046875 0.315625 0.09375 0.071875
1 0.14921875 0.8109375 0.1859375 0.25625
1 0.04140625 0.2046875 0.0515625 0.0546875
1 0.48671875 0.371875 0.1140625 0.1
1 0.49765625 0.01796875 0.0421875 0.0171875
1 0.0953125 0.87578125 0.190625 0.2453125
1 0.82734375 0.02578125 0.0375 0.0109375
1 0.8984375 0.0203125 0.034375 0.01875
1 0.0109375 0.34609375 0.021875 0.075