1 0.97421875 0.1640625 0.05 0.1015625
1 0.53125 0.4453125 0.1875 0.190625
1 0.90390625 0.4609375 0.175 0.2265625
1 0.36328125 0.19453125 0.1171875 0.1109375
1 0.04453125 0.375 0.0890625 0.109375
1 0.71015625 0.06640625 0.0875 0.075
1 0.98671875 0.04375 0.025 0.071875
1 0.19765625 0.36015625 0.178125 0.1796875
1 0.98515625 0.646875 0.028125 0.128125
1 0.60703125 0.14921875 0.10625 0.0953125
1 0.56328125 0.128125 0.090625 0.0890625
1 0.66953125 0.13515625 0.0859375 0.0671875
1 0.52109375 0.1140625 0.065625 0.0796875