1 0.05546875 0.42421875 0.096875 0.115625
1 0.97578125 0.6 0.046875 0.1671875
1 0.26953125 0.34375 0.1046875 0.1015625
1 0.38984375 0.284375 0.1171875 0.0859375
1 0.6109375 0.33984375 0.1375 0.0875
1 0.58984375 0.17109375 0.096875 0.06875
1 0.01328125 0.34375 0.0265625 0.0765625
1 0.72265625 0.82109375 0.265625 0.3546875
1 0.86796875 0.1953125 0.128125 0.090625
1 0.83984375 0.4109375 0.221875 0.196875
1 0.97578125 0.2046875 0.046875 0.1015625
1 0.95234375 0.10390625 0.09375 0.075
1 0.72109375 0.18125 0.1125 0.08125
1 0.053125 0.28515625 0.0375 0.0640625
1 0.6859375 0.14453125 0.075 0.075
1 0.79921875 0.49140625 0.1796875 0.23125
1 0.9625 0.1703125 0.0734375 0.08125
1 0.31484375 0.15 0.0546875 0.059375
1 0.56328125 0.07578125 0.0671875 0.05625
1 0.565625 0.13046875 0.0671875 0.05625
1 0.821875 0.15859375 0.090625 0.06875
1 0.13828125 0.1859375 0.05625 0.0359375
1 0.58359375 0.09296875 0.078125 0.0515625
3 0.25625 0.17578125 0.0984375 0.121875
0 0.56328125 0.50625 0.49375 0.415625
0 0.440625 0.128125 0.196875 0.1296875
0 0.14921875 0.2796875 0.1828125 0.1703125
0 0.915625 0.0546875 0.1671875 0.109375
0 0.35390625 0.05859375 0.11875 0.0796875
0 0.1171875 0.07578125 0.071875 0.05625