1 0.67734375 0.31484375 0.1578125 0.11875
1 0.9125 0.36328125 0.1734375 0.1453125
1 0.878125 0.2015625 0.090625 0.0890625
1 0.96640625 0.60703125 0.065625 0.1703125
1 0.09921875 0.34140625 0.08125 0.090625
1 0.1703125 0.38515625 0.090625 0.1078125
1 0.853125 0.09921875 0.0875 0.065625
1 0.9515625 0.290625 0.0953125 0.09375
1 0.9640625 0.18046875 0.0703125 0.0765625
1 0.41953125 0.1 0.05625 0.040625
1 0.2828125 0.234375 0.0703125 0.071875
1 0.85390625 0.0484375 0.0703125 0.0515625
1 0.97578125 0.20859375 0.046875 0.0796875
2 0.24921875 0.5296875 0.0625 0.1
2 0.21875 0.77578125 0.053125 0.1109375
3 0.28984375 0.38515625 0.184375 0.2453125
0 0.6859375 0.209375 0.328125 0.2265625
0 0.67578125 0.57421875 0.596875 0.5265625
0 0.453125 0.22890625 0.271875 0.190625
0 0.15 0.26796875 0.178125 0.16875
0 0.03671875 0.2890625 0.0734375 0.1515625
0 0.16640625 0.15703125 0.1625 0.1
0 0.2359375 0.1 0.1265625 0.0640625
0 0.340625 0.16953125 0.2 0.1359375
0 0.39140625 0.34296875 0.1046875 0.1046875