1 0.06640625 0.57578125 0.1328125 0.134375
1 0.84609375 0.528125 0.0875 0.125
1 0.36328125 0.51484375 0.1296875 0.121875
1 0.25546875 0.40703125 0.0953125 0.078125
1 0.74921875 0.45859375 0.09375 0.1140625
1 0.890625 0.18125 0.015625 0.021875
1 0.1625 0.39453125 0.0609375 0.0640625
1 0.91640625 0.27421875 0.0375 0.0515625
1 0.915625 0.22890625 0.028125 0.0359375
1 0.52109375 0.296875 0.05 0.046875
1 0.56328125 0.28359375 0.04375 0.0453125
1 0.96484375 0.36796875 0.021875 0.0390625
1 0.40234375 0.34296875 0.071875 0.0671875