1 0.2265625 0.69375 0.2125 0.209375
1 0.2609375 0.41328125 0.09375 0.078125
1 0.7 0.44375 0.0859375 0.090625
1 0.95 0.22109375 0.021875 0.028125
1 0.81015625 0.45625 0.06875 0.0984375
1 0.86875 0.33515625 0.046875 0.0625
1 0.92421875 0.27890625 0.034375 0.046875
1 0.91875 0.38359375 0.0546875 0.078125
1 0.16953125 0.3984375 0.059375 0.0640625
1 0.98671875 0.240625 0.025 0.040625
1 0.08984375 0.5140625 0.128125 0.128125
1 0.8234375 0.23984375 0.028125 0.046875
1 0.52578125 0.3046875 0.05 0.046875
1 0.40703125 0.3484375 0.0703125 0.0671875
1 0.47421875 0.30859375 0.015625 0.025
1 0.6390625 0.26171875 0.0359375 0.0390625
1 0.60546875 0.275 0.040625 0.04375
1 0.50078125 0.29140625 0.01875 0.03125