1 0.47109375 0.2859375 0.0890625 0.0546875
1 0.11640625 0.31015625 0.0890625 0.05625
1 0.59453125 0.28828125 0.0875 0.0546875
1 0.95390625 0.34453125 0.090625 0.075
1 0.2328125 0.33203125 0.103125 0.065625
1 0.3265625 0.975 0.184375 0.046875
1 0.82421875 0.21484375 0.05625 0.0375
1 0.3125 0.2859375 0.0859375 0.0609375
1 0.021875 0.346875 0.04375 0.06875
1 0.88984375 0.20859375 0.053125 0.025
1 0.72109375 0.20078125 0.025 0.03125
1 0.23828125 0.2984375 0.071875 0.0484375
1 0.77265625 0.19453125 0.0390625 0.040625
2 0.39453125 0.27109375 0.03125 0.0359375
2 0.04296875 0.25859375 0.025 0.0390625
0 0.82890625 0.29609375 0.3375 0.1296875