1 0.03828125 0.92109375 0.0765625 0.1515625
1 0.684375 0.9046875 0.309375 0.1875
1 0.95390625 0.92421875 0.090625 0.1484375
1 0.26796875 0.9109375 0.2953125 0.175
1 0.68984375 0.20390625 0.10625 0.0703125
1 0.58203125 0.18359375 0.084375 0.059375
1 0.93203125 0.1234375 0.05 0.05
1 0.43046875 0.2515625 0.096875 0.0703125
1 0.04140625 0.3453125 0.0828125 0.1203125
1 0.96953125 0.271875 0.059375 0.0640625
1 0.575 0.28671875 0.1140625 0.09375
1 0.471875 0.2296875 0.09375 0.0671875
1 0.9734375 0.31640625 0.0515625 0.075
1 0.13359375 0.23125 0.053125 0.075
1 0.1734375 0.178125 0.0484375 0.059375
1 0.32734375 0.2265625 0.096875 0.0796875
1 0.5875 0.24296875 0.103125 0.0671875
1 0.3796875 0.20546875 0.053125 0.059375
2 0.2609375 0.209375 0.01875 0.0484375
2 0.2140625 0.28125 0.04375 0.0484375
2 0.46484375 0.13359375 0.03125 0.034375
2 0.23828125 0.18359375 0.01875 0.040625
2 0.29296875 0.1765625 0.0328125 0.0390625
2 0.35859375 0.16875 0.021875 0.0296875
2 0.3265625 0.171875 0.0234375 0.034375
3 0.590625 0.65859375 0.2875 0.2609375
3 0.73828125 0.27109375 0.1609375 0.128125
0 0.1234375 0.14609375 0.146875 0.159375
0 0.83828125 0.24609375 0.1375 0.15625
0 0.03359375 0.22109375 0.0671875 0.1453125
0 0.94453125 0.06328125 0.109375 0.121875