1 0.90859375 0.209375 0.1015625 0.075
1 0.63125 0.30390625 0.128125 0.096875
1 0.22890625 0.3359375 0.1359375 0.1140625
1 0.384375 0.2546875 0.109375 0.084375
1 0.81484375 0.278125 0.11875 0.0890625
1 0.321875 0.1796875 0.0875 0.0640625
1 0.13359375 0.19453125 0.1 0.0453125
1 0.128125 0.225 0.0921875 0.06875
1 0.78828125 0.1234375 0.028125 0.046875
1 0.94765625 0.06015625 0.05625 0.046875
1 0.53828125 0.16171875 0.0578125 0.0609375
1 0.771875 0.18828125 0.06875 0.0640625
1 0.23359375 0.11875 0.0375 0.0453125
1 0.8984375 0.0140625 0.0265625 0.028125
1 0.93828125 0.0265625 0.0375 0.03125
3 0.58828125 0.6390625 0.2828125 0.2640625
0 0.6625 0.1453125 0.2296875 0.1359375
0 0.25625 0.04375 0.0875 0.0859375