1 0.6765625 0.31484375 0.15625 0.11875
1 0.91171875 0.36484375 0.175 0.1453125
1 0.8625 0.0484375 0.090625 0.0515625
1 0.728125 0.0796875 0.090625 0.0453125
1 0.87890625 0.20390625 0.0890625 0.0890625
1 0.9640625 0.61015625 0.0703125 0.171875
1 0.16953125 0.37890625 0.090625 0.10625
1 0.95078125 0.29375 0.096875 0.0953125
1 0.09765625 0.33671875 0.08125 0.09375
1 0.96328125 0.18046875 0.071875 0.071875
1 0.975 0.209375 0.0484375 0.08125
1 0.33359375 0.05390625 0.0171875 0.0265625
1 0.48515625 0.125 0.071875 0.0390625
1 0.28203125 0.23046875 0.071875 0.071875
1 0.86328125 0.1484375 0.06875 0.0640625
3 0.28828125 0.38046875 0.1828125 0.246875
0 0.68515625 0.20859375 0.328125 0.228125
0 0.67109375 0.571875 0.59375 0.5296875
0 0.453125 0.2265625 0.26875 0.190625
0 0.14921875 0.26328125 0.178125 0.165625
0 0.0359375 0.28046875 0.071875 0.1546875
0 0.33984375 0.165625 0.2 0.1359375
0 0.23515625 0.096875 0.125 0.0609375
0 0.1671875 0.153125 0.1625 0.1015625
0 0.3890625 0.3390625 0.1015625 0.1046875
0 0.74609375 0.03203125 0.08125 0.0609375