1 0.559375 0.41953125 0.1171875 0.1015625
1 0.4578125 0.34375 0.0875 0.0765625
1 0.68046875 0.6265625 0.184375 0.171875
1 0.65 0.196875 0.05625 0.0390625
1 0.271875 0.325 0.0640625 0.065625
1 0.340625 0.19296875 0.0375 0.034375
1 0.26328125 0.440625 0.090625 0.0859375
1 0.2234375 0.18828125 0.028125 0.025
1 0.45390625 0.17109375 0.034375 0.03125
1 0.13671875 0.27890625 0.0375 0.04375
1 0.0640625 0.24296875 0.0265625 0.034375
1 0.0765625 0.2015625 0.025 0.025
1 0.0296875 0.21796875 0.025 0.0359375
1 0.36796875 0.16015625 0.034375 0.025
1 0.55 0.18828125 0.05 0.0359375
1 0.98125 0.78203125 0.0359375 0.13125
1 0.128125 0.2453125 0.03125 0.0359375
2 0.0734375 0.6890625 0.0625 0.1375
2 0.0703125 0.596875 0.021875 0.05
0 0.89453125 0.4203125 0.209375 0.240625