1 0.10703125 0.3390625 0.09375 0.075
1 0.03515625 0.35546875 0.0703125 0.0703125
1 0.01484375 0.31171875 0.0296875 0.046875
1 0.98671875 0.521875 0.025 0.05625
1 0.32578125 0.16640625 0.046875 0.040625
1 0.61171875 0.13203125 0.0359375 0.0359375
1 0.21640625 0.1296875 0.0328125 0.0265625
1 0.9734375 0.44921875 0.0453125 0.084375
1 0.43984375 0.20859375 0.034375 0.05
1 0.97421875 0.1546875 0.05 0.05
1 0.37578125 0.18125 0.03125 0.0515625
1 0.27578125 0.1515625 0.009375 0.021875
3 0.66953125 0.26953125 0.075 0.1203125
0 0.76640625 0.0796875 0.0578125 0.078125
0 0.23046875 0.08671875 0.040625 0.0484375
0 0.66484375 0.08203125 0.059375 0.06875