1 0.77421875 0.58515625 0.13125 0.2078125
1 0.05390625 0.46484375 0.1078125 0.1015625
1 0.1984375 0.2390625 0.0640625 0.0515625
1 0.97265625 0.45 0.053125 0.11875
1 0.05546875 0.528125 0.109375 0.1078125
1 0.53359375 0.1953125 0.0484375 0.046875
1 0.971875 0.1515625 0.0546875 0.0453125
1 0.50078125 0.2359375 0.075 0.06875
1 0.42265625 0.340625 0.0703125 0.1046875
1 0.21015625 0.125 0.03125 0.028125
1 0.04453125 0.26953125 0.0671875 0.0765625
1 0.77265625 0.05390625 0.015625 0.021875
1 0.34765625 0.646875 0.065625 0.1015625
1 0.3296875 0.27890625 0.0828125 0.071875
1 0.00546875 0.39609375 0.0109375 0.0640625
3 0.66484375 0.2640625 0.075 0.1203125
0 0.3546875 0.115625 0.103125 0.1015625