1 0.43359375 0.41015625 0.15625 0.090625
1 0.77890625 0.79296875 0.246875 0.215625
1 0.965625 0.36015625 0.0671875 0.06875
1 0.08515625 0.3109375 0.084375 0.0515625
1 0.48203125 0.296875 0.0875 0.0546875
1 0.02109375 0.30703125 0.0421875 0.0546875
1 0.32265625 0.29453125 0.084375 0.0625
1 0.18671875 0.3140625 0.09375 0.05625
1 0.8359375 0.23203125 0.05625 0.0359375
1 0.90234375 0.225 0.0546875 0.025
1 0.728125 0.215625 0.0171875 0.03125
1 0.20859375 0.2859375 0.0703125 0.028125
1 0.76015625 0.28046875 0.071875 0.04375