1 0.67734375 0.31484375 0.15625 0.11875
1 0.9125 0.36328125 0.1734375 0.1484375
1 0.09921875 0.340625 0.08125 0.09375
1 0.8796875 0.20078125 0.0890625 0.090625
1 0.28359375 0.234375 0.071875 0.071875
1 0.96484375 0.60703125 0.06875 0.1703125
1 0.17109375 0.38359375 0.090625 0.1078125
1 0.86015625 0.0484375 0.096875 0.0515625
1 0.9640625 0.18046875 0.0703125 0.071875
1 0.3421875 0.09296875 0.053125 0.040625
1 0.48515625 0.1265625 0.06875 0.0390625
1 0.97578125 0.20859375 0.046875 0.0796875
1 0.95078125 0.29140625 0.096875 0.0953125
2 0.54453125 0.06328125 0.01875 0.034375
3 0.2890625 0.384375 0.1828125 0.2421875
0 0.6859375 0.209375 0.328125 0.2265625
0 0.67265625 0.571875 0.5953125 0.5265625
0 0.45390625 0.22890625 0.2703125 0.190625
0 0.15 0.26640625 0.178125 0.1703125
0 0.03671875 0.2875 0.0734375 0.15
0 0.34375 0.16875 0.2046875 0.134375
0 0.23671875 0.1 0.125 0.0640625
0 0.16796875 0.15625 0.1625 0.0984375
0 0.390625 0.33828125 0.103125 0.09375