1 0.64375 0.19609375 0.05625 0.040625
1 0.33046875 0.34140625 0.075 0.071875
1 0.30625 0.4609375 0.0984375 0.096875
1 0.51953125 0.3609375 0.096875 0.08125
1 0.6375 0.44453125 0.13125 0.1109375
1 0.36796875 0.16015625 0.034375 0.025
1 0.77109375 0.6734375 0.209375 0.190625
1 0.04375 0.22421875 0.028125 0.040625
1 0.30078125 0.1890625 0.034375 0.034375
1 0.075 0.2515625 0.025 0.0375
1 0.10546875 0.2046875 0.0265625 0.028125
1 0.55 0.18828125 0.05 0.0359375
1 0.16484375 0.2890625 0.040625 0.0484375
1 0.453125 0.16953125 0.034375 0.03125
1 0.14765625 0.25625 0.0375 0.0390625
1 0.19765625 0.18515625 0.0296875 0.021875
1 0.06015625 0.16328125 0.0375 0.0296875
1 0.440625 0.19453125 0.0171875 0.0265625
1 0.28359375 0.16171875 0.03125 0.028125
2 0.115625 0.75078125 0.06875 0.1609375
2 0.10859375 0.640625 0.0296875 0.059375
0 0.8984375 0.421875 0.2015625 0.240625