1 0.753125 0.26328125 0.109375 0.078125
1 0.88203125 0.290625 0.10625 0.0953125
1 0.3765625 0.4265625 0.15 0.13125
1 0.621875 0.3515625 0.13125 0.115625
1 0.0328125 0.57890625 0.065625 0.1203125
1 0.16640625 0.36796875 0.13125 0.0984375
1 0.140625 0.196875 0.09375 0.0578125
1 0.9671875 0.23203125 0.0640625 0.071875
1 0.54921875 0.30703125 0.121875 0.0953125
1 0.065625 0.23359375 0.1 0.0625
1 0.0484375 0.30625 0.096875 0.090625
1 0.15859375 0.42578125 0.14375 0.121875
1 0.49921875 0.203125 0.09375 0.065625
1 0.5578125 0.25546875 0.1171875 0.075
1 0.38359375 0.35546875 0.134375 0.1046875
1 0.5421875 0.16640625 0.0859375 0.0515625
1 0.603125 0.14375 0.05625 0.053125
1 0.34921875 0.28203125 0.1171875 0.1171875
1 0.31171875 0.175 0.08125 0.0609375
1 0.34375 0.1984375 0.0984375 0.0640625
1 0.01171875 0.4796875 0.0234375 0.1
1 0.70859375 0.18125 0.071875 0.0703125
1 0.465625 0.15390625 0.0734375 0.0640625
2 0.15625 0.85859375 0.103125 0.109375
2 0.45234375 0.24921875 0.0421875 0.0546875
2 0.65390625 0.18359375 0.034375 0.059375
2 0.11953125 0.34453125 0.05 0.0484375
3 0.59140625 0.64609375 0.29375 0.2640625
0 0.76015625 0.1234375 0.2640625 0.125
0 0.92578125 0.04296875 0.115625 0.0859375
0 0.93203125 0.16171875 0.134375 0.15
0 0.253125 0.04609375 0.090625 0.0921875
0 0.896875 0.13828125 0.121875 0.1203125