1 0.0984375 0.8 0.196875 0.184375
1 0.43828125 0.89453125 0.275 0.2078125
1 0.809375 0.70859375 0.246875 0.2015625
1 0.18515625 0.31328125 0.1078125 0.08125
1 0.0953125 0.259375 0.0875 0.05625
1 0.4578125 0.71640625 0.2203125 0.2078125
1 0.9015625 0.165625 0.078125 0.05
1 0.16171875 0.18515625 0.053125 0.0453125
1 0.71328125 0.39296875 0.075 0.1078125
1 0.953125 0.48203125 0.05 0.065625
1 0.63984375 0.1640625 0.0703125 0.0578125
1 0.20234375 0.22421875 0.05625 0.0484375
1 0.2609375 0.2234375 0.075 0.05
1 0.34609375 0.20546875 0.075 0.0515625
1 0.66796875 0.25625 0.075 0.1015625
1 0.98515625 0.1515625 0.028125 0.0328125
1 0.9890625 0.91015625 0.0203125 0.125
1 0.71953125 0.51875 0.096875 0.1859375
0 0.91171875 0.125 0.175 0.1015625