1 0.78515625 0.59609375 0.1390625 0.2109375
1 0.08984375 0.440625 0.109375 0.096875
1 0.17890625 0.24609375 0.06875 0.059375
1 0.02734375 0.2796875 0.0546875 0.078125
1 0.665625 0.26484375 0.0734375 0.115625
1 0.51796875 0.22578125 0.0703125 0.0671875
1 0.77421875 0.0515625 0.015625 0.021875
1 0.984375 0.409375 0.0296875 0.0375
1 0.971875 0.446875 0.0546875 0.1171875
1 0.971875 0.15078125 0.0546875 0.04375
1 0.2109375 0.125 0.0328125 0.028125
1 0.34921875 0.26875 0.078125 0.0703125
1 0.4375 0.32578125 0.065625 0.1
2 0.36953125 0.609375 0.0625 0.0890625
0 0.34609375 0.121875 0.10625 0.1078125