1 0.03984375 0.92109375 0.078125 0.1546875
1 0.71328125 0.90546875 0.309375 0.1859375
1 0.8234375 0.246875 0.1140625 0.084375
1 0.2671875 0.8984375 0.2953125 0.2
1 0.6765625 0.2109375 0.10625 0.0859375
1 0.53515625 0.178125 0.078125 0.0640625
1 0.4296875 0.25390625 0.096875 0.075
1 0.0296875 0.38671875 0.059375 0.115625
1 0.04765625 0.27109375 0.084375 0.084375
1 0.96875 0.27421875 0.0609375 0.0640625
1 0.47578125 0.23125 0.0859375 0.0671875
1 0.09375 0.14140625 0.0546875 0.04375
1 0.1796875 0.20859375 0.0578125 0.065625
1 0.10546875 0.18203125 0.059375 0.06875
1 0.57421875 0.28828125 0.1140625 0.09375
1 0.02890625 0.253125 0.0578125 0.078125
1 0.59453125 0.25390625 0.1046875 0.0859375
1 0.32578125 0.2265625 0.09375 0.0796875
1 0.22265625 0.15703125 0.0484375 0.059375
1 0.94765625 0.13828125 0.053125 0.05
1 0.97265625 0.31875 0.053125 0.075
1 0.3796875 0.20625 0.0515625 0.0609375
2 0.4640625 0.1359375 0.03125 0.0359375
2 0.21328125 0.28203125 0.04375 0.05
2 0.265625 0.20625 0.03125 0.0546875
2 0.03046875 0.15859375 0.015625 0.0390625
2 0.89921875 0.146875 0.021875 0.0390625
3 0.58671875 0.66015625 0.28125 0.2609375
0 0.278125 0.0859375 0.090625 0.1171875
0 0.24765625 0.06015625 0.08125 0.0953125