1 0.0890625 0.88671875 0.178125 0.221875
1 0.425 0.47890625 0.090625 0.15
1 0.33046875 0.4140625 0.078125 0.13125
1 0.43359375 0.3015625 0.065625 0.1046875
1 0.484375 0.23046875 0.053125 0.0953125
1 0.1484375 0.26640625 0.109375 0.08125
1 0.04921875 0.2140625 0.040625 0.065625
1 0.9609375 0.2015625 0.0765625 0.0671875
1 0.42109375 0.11015625 0.0296875 0.04375
1 0.3140625 0.225 0.0546875 0.0796875
2 0.79453125 0.153125 0.0109375 0.028125
0 0.91640625 0.53359375 0.165625 0.5296875
0 0.38359375 0.17109375 0.0703125 0.1546875