1 0.74765625 0.61640625 0.171875 0.1921875
1 0.60078125 0.1609375 0.0515625 0.0484375
1 0.42734375 0.315625 0.075 0.084375
1 0.10859375 0.53046875 0.0984375 0.10625
1 0.96796875 0.32109375 0.0625 0.1171875
1 0.734375 0.1203125 0.0546875 0.0453125
1 0.8609375 0.2296875 0.08125 0.0890625
1 0.92578125 0.26484375 0.103125 0.1
1 0.45546875 0.0734375 0.046875 0.0390625
1 0.8875 0.01328125 0.040625 0.0265625
1 0.03203125 0.21328125 0.0640625 0.0546875
3 0.359375 0.596875 0.384375 0.45
3 0.11015625 0.1734375 0.103125 0.1171875
0 0.1796875 0.12890625 0.1578125 0.1140625
0 0.05234375 0.16484375 0.1046875 0.0796875