1 0.73046875 0.84609375 0.125 0.21875
1 0.6265625 0.53359375 0.0640625 0.10625
1 0.09453125 0.571875 0.0734375 0.1109375
1 0.49765625 0.484375 0.0515625 0.0796875
1 0.96953125 0.38828125 0.059375 0.046875
1 0.18671875 0.56171875 0.0859375 0.1140625
1 0.85703125 0.559375 0.1453125 0.11875
1 0.9265625 0.54375 0.1125 0.09375
1 0.40234375 0.48515625 0.0703125 0.0703125
1 0.67265625 0.38671875 0.0359375 0.0484375
1 0.5625 0.3953125 0.05 0.0578125
1 0.5171875 0.35 0.0328125 0.0328125
1 0.140625 0.4515625 0.0875 0.05625
1 0.94765625 0.2953125 0.021875 0.0234375
1 0.40859375 0.44375 0.0515625 0.0546875
1 0.84296875 0.3890625 0.090625 0.0453125
1 0.14921875 0.5140625 0.065625 0.071875
1 0.03515625 0.45546875 0.0578125 0.0515625
1 0.86640625 0.36484375 0.08125 0.040625
1 0.33515625 0.521875 0.1046875 0.1453125
0 0.6453125 0.346875 0.0625 0.0859375
0 0.775 0.30546875 0.05 0.0671875
1 0.740625 0.353125 0.028125 0.04375
1 0.7203125 0.3453125 0.0265625 0.0328125
1 0.74375 0.3296875 0.01875 0.0171875