1 0.62890625 0.51484375 0.10625 0.125
1 0.26328125 0.4109375 0.0953125 0.078125
1 0.05546875 0.6 0.1109375 0.140625
1 0.828125 0.60390625 0.10625 0.15625
1 0.37421875 0.44921875 0.1125 0.109375
1 0.81640625 0.33671875 0.05 0.059375
1 0.97421875 0.21328125 0.0203125 0.0265625
1 0.1703125 0.396875 0.059375 0.065625
1 0.934375 0.18203125 0.0125 0.0171875
1 0.93515625 0.22109375 0.0265625 0.0359375
1 0.80703125 0.43046875 0.0609375 0.10625
1 0.52734375 0.303125 0.05 0.046875
1 0.90859375 0.334375 0.053125 0.06875
1 0.94765625 0.246875 0.028125 0.046875
1 0.40859375 0.34609375 0.071875 0.0671875
1 0.903125 0.29609375 0.0375 0.0453125
1 0.98671875 0.2453125 0.025 0.0359375
1 0.60703125 0.271875 0.0390625 0.040625
1 0.56953125 0.28828125 0.04375 0.046875
1 0.50234375 0.2890625 0.0203125 0.0296875
1 0.640625 0.26015625 0.0375 0.0390625
1 0.9484375 0.1640625 0.009375 0.0171875
2 0.13203125 0.4984375 0.04375 0.059375
2 0.05078125 0.51796875 0.05 0.0359375