1 0.234375 0.45390625 0.16875 0.1703125
1 0.03671875 0.37421875 0.0734375 0.1046875
1 0.1234375 0.31484375 0.115625 0.103125
1 0.5078125 0.2453125 0.115625 0.1140625
1 0.2296875 0.25390625 0.1078125 0.09375
1 0.54140625 0.275 0.1125 0.125
1 0.796875 0.02109375 0.04375 0.0421875
1 0.52265625 0.09296875 0.0609375 0.059375
1 0.47109375 0.12109375 0.0671875 0.065625
1 0.57109375 0.06796875 0.046875 0.0546875
1 0.42734375 0.15390625 0.0546875 0.0703125
1 0.61171875 0.046875 0.046875 0.05
1 0.03125 0.3046875 0.0625 0.0546875