1 0.86171875 0.91015625 0.275 0.1765625
1 0.63203125 0.16953125 0.0875 0.05625
1 0.75 0.159375 0.0796875 0.059375
1 0.83671875 0.15 0.0734375 0.0484375
1 0.1609375 0.20546875 0.05625 0.0453125
1 0.21484375 0.16484375 0.05 0.05625
1 0.0703125 0.23125 0.065625 0.0453125
1 0.16171875 0.16875 0.05 0.05625
1 0.94921875 0.1484375 0.0546875 0.05625
1 0.90234375 0.1390625 0.053125 0.0484375
2 0.86796875 0.29921875 0.075 0.0640625
2 0.46328125 0.3046875 0.0171875 0.04375
2 0.50390625 0.24296875 0.028125 0.0484375
2 0.60234375 0.24296875 0.0359375 0.0484375
2 0.690625 0.24375 0.0375 0.04375
2 0.90390625 0.18515625 0.03125 0.0375
2 0.51875 0.3296875 0.0390625 0.059375
2 0.74140625 0.27421875 0.0390625 0.0515625
2 0.93984375 0.2109375 0.0234375 0.0453125
2 0.79921875 0.109375 0.0203125 0.0265625
3 0.58671875 0.65703125 0.284375 0.2625
0 0.18125 0.31015625 0.3625 0.265625
0 0.05859375 0.184375 0.1171875 0.153125