1 0.62109375 0.29921875 0.121875 0.10625
1 0.85390625 0.26640625 0.1140625 0.0890625
1 0.94765625 0.20859375 0.096875 0.071875
1 0.021875 0.21875 0.04375 0.05625
1 0.38515625 0.359375 0.140625 0.1375
1 0.05546875 0.18671875 0.0953125 0.0515625
1 0.25390625 0.32890625 0.1296875 0.10625
1 0.41875 0.2609375 0.109375 0.0859375
1 0.7203125 0.23359375 0.1015625 0.078125
1 0.33671875 0.21796875 0.1 0.06875
1 0.54296875 0.1796875 0.121875 0.078125
1 0.89140625 0.16171875 0.0890625 0.0796875
1 0.978125 0.05 0.0421875 0.0359375
1 0.12578125 0.47890625 0.13125 0.1765625
1 0.90859375 0.10078125 0.053125 0.04375
1 0.93515625 0.01328125 0.0375 0.0265625
1 0.8546875 0.01875 0.0328125 0.034375
1 0.90390625 0.06953125 0.025 0.025
1 0.76015625 0.18359375 0.0875 0.0640625
2 0.75390625 0.93203125 0.215625 0.13125
2 0.025 0.39296875 0.05 0.0703125
2 0.50234375 0.19375 0.040625 0.065625
2 0.2875 0.25703125 0.0625 0.0484375
2 0.14765625 0.303125 0.059375 0.05
2 0.19140625 0.3015625 0.05 0.059375
3 0.58984375 0.6265625 0.2875 0.265625
0 0.3109375 0.1515625 0.3375 0.159375
0 0.75078125 0.10546875 0.2671875 0.1296875