1 0.41484375 0.81796875 0.2453125 0.1953125
1 0.83203125 0.8609375 0.2953125 0.2453125
1 0.4859375 0.15546875 0.059375 0.0453125
1 0.20390625 0.3046875 0.09375 0.0765625
1 0.06640625 0.83359375 0.1328125 0.1671875
1 0.975 0.3890625 0.0484375 0.0640625
1 0.71484375 0.54140625 0.084375 0.1609375
1 0.725 0.16953125 0.06875 0.05
1 0.16015625 0.19296875 0.053125 0.0453125
1 0.88671875 0.1703125 0.0796875 0.0515625
1 0.97265625 0.13828125 0.053125 0.05
1 0.76015625 0.27109375 0.0515625 0.084375
1 0.721875 0.328125 0.0671875 0.1046875
1 0.69921875 0.41875 0.071875 0.11875
1 0.80078125 0.23125 0.0453125 0.0671875
1 0.58125 0.1203125 0.0359375 0.0375
1 0.63203125 0.1234375 0.04375 0.04375
1 0.77578125 0.05703125 0.015625 0.0265625
1 0.74765625 0.08515625 0.0203125 0.034375
1 0.79296875 0.1046875 0.053125 0.0359375
1 0.86953125 0.63125 0.1625 0.221875
1 0.66640625 0.25625 0.075 0.1140625
1 0.85625 0.15078125 0.0671875 0.04375
1 0.8265625 0.19609375 0.046875 0.05625
1 0.27890625 0.20390625 0.0609375 0.059375
1 0.99375 0.71015625 0.0109375 0.071875
3 0.9578125 0.37578125 0.0828125 0.48125