1 0.38515625 0.25546875 0.0703125 0.059375
1 0.21640625 0.13046875 0.034375 0.028125
1 0.97265625 0.4390625 0.04375 0.0671875
1 0.96484375 0.51953125 0.06875 0.084375
1 0.32734375 0.17109375 0.046875 0.04375
1 0.56015625 0.184375 0.046875 0.0453125
1 0.303125 0.16796875 0.03125 0.0390625
1 0.97421875 0.159375 0.05 0.040625
1 0.01015625 0.409375 0.0203125 0.0453125
3 0.6703125 0.2703125 0.075 0.11875
0 0.65859375 0.165625 0.11875 0.1390625
0 0.04609375 0.26953125 0.0921875 0.125
0 0.53671875 0.1453125 0.090625 0.0984375