1 0.48515625 0.3703125 0.084375 0.15625
1 0.0703125 0.1984375 0.090625 0.0703125
1 0.521875 0.73515625 0.1359375 0.321875
1 0.74375 0.3890625 0.11875 0.1671875
1 0.621875 0.365625 0.090625 0.15
1 0.8828125 0.75 0.2328125 0.3640625
1 0.6703125 0.5546875 0.1125 0.1984375
1 0.753125 0.89453125 0.1984375 0.2078125
1 0.97421875 0.0453125 0.05 0.0546875
1 0.40390625 0.03359375 0.028125 0.0484375
1 0.44765625 0.015625 0.0265625 0.03125
1 0.215625 0.06796875 0.0359375 0.0453125
1 0.7328125 0.0140625 0.034375 0.028125
1 0.2890625 0.04609375 0.034375 0.0453125
1 0.2328125 0.0484375 0.0453125 0.0453125
1 0.6796875 0.00859375 0.025 0.0171875
2 0.33671875 0.11875 0.03125 0.0515625
2 0.271875 0.2609375 0.05 0.0515625
2 0.740625 0.13125 0.0375 0.0515625
2 0.0265625 0.153125 0.034375 0.05
2 0.796875 0.0390625 0.025 0.034375
0 0.89609375 0.4484375 0.20625 0.578125