1 0.903125 0.48203125 0.13125 0.0875
1 0.06015625 0.359375 0.0875 0.05625
1 0.8109375 0.27890625 0.05625 0.0359375
1 0.18359375 0.35546875 0.0890625 0.05625
1 0.8171875 0.5265625 0.090625 0.090625
1 0.70859375 0.2640625 0.0234375 0.03125
1 0.05078125 0.46875 0.1015625 0.090625
1 0.875 0.271875 0.053125 0.021875
1 0.1546875 0.33671875 0.053125 0.040625
1 0.00859375 0.35546875 0.0171875 0.0421875
3 0.30546875 0.34140625 0.1296875 0.1171875
0 0.4078125 0.5515625 0.74375 0.2515625
1 0.128125 0.31875 0.028125 0.040625