1 0.296875 0.43203125 0.1125 0.090625
1 0.128125 0.51796875 0.1484375 0.109375
1 0.1078125 0.46171875 0.1390625 0.10625
1 0.4265625 0.3546875 0.0890625 0.06875
1 0.28515625 0.38125 0.1015625 0.078125
1 0.42421875 0.2015625 0.05625 0.0375
1 0.31640625 0.21171875 0.0609375 0.04375
1 0.61796875 0.24296875 0.053125 0.0484375
1 0.88359375 0.22421875 0.053125 0.0515625
1 0.5078125 0.2390625 0.0578125 0.040625
1 0.54609375 0.28828125 0.0671875 0.0609375
1 0.44453125 0.271875 0.059375 0.040625
1 0.98671875 0.2203125 0.025 0.0453125
1 0.6484375 0.07578125 0.015625 0.0140625
1 0.9765625 0.328125 0.0453125 0.08125
1 0.346875 0.196875 0.0421875 0.0359375
1 0.56796875 0.23671875 0.05625 0.0515625
1 0.18515625 0.21484375 0.0625 0.0375
1 0.53671875 0.196875 0.0578125 0.0390625
1 0.4984375 0.28046875 0.0578125 0.0578125
1 0.9671875 0.184375 0.0640625 0.0390625
1 0.76015625 0.1609375 0.0375 0.0296875
1 0.68046875 0.215625 0.04375 0.04375
1 0.725 0.19921875 0.0359375 0.0359375
1 0.965625 0.24140625 0.0375 0.065625
1 0.4328125 0.3046875 0.0703125 0.0546875
1 0.56640625 0.17578125 0.0359375 0.0296875
1 0.58828125 0.18828125 0.04375 0.0359375
2 0.86484375 0.259375 0.0140625 0.040625
2 0.6546875 0.3234375 0.01875 0.0546875
2 0.71171875 0.2546875 0.034375 0.046875
2 0.53828125 0.34453125 0.028125 0.0625
2 0.75546875 0.23125 0.028125 0.0484375
2 0.8140625 0.221875 0.015625 0.0375
2 0.25 0.23828125 0.0125 0.03125
2 0.84921875 0.18671875 0.0109375 0.0296875
2 0.91171875 0.271875 0.0125 0.040625
0 0.4390625 0.15703125 0.146875 0.0921875