1 0.871875 0.34296875 0.134375 0.1
1 0.12265625 0.91171875 0.2453125 0.171875
1 0.6734375 0.9140625 0.309375 0.16875
1 0.796875 0.15703125 0.08125 0.0515625
1 0.0390625 0.3390625 0.078125 0.1109375
1 0.12421875 0.2546875 0.071875 0.0796875
1 0.98046875 0.1359375 0.0375 0.05
1 0.34375 0.12890625 0.04375 0.046875
1 0.13046875 0.15703125 0.0515625 0.0515625
1 0.203125 0.215625 0.059375 0.071875
1 0.8671875 0.39921875 0.1328125 0.0859375
1 0.028125 0.28515625 0.05625 0.08125
1 0.89453125 0.14609375 0.071875 0.05625
2 0.6046875 0.1203125 0.028125 0.034375
2 0.43203125 0.19296875 0.028125 0.0375
2 0.31640625 0.45859375 0.05 0.0796875
2 0.6328125 0.2265625 0.0375 0.04375
2 0.26796875 0.26953125 0.040625 0.05
2 0.55625 0.21484375 0.0625 0.05625
2 0.046875 0.48984375 0.0609375 0.065625
2 0.35703125 0.19375 0.025 0.046875
2 0.32734375 0.17578125 0.028125 0.0375
2 0.01796875 0.59140625 0.0359375 0.0953125
2 0.2703125 0.20078125 0.015625 0.0390625
2 0.20859375 0.41875 0.0265625 0.059375
3 0.58828125 0.65703125 0.2875 0.2625
0 0.29921875 0.05859375 0.06875 0.109375