1 0.77734375 0.734375 0.2265625 0.271875
1 0.2453125 0.63046875 0.2515625 0.1953125
1 0.02890625 0.790625 0.0578125 0.1375
1 0.446875 0.6203125 0.225 0.21875
1 0.55546875 0.70625 0.2265625 0.2421875
1 0.1609375 0.853125 0.321875 0.275
1 0.29765625 0.896875 0.346875 0.2015625
1 0.50546875 0.94140625 0.303125 0.1140625
1 0.5703125 0.1515625 0.0765625 0.0640625
1 0.71796875 0.15078125 0.075 0.071875
1 0.66953125 0.14453125 0.065625 0.0703125
1 0.92890625 0.14375 0.0765625 0.0765625
1 0.83046875 0.15625 0.0625 0.071875
1 0.6328125 0.12734375 0.05 0.0609375
1 0.79375 0.14453125 0.0640625 0.0703125
1 0.88359375 0.12578125 0.065625 0.0765625
1 0.97734375 0.1125 0.04375 0.06875
1 0.93671875 0.09296875 0.0328125 0.028125
1 0.9125 0.08046875 0.040625 0.0328125
1 0.9234375 0.05859375 0.0359375 0.0328125
1 0.95390625 0.059375 0.0421875 0.0421875