1 0.67578125 0.31171875 0.1546875 0.1203125
1 0.5765625 0.07890625 0.071875 0.04375
1 0.86171875 0.04609375 0.090625 0.0515625
1 0.91171875 0.3484375 0.175 0.115625
1 0.878125 0.20078125 0.0875 0.090625
1 0.16796875 0.37578125 0.090625 0.1078125
1 0.096875 0.334375 0.08125 0.090625
1 0.97890625 0.60859375 0.040625 0.171875
1 0.5828125 0.32578125 0.146875 0.0859375
1 0.95078125 0.29140625 0.096875 0.090625
1 0.946875 0.45703125 0.1046875 0.1453125
1 0.975 0.20859375 0.0484375 0.0796875
1 0.334375 0.04921875 0.021875 0.028125
1 0.96328125 0.17890625 0.071875 0.071875
1 0.2703125 0.2484375 0.0765625 0.0484375
1 0.28125 0.221875 0.071875 0.0625
1 0.80859375 0.0953125 0.078125 0.04375
1 0.3984375 0.06953125 0.046875 0.04375
1 0.4875 0.11953125 0.065625 0.03125
1 0.86328125 0.1484375 0.0703125 0.0640625
3 0.28671875 0.378125 0.18125 0.2453125
0 0.68359375 0.20703125 0.3265625 0.2265625
0 0.4515625 0.2234375 0.2703125 0.190625
0 0.14609375 0.259375 0.178125 0.1640625
0 0.03515625 0.27890625 0.0703125 0.1484375
0 0.66953125 0.5703125 0.59375 0.5265625
0 0.34140625 0.16328125 0.203125 0.134375
0 0.16484375 0.1484375 0.1625 0.1
0 0.234375 0.09375 0.125 0.0609375
0 0.38515625 0.334375 0.09375 0.0984375