1 0.3140625 0.75078125 0.2203125 0.165625
1 0.884375 0.9015625 0.2296875 0.19375
1 0.1296875 0.9109375 0.25 0.175
1 0.03046875 0.75546875 0.0609375 0.1390625
1 0.97109375 0.478125 0.05625 0.09375
1 0.66796875 0.190625 0.0515625 0.040625
1 0.45390625 0.215625 0.06875 0.04375
1 0.96015625 0.23125 0.053125 0.0484375
1 0.38359375 0.2109375 0.0390625 0.040625
1 0.85703125 0.48515625 0.1453125 0.1265625
1 0.86796875 0.40859375 0.121875 0.1015625
1 0.74609375 0.3609375 0.0890625 0.0890625
1 0.759375 0.2359375 0.059375 0.046875
1 0.1859375 0.21171875 0.059375 0.04375
1 0.02578125 0.234375 0.0515625 0.03125
1 0.7125 0.1609375 0.05 0.0375
1 0.56484375 0.18984375 0.065625 0.0390625
1 0.73984375 0.196875 0.0625 0.0390625
1 0.77109375 0.18046875 0.05625 0.0359375
1 0.65234375 0.30859375 0.071875 0.090625
1 0.84453125 0.23203125 0.0640625 0.05
1 0.40625 0.990625 0.1375 0.015625
1 0.85703125 0.21328125 0.0609375 0.040625
2 0.62578125 0.175 0.015625 0.03125
2 0.690625 0.34375 0.034375 0.0578125
2 0.75078125 0.28515625 0.021875 0.0453125
0 0.22265625 0.38046875 0.3 0.246875
0 0.36796875 0.146875 0.05 0.06875
1 0.396875 0.16328125 0.0203125 0.0296875
1 0.4265625 0.15859375 0.0234375 0.0359375
1 0.45625 0.16015625 0.021875 0.0375
1 0.48828125 0.16015625 0.0203125 0.0390625
1 0.315625 0.1609375 0.0234375 0.028125
1 0.33203125 0.146875 0.0203125 0.021875
1 0.90625 0.2 0.0515625 0.0328125
1 0.9171875 0.18359375 0.0359375 0.0265625
2 0.72265625 0.3046875 0.01875 0.034375
1 0.6125 0.26875 0.05625 0.0890625