1 0.7765625 0.73984375 0.2265625 0.271875
1 0.02734375 0.7953125 0.0546875 0.1375
1 0.24453125 0.6359375 0.2515625 0.1953125
1 0.55546875 0.71328125 0.2265625 0.2453125
1 0.44609375 0.62421875 0.225 0.21875
1 0.1609375 0.85859375 0.321875 0.2765625
1 0.29140625 0.89921875 0.35625 0.1984375
1 0.5703125 0.15703125 0.0765625 0.0640625
1 0.50703125 0.94375 0.3 0.109375
1 0.71796875 0.15546875 0.078125 0.075
1 0.9265625 0.15 0.075 0.078125
1 0.5796875 0.94609375 0.153125 0.1046875
1 0.66953125 0.15 0.065625 0.0703125
1 0.83125 0.15859375 0.065625 0.0765625
1 0.628125 0.13671875 0.046875 0.0515625
1 0.79296875 0.153125 0.0625 0.06875
1 0.88515625 0.13046875 0.0640625 0.075
1 0.93984375 0.1015625 0.0296875 0.025
1 0.975 0.11953125 0.0484375 0.0796875
1 0.91015625 0.08515625 0.0390625 0.040625
1 0.9546875 0.06328125 0.0453125 0.0515625
1 0.91796875 0.0578125 0.0265625 0.0359375