1 0.77734375 0.7359375 0.2265625 0.271875
1 0.71015625 0.4046875 0.178125 0.1796875
1 0.44765625 0.6203125 0.2265625 0.21875
1 0.2359375 0.21640625 0.115625 0.075
1 0.55625 0.70703125 0.228125 0.240625
1 0.29453125 0.8984375 0.353125 0.2
1 0.1609375 0.85625 0.321875 0.2765625
1 0.05234375 0.60703125 0.1046875 0.1484375
1 0.09140625 0.7609375 0.1828125 0.1890625
1 0.56328125 0.153125 0.090625 0.071875
1 0.71953125 0.153125 0.075 0.071875
1 0.928125 0.14453125 0.075 0.078125
1 0.6703125 0.14609375 0.065625 0.0703125
1 0.6296875 0.134375 0.04375 0.05
1 0.78984375 0.14453125 0.0515625 0.0625
1 0.82890625 0.15390625 0.065625 0.0671875
1 0.88203125 0.121875 0.059375 0.065625
1 0.9359375 0.10078125 0.0375 0.034375
1 0.9765625 0.11484375 0.046875 0.0734375
1 0.9140625 0.08203125 0.0421875 0.0375
1 0.92265625 0.05859375 0.0328125 0.0359375
1 0.95390625 0.0609375 0.0328125 0.0578125
1 0.77109375 0.125 0.034375 0.05625