1 0.76328125 0.253125 0.115625 0.084375
1 0.93671875 0.33515625 0.125 0.1
1 0.6859375 0.11484375 0.08125 0.05625
1 0.9421875 0.1484375 0.075 0.0671875
1 0.18046875 0.1703125 0.0875 0.0671875
1 0.13671875 0.19453125 0.1 0.05625
1 0.05703125 0.1859375 0.090625 0.065625
1 0.31484375 0.14375 0.0859375 0.053125
1 0.0671875 0.146875 0.075 0.0390625
1 0.97578125 0.16328125 0.046875 0.078125
1 0.0453125 0.46484375 0.090625 0.0703125
1 0.30859375 0.11953125 0.075 0.04375
1 0.00546875 0.134375 0.0109375 0.0359375
1 0.00859375 0.215625 0.0171875 0.0359375
2 0.49765625 0.07109375 0.0234375 0.028125
2 0.16171875 0.0953125 0.028125 0.03125
2 0.9875 0.0734375 0.0234375 0.0390625
3 0.59296875 0.61796875 0.2890625 0.2609375
0 0.81640625 0.0734375 0.2109375 0.109375
0 0.31328125 0.084375 0.2 0.10625
0 0.2140625 0.346875 0.428125 0.309375