1 0.3 0.17890625 0.090625 0.071875
1 0.84453125 0.184375 0.059375 0.0765625
1 0.91171875 0.76953125 0.175 0.246875
1 0.76015625 0.1140625 0.0421875 0.0546875
1 0.80234375 0.890625 0.1921875 0.215625
1 0.78671875 0.57109375 0.153125 0.1640625
1 0.64375 0.6390625 0.128125 0.1890625
1 0.703125 0.01171875 0.028125 0.0234375
1 0.85625 0.496875 0.1546875 0.1578125
1 0.63046875 0.11640625 0.046875 0.059375
1 0.32734375 0.05078125 0.03125 0.046875
1 0.6515625 0.01171875 0.028125 0.0234375
2 0.98671875 0.1734375 0.01875 0.05
2 0.7875 0.02578125 0.0125 0.0328125
2 0.075 0.26328125 0.0375 0.05625
2 0.0484375 0.4265625 0.0625 0.0859375
2 0.94609375 0.071875 0.0390625 0.0484375
2 0.90625 0.09921875 0.0125 0.0390625
2 0.8125 0.028125 0.0109375 0.034375
2 0.88125 0.0890625 0.015625 0.0484375
2 0.63203125 0.04296875 0.0125 0.040625
0 0.47890625 0.134375 0.2078125 0.1578125
1 0.58359375 0.12109375 0.0359375 0.0609375
1 0.34140625 0.028125 0.028125 0.046875
1 0.6171875 0.0875 0.0296875 0.05
1 0.5671875 0.07890625 0.03125 0.0359375
1 0.6078125 0.06640625 0.028125 0.0375
1 0.60078125 0.0515625 0.0234375 0.0328125
1 0.5953125 0.03203125 0.028125 0.028125
1 0.55625 0.04375 0.028125 0.0328125