1 0.8265625 0.13046875 0.05 0.0390625
1 0.82578125 0.66953125 0.2828125 0.3359375
1 0.703125 0.096875 0.0421875 0.0359375
1 0.72578125 0.228125 0.1140625 0.09375
1 0.4375 0.39375 0.1125 0.13125
1 0.59453125 0.50625 0.159375 0.1765625
1 0.61171875 0.19453125 0.0875 0.078125
1 0.965625 0.6359375 0.0671875 0.15
1 0.80859375 0.38671875 0.1640625 0.11875
1 0.63203125 0.3109375 0.125 0.103125
1 0.3609375 0.33125 0.078125 0.1046875
1 0.95234375 0.4703125 0.09375 0.175
1 0.925 0.29140625 0.1484375 0.146875
1 0.64765625 0.09921875 0.040625 0.03125
1 0.65 0.428125 0.1671875 0.1484375
1 0.91640625 0.19140625 0.071875 0.04375
1 0.8953125 0.16640625 0.05625 0.0375
1 0.76640625 0.12578125 0.05 0.0296875
1 0.621875 0.078125 0.0359375 0.0296875
1 0.52109375 0.25625 0.078125 0.10625
1 0.83671875 0.4984375 0.1796875 0.21875
0 0.3984375 0.23203125 0.1875 0.209375