1 0.3140625 0.68515625 0.2203125 0.1640625
1 0.09921875 0.26015625 0.0859375 0.0546875
1 0.03984375 0.7234375 0.078125 0.13125
1 0.7046875 0.90546875 0.290625 0.1859375
1 0.9796875 0.93203125 0.0390625 0.13125
1 0.7203125 0.5140625 0.09375 0.1796875
1 0.2640625 0.2234375 0.071875 0.05
1 0.96953125 0.6890625 0.059375 0.121875
1 0.1640625 0.18671875 0.0515625 0.0453125
1 0.81484375 0.13046875 0.0625 0.0390625
1 0.20546875 0.22421875 0.05625 0.0515625
1 0.71640625 0.39296875 0.0734375 0.1078125
1 0.7109375 0.109375 0.05625 0.034375
1 0.9046875 0.16875 0.078125 0.0484375
1 0.765625 0.69453125 0.2375 0.1953125
1 0.7046875 0.13125 0.059375 0.0375
1 0.52890625 0.16171875 0.059375 0.046875
1 0.57734375 0.184375 0.071875 0.0609375
1 0.29453125 0.196875 0.065625 0.046875
1 0.34765625 0.20546875 0.078125 0.0484375
1 0.96953125 0.43359375 0.040625 0.0671875
1 0.96328125 0.49609375 0.0703125 0.078125
1 0.71640625 0.7953125 0.2640625 0.2390625
1 0.8671875 0.1234375 0.05625 0.0390625
1 0.89296875 0.14921875 0.0796875 0.0453125
1 0.33515625 0.98125 0.209375 0.034375
1 0.80703125 0.04453125 0.0171875 0.021875
1 0.81640625 0.01484375 0.0125 0.021875
0 0.04453125 0.11640625 0.034375 0.0484375
0 0.28984375 0.09921875 0.078125 0.0609375
0 0.7578125 0.0265625 0.034375 0.053125