1 0.74609375 0.58671875 0.128125 0.1859375
1 0.7140625 0.42109375 0.071875 0.1390625
1 0.06484375 0.26328125 0.0734375 0.0671875
1 0.38125 0.39140625 0.096875 0.09375
1 0.33046875 0.14375 0.0375 0.0390625
1 0.26484375 0.19296875 0.05625 0.0484375
1 0.25234375 0.32421875 0.0875 0.0671875
1 0.9640625 0.43046875 0.0328125 0.0578125
1 0.66484375 0.2640625 0.075 0.1171875
1 0.75859375 0.0890625 0.0203125 0.034375
1 0.20234375 0.23515625 0.05625 0.0640625
1 0.97265625 0.15 0.053125 0.0453125
1 0.2078125 0.4015625 0.1109375 0.096875
1 0.56484375 0.2296875 0.0640625 0.075
1 0.21328125 0.1234375 0.0328125 0.025
1 0.11640625 0.13828125 0.0578125 0.028125