1 0.47890625 0.52421875 0.0828125 0.1375
1 0.88828125 0.92578125 0.215625 0.1453125
1 0.62265625 0.87421875 0.184375 0.2484375
1 0.4796875 0.384375 0.059375 0.0859375
1 0.16484375 0.29140625 0.040625 0.0546875
1 0.68671875 0.55546875 0.1296875 0.096875
1 0.34296875 0.3765625 0.0515625 0.0796875
1 0.20546875 0.3265625 0.065625 0.0609375
1 0.85390625 0.284375 0.05 0.04375
1 0.39296875 0.3515625 0.05 0.0703125
1 0.58671875 0.3609375 0.0734375 0.0953125
1 0.253125 0.521875 0.128125 0.11875
1 0.71328125 0.68359375 0.171875 0.28125
1 0.80625 0.26484375 0.0359375 0.040625
2 0.05 0.3984375 0.046875 0.059375
2 0.15859375 0.3546875 0.03125 0.04375
2 0.19765625 0.34921875 0.0484375 0.046875
2 0.80546875 0.3203125 0.034375 0.0484375