1 0.96484375 0.90625 0.06875 0.184375
1 0.66015625 0.709375 0.153125 0.196875
1 0.6609375 0.4890625 0.1375 0.1375
1 0.325 0.31328125 0.078125 0.1
1 0.45 0.34296875 0.096875 0.0890625
1 0.93828125 0.34453125 0.096875 0.1078125
1 0.9328125 0.4046875 0.078125 0.125
1 0.76171875 0.2203125 0.075 0.0640625
1 0.48046875 0.0859375 0.03125 0.046875
1 0.83359375 0.26484375 0.075 0.0546875
1 0.18671875 0.19140625 0.071875 0.0796875
1 0.62265625 0.15703125 0.046875 0.0484375
1 0.6953125 0.175 0.05625 0.06875
1 0.253125 0.2265625 0.08125 0.0984375
1 0.2703125 0.17109375 0.0703125 0.0765625
1 0.5828125 0.11640625 0.0359375 0.0484375
1 0.66328125 0.13671875 0.0390625 0.059375
1 0.68515625 0.1984375 0.0484375 0.034375
1 0.47421875 0.4453125 0.096875 0.1578125
1 0.99375 0.40859375 0.0109375 0.06875
2 0.21796875 0.1234375 0.0125 0.0359375
2 0.0125 0.275 0.025 0.05
2 0.14765625 0.41875 0.053125 0.0859375
2 0.96640625 0.10703125 0.0421875 0.0453125
2 0.36484375 0.128125 0.0140625 0.040625
3 0.43671875 0.209375 0.1609375 0.2109375
0 0.72578125 0.33125 0.3515625 0.334375
0 0.1203125 0.125 0.184375 0.128125
1 0.57890625 0.0828125 0.0296875 0.0390625
1 0.61640625 0.06796875 0.028125 0.0421875
1 0.609375 0.046875 0.0234375 0.046875
0 0.57109375 0.034375 0.0359375 0.06875
1 0.6421875 0.1140625 0.028125 0.05