1 0.56328125 0.17109375 0.090625 0.05625
1 0.1578125 0.16875 0.053125 0.05625
1 0.69140625 0.159375 0.084375 0.0640625
1 0.2265625 0.15859375 0.05 0.0609375
1 0.61328125 0.14453125 0.0796875 0.0515625
1 0.95078125 0.13828125 0.065625 0.0546875
1 0.9875 0.08359375 0.0234375 0.034375
1 0.78515625 0.14921875 0.06875 0.05
1 0.75 0.13671875 0.053125 0.0453125
1 0.84375 0.15859375 0.0625 0.0609375
1 0.8765625 0.1359375 0.059375 0.0453125
1 0.93515625 0.040625 0.0375 0.034375
2 0.46328125 0.34375 0.03125 0.065625
2 0.6734375 0.26640625 0.0328125 0.0515625
2 0.72109375 0.2953125 0.040625 0.05625
2 0.59765625 0.28828125 0.0203125 0.046875
2 0.89921875 0.29140625 0.0421875 0.046875
2 0.834375 0.2953125 0.0421875 0.0546875
3 0.5890625 0.653125 0.2890625 0.265625
0 0.24453125 0.278125 0.41875 0.240625
0 0.09609375 0.15078125 0.165625 0.171875