1 0.18515625 0.4953125 0.16875 0.1140625
1 0.14609375 0.88515625 0.2921875 0.2234375
1 0.47734375 0.309375 0.0875 0.0546875
1 0.07890625 0.32421875 0.0859375 0.05625
1 0.31796875 0.30625 0.0859375 0.0609375
1 0.84921875 0.4890625 0.159375 0.1046875
1 0.01796875 0.31953125 0.0359375 0.0546875
1 0.83046875 0.24140625 0.0546875 0.0359375
1 0.18203125 0.3265625 0.09375 0.05625
1 0.89375 0.23515625 0.05 0.021875
1 0.025 0.51640625 0.05 0.240625
1 0.19921875 0.29921875 0.065625 0.028125
1 0.72265625 0.22578125 0.015625 0.034375
2 0.5828125 0.33046875 0.03125 0.046875