1 0.5703125 0.3203125 0.090625 0.05625
1 0.11171875 0.88515625 0.2234375 0.2234375
1 0.21328125 0.32109375 0.090625 0.0546875
1 0.35859375 0.315625 0.090625 0.0609375
1 0.81953125 0.24296875 0.0546875 0.0375
1 0.2625 0.48046875 0.146875 0.13125
1 0.30703125 0.30390625 0.084375 0.0625
1 0.10703125 0.30625 0.059375 0.05
1 0.07890625 0.3203125 0.059375 0.0515625
1 0.03828125 0.35 0.0765625 0.08125
1 0.7109375 0.22578125 0.015625 0.034375
1 0.9921875 0.34296875 0.0140625 0.0453125
0 0.03515625 0.51015625 0.0703125 0.2453125
1 0.88203125 0.23984375 0.0484375 0.0234375