1 0.06328125 0.91328125 0.1265625 0.1703125
1 0.4 0.26953125 0.103125 0.0765625
1 0.5828125 0.19453125 0.0828125 0.0671875
1 0.53671875 0.90546875 0.3015625 0.1859375
1 0.88046875 0.909375 0.2375 0.178125
1 0.68984375 0.2203125 0.10625 0.0859375
1 0.02265625 0.21328125 0.0453125 0.0515625
1 0.9734375 0.325 0.0515625 0.071875
1 0.12265625 0.23984375 0.090625 0.071875
1 0.96953125 0.28125 0.059375 0.0640625
1 0.94609375 0.15703125 0.0578125 0.0515625
1 0.8734375 0.09296875 0.04375 0.040625
1 0.16328125 0.21796875 0.0640625 0.0609375
1 0.159375 0.18125 0.075 0.0484375
2 0.065625 0.26953125 0.034375 0.05
3 0.328125 0.19375 0.1109375 0.0828125
3 0.59140625 0.66875 0.290625 0.2671875
0 0.9546875 0.07109375 0.0890625 0.0875
0 0.83671875 0.2546875 0.140625 0.1578125
0 0.36640625 0.034375 0.0578125 0.06875