1 0.82578125 0.27109375 0.1296875 0.1171875
1 0.17265625 0.58125 0.29375 0.2375
1 0.04609375 0.2546875 0.0921875 0.096875
1 0.1796875 0.23359375 0.134375 0.1078125
1 0.56796875 0.159375 0.0859375 0.08125
1 0.15546875 0.44921875 0.19375 0.1765625
1 0.58671875 0.08515625 0.046875 0.040625
1 0.3234375 0.2203125 0.128125 0.0703125
1 0.44765625 0.090625 0.0546875 0.0671875
1 0.15859375 0.178125 0.115625 0.08125
1 0.49765625 0.08671875 0.0484375 0.059375
1 0.6375 0.078125 0.034375 0.0453125
1 0.4625 0.1765625 0.109375 0.0921875
1 0.86015625 0.1234375 0.059375 0.053125
1 0.91171875 0.12109375 0.0515625 0.05625
1 0.96875 0.1125 0.0625 0.0453125