1 0.49140625 0.75390625 0.2625 0.278125
1 0.67578125 0.31796875 0.0875 0.1140625
1 0.6109375 0.21640625 0.10625 0.096875
1 0.2921875 0.73984375 0.275 0.2546875
1 0.08515625 0.73359375 0.1703125 0.2515625
1 0.84609375 0.17890625 0.071875 0.0875
1 0.090625 0.35625 0.071875 0.0859375
1 0.81953125 0.2359375 0.06875 0.1015625
0 0.31953125 0.2921875 0.3875 0.325
0 0.8828125 0.440625 0.2328125 0.475
0 0.775 0.07890625 0.121875 0.1421875
0 0.87734375 0.07578125 0.1546875 0.1515625
3 0.8828125 0.09921875 0.0859375 0.1375
1 0.9484375 0.09453125 0.05 0.065625
1 0.9796875 0.11953125 0.040625 0.08125
1 0.984375 0.065625 0.03125 0.034375
1 0.9046875 0.2375 0.0953125 0.1234375
2 0.0859375 0.30859375 0.0359375 0.053125