1 0.97578125 0.6015625 0.046875 0.1671875
1 0.6140625 0.08203125 0.075 0.05
1 0.34296875 0.24453125 0.090625 0.08125
1 0.9171875 0.36328125 0.1640625 0.1453125
1 0.71171875 0.3703125 0.196875 0.121875
1 0.609375 0.16953125 0.0984375 0.071875
1 0.4890625 0.10078125 0.071875 0.0546875
1 0.92734375 0.11171875 0.1421875 0.0578125
1 0.81015625 0.0765625 0.0875 0.0578125
1 0.71328125 0.1515625 0.078125 0.0671875
1 0.87109375 0.04296875 0.06875 0.0515625
1 0.553125 0.13984375 0.0859375 0.0578125
1 0.59140625 0.440625 0.0875 0.11875
0 0.85078125 0.23203125 0.296875 0.209375
0 0.36328125 0.4609375 0.46875 0.396875
0 0.15078125 0.2609375 0.1828125 0.1546875
0 0.23359375 0.1203125 0.1265625 0.1
0 0.36953125 0.18046875 0.259375 0.1578125
0 0.03828125 0.27265625 0.0765625 0.1859375
0 0.303125 0.16875 0.125 0.134375