1 0.68828125 0.22109375 0.10625 0.0828125
1 0.43203125 0.9046875 0.296875 0.1875
1 0.58125 0.19453125 0.0828125 0.0671875
1 0.23828125 0.240625 0.0921875 0.0671875
1 0.97421875 0.13984375 0.05 0.05
1 0.97265625 0.325 0.053125 0.071875
1 0.8390625 0.90859375 0.3203125 0.1796875
1 0.9859375 0.5234375 0.0265625 0.071875
1 0.0359375 0.21328125 0.071875 0.0640625
1 0.14296875 0.128125 0.0515625 0.0453125
1 0.05390625 0.18359375 0.075 0.0515625
1 0.96875 0.28203125 0.0609375 0.0609375
2 0.1734375 0.271875 0.040625 0.0484375
3 0.58984375 0.66953125 0.2890625 0.265625
0 0.8359375 0.2546875 0.140625 0.1578125
0 0.91796875 0.05625 0.0828125 0.084375
0 0.36328125 0.03515625 0.0609375 0.0703125