1 0.24453125 0.68203125 0.21875 0.1578125
1 0.09296875 0.3265625 0.1046875 0.071875
1 0.92421875 0.9046875 0.15 0.1875
1 0.09921875 0.26015625 0.0859375 0.0546875
1 0.76640625 0.69609375 0.2359375 0.2
1 0.58046875 0.8859375 0.2734375 0.2234375
1 0.85703125 0.134375 0.065625 0.04375
1 0.7203125 0.5140625 0.09375 0.1796875
1 0.63984375 0.76640625 0.253125 0.221875
1 0.96953125 0.6890625 0.059375 0.1265625
1 0.7359375 0.13125 0.0625 0.0375
1 0.7859375 0.11484375 0.05625 0.0375
1 0.1640625 0.18828125 0.0515625 0.0453125
1 0.7171875 0.39375 0.071875 0.10625
1 0.52890625 0.16328125 0.059375 0.0453125
1 0.20546875 0.225 0.05625 0.05
1 0.9046875 0.16875 0.0765625 0.0484375
1 0.26484375 0.2234375 0.075 0.05
1 0.98046875 0.496875 0.0375 0.0546875
1 0.6703125 0.25625 0.075 0.10625
1 0.93359375 0.1296875 0.06875 0.0375
1 0.35078125 0.20546875 0.071875 0.0484375
1 0.21796875 0.16328125 0.0484375 0.0328125
1 0.29453125 0.19609375 0.065625 0.0484375
1 0.67421875 0.165625 0.0671875 0.0546875
1 0.96953125 0.15078125 0.059375 0.046875
0 0.29921875 0.09921875 0.0859375 0.0609375
0 0.21328125 0.10390625 0.09375 0.05625
0 0.05078125 0.11640625 0.046875 0.0484375
0 0.48828125 0.06484375 0.090625 0.0703125