1 0.603125 0.0734375 0.065625 0.05
1 0.67578125 0.303125 0.1546875 0.1015625
1 0.8890625 0.103125 0.1078125 0.06875
1 0.86328125 0.04609375 0.090625 0.0515625
1 0.87890625 0.2 0.0890625 0.0890625
1 0.09765625 0.33203125 0.08125 0.090625
1 0.16875 0.375 0.090625 0.10625
1 0.7640625 0.3734375 0.1875 0.1015625
1 0.28203125 0.2265625 0.071875 0.071875
1 0.9125 0.36328125 0.1734375 0.1453125
1 0.41953125 0.2859375 0.115625 0.071875
1 0.95078125 0.29296875 0.096875 0.09375
1 0.38203125 0.07890625 0.05 0.0359375
1 0.96328125 0.1796875 0.071875 0.075
1 0.33515625 0.04921875 0.0203125 0.028125
1 0.48828125 0.1203125 0.065625 0.034375
1 0.975 0.20859375 0.0484375 0.0796875
1 0.97890625 0.609375 0.040625 0.1703125
3 0.2875 0.3765625 0.18125 0.246875
0 0.68515625 0.20546875 0.328125 0.2265625
0 0.453125 0.2234375 0.26875 0.190625
0 0.67109375 0.5703125 0.59375 0.5265625
0 0.1484375 0.25859375 0.178125 0.165625
0 0.0359375 0.27890625 0.071875 0.15
0 0.340625 0.16171875 0.2 0.13125
0 0.165625 0.146875 0.1609375 0.0984375
0 0.23515625 0.09140625 0.125 0.065625