1 0.40078125 0.3640625 0.0875 0.0796875
1 0.33515625 0.21015625 0.040625 0.0390625
1 0.6203125 0.50078125 0.1453125 0.128125
1 0.5453125 0.3609375 0.1015625 0.08125
1 0.4546875 0.16875 0.0375 0.0296875
1 0.18515625 0.18515625 0.0296875 0.01875
1 0.50546875 0.39921875 0.103125 0.090625
1 0.55078125 0.1859375 0.0515625 0.0359375
1 0.67109375 0.3984375 0.121875 0.0890625
1 0.88671875 0.578125 0.225 0.240625
1 0.67421875 0.4546875 0.134375 0.1140625
1 0.02265625 0.16953125 0.0140625 0.0171875
1 0.36796875 0.15859375 0.034375 0.025
1 0.2765625 0.18046875 0.03125 0.028125
1 0.24765625 0.18515625 0.03125 0.0296875
1 0.9140625 0.5140625 0.1453125 0.1140625
2 0.0125 0.278125 0.0109375 0.034375
2 0.0328125 0.47109375 0.015625 0.03125
0 0.89921875 0.4234375 0.2 0.246875