1 0.97421875 0.60390625 0.05 0.1703125
1 0.6578125 0.821875 0.303125 0.3109375
1 0.12109375 0.46328125 0.103125 0.1265625
1 0.26875 0.34296875 0.10625 0.1
1 0.5484375 0.43046875 0.165625 0.15
1 0.0171875 0.34609375 0.034375 0.0859375
1 0.31796875 0.20625 0.0703125 0.06875
1 0.58671875 0.17109375 0.096875 0.06875
1 0.60546875 0.359375 0.14375 0.1296875
1 0.86484375 0.19921875 0.1265625 0.0875
1 0.71875 0.18203125 0.1125 0.0796875
1 0.5203125 0.28125 0.109375 0.1046875
1 0.85078125 0.09140625 0.096875 0.071875
1 0.45390625 0.309375 0.128125 0.115625
1 0.97421875 0.20703125 0.05 0.1
1 0.59765625 0.1359375 0.090625 0.065625
1 0.70546875 0.14375 0.0984375 0.06875
1 0.04921875 0.28046875 0.0390625 0.0609375
1 0.09609375 0.18984375 0.0359375 0.025
1 0.83671875 0.4046875 0.2203125 0.215625
1 0.046875 0.18984375 0.03125 0.046875
1 0.02109375 0.26796875 0.0421875 0.0640625
1 0.83671875 0.32578125 0.1875 0.103125
1 0.153125 0.18125 0.0453125 0.040625
0 0.146875 0.278125 0.18125 0.1703125
0 0.43828125 0.128125 0.196875 0.1296875
0 0.3859375 0.05546875 0.1578125 0.0890625
0 0.12421875 0.07421875 0.0671875 0.05625
0 0.7390625 0.03203125 0.08125 0.0640625