1 0.41171875 0.309375 0.1265625 0.096875
1 0.42578125 0.1359375 0.084375 0.0578125
1 0.93828125 0.325 0.0828125 0.0796875
1 0.92890625 0.1546875 0.0859375 0.065625
1 0.1359375 0.203125 0.1 0.065625
1 0.05625 0.18125 0.0921875 0.0515625
1 0.6671875 0.134375 0.090625 0.05625
1 0.97578125 0.1640625 0.046875 0.0796875
1 0.63515625 0.1140625 0.071875 0.05
1 0.18828125 0.1390625 0.0765625 0.0453125
1 0.17890625 0.17578125 0.0875 0.0640625
2 0.19609375 0.93125 0.10625 0.11875
2 0.42109375 0.55 0.0765625 0.0859375
3 0.08671875 0.28828125 0.1734375 0.16875
3 0.59375 0.62109375 0.290625 0.265625
0 0.68515625 0.33515625 0.43125 0.2890625
0 0.4578125 0.0796875 0.19375 0.1046875
0 0.10078125 0.103125 0.2 0.1140625
0 0.95625 0.0796875 0.0859375 0.10625
0 0.83671875 0.07890625 0.18125 0.10625