1 0.03984375 0.92109375 0.078125 0.1546875
1 0.75390625 0.90625 0.3140625 0.184375
1 0.81875 0.24609375 0.1125 0.08125
1 0.0671875 0.32578125 0.084375 0.1
1 0.2671875 0.88828125 0.2953125 0.2203125
1 0.50859375 0.1734375 0.075 0.0609375
1 0.97265625 0.1546875 0.053125 0.05
1 0.97265625 0.31875 0.053125 0.075
1 0.65078125 0.2046875 0.103125 0.084375
1 0.4296875 0.25390625 0.096875 0.075
1 0.10703125 0.13359375 0.053125 0.0484375
1 0.584375 0.29140625 0.1140625 0.0953125
1 0.96953125 0.27421875 0.059375 0.0640625
1 0.19609375 0.19296875 0.05 0.0640625
1 0.47109375 0.23046875 0.0953125 0.06875
1 0.98515625 0.09375 0.028125 0.0359375
1 0.05390625 0.22890625 0.06875 0.071875
1 0.0765625 0.2484375 0.075 0.078125
1 0.32578125 0.2265625 0.09375 0.0796875
1 0.12734375 0.16484375 0.05625 0.0640625
1 0.6203125 0.25703125 0.10625 0.0859375
1 0.3796875 0.20703125 0.0515625 0.059375
2 0.21328125 0.28359375 0.04375 0.0484375
2 0.46328125 0.1359375 0.03125 0.0359375
2 0.26484375 0.20625 0.03125 0.0546875
2 0.89453125 0.13984375 0.0234375 0.0390625
3 0.58671875 0.6609375 0.28125 0.2625
0 0.28828125 0.0796875 0.0859375 0.1109375