1 0.8234375 0.24921875 0.1140625 0.084375
1 0.03984375 0.921875 0.078125 0.1515625
1 0.96484375 0.928125 0.06875 0.140625
1 0.68359375 0.90546875 0.309375 0.1859375
1 0.2671875 0.89140625 0.2953125 0.2140625
1 0.09296875 0.29609375 0.075 0.0859375
1 0.68828125 0.21484375 0.10625 0.0859375
1 0.97265625 0.31875 0.053125 0.075
1 0.58125 0.18515625 0.0828125 0.059375
1 0.4296875 0.253125 0.096875 0.0765625
1 0.47890625 0.23125 0.0796875 0.0671875
1 0.96953125 0.275 0.059375 0.0609375
1 0.03046875 0.15625 0.0609375 0.0546875
1 0.18671875 0.19453125 0.0671875 0.075
1 0.57421875 0.28828125 0.1125 0.09375
1 0.03359375 0.2359375 0.0671875 0.084375
1 0.5859375 0.2453125 0.103125 0.071875
1 0.89296875 0.0984375 0.0421875 0.040625
1 0.10390625 0.178125 0.0578125 0.08125
1 0.95703125 0.1140625 0.05 0.04375
1 0.37890625 0.20859375 0.053125 0.0609375
1 0.99453125 0.15390625 0.009375 0.0296875
2 0.21328125 0.28515625 0.04375 0.0484375
2 0.4640625 0.13515625 0.03125 0.034375
2 0.26484375 0.209375 0.03125 0.0515625
2 0.9203125 0.16796875 0.028125 0.046875
2 0.3578125 0.16953125 0.021875 0.03125
3 0.58671875 0.66015625 0.28125 0.2609375
0 0.2515625 0.1109375 0.1046875 0.134375