1 0.284375 0.6546875 0.1375 0.165625
1 0.77109375 0.528125 0.15625 0.1296875
1 0.95078125 0.58828125 0.096875 0.090625
1 0.646875 0.89921875 0.275 0.1984375
1 0.66640625 0.4359375 0.1265625 0.1015625
1 0.58984375 0.46328125 0.1265625 0.10625
1 0.36484375 0.18203125 0.034375 0.025
1 0.45078125 0.196875 0.034375 0.028125
1 0.50546875 0.38515625 0.090625 0.08125
1 0.15390625 0.53984375 0.09375 0.1203125
1 0.44453125 0.40703125 0.096875 0.08125
1 0.54609375 0.21953125 0.0515625 0.0359375
1 0.13359375 0.43671875 0.065625 0.0859375
1 0.0890625 0.48359375 0.078125 0.1
1 0.03671875 0.43984375 0.059375 0.0796875
1 0.0203125 0.2796875 0.040625 0.0453125
1 0.28203125 0.18203125 0.0265625 0.028125
1 0.43359375 0.43203125 0.0859375 0.046875
1 0.00859375 0.4046875 0.0171875 0.065625
2 0.0671875 0.65859375 0.03125 0.075
2 0.71171875 0.265625 0.025 0.0390625
0 0.90859375 0.4640625 0.18125 0.228125
0 0.80390625 0.78515625 0.390625 0.4265625
0 0.07109375 0.3640625 0.1421875 0.146875
0 0.28984375 0.328125 0.175 0.1375
0 0.37734375 0.31796875 0.175 0.134375
0 0.36484375 0.553125 0.4109375 0.409375
0 0.25859375 0.46328125 0.2 0.2296875
0 0.06328125 0.171875 0.04375 0.034375