1 0.68203125 0.45 0.0796875 0.0859375
1 0.34765625 0.23125 0.0328125 0.0453125
1 0.82734375 0.5609375 0.09375 0.11875
1 0.4546875 0.19609375 0.025 0.0375
1 0.42578125 0.15078125 0.025 0.03125
1 0.77734375 0.44609375 0.0796875 0.09375
1 0.26015625 0.48671875 0.0703125 0.1046875
1 0.25546875 0.21484375 0.028125 0.040625
1 0.44296875 0.25078125 0.034375 0.05
1 0.546875 0.11015625 0.015625 0.0203125
1 0.81640625 0.403125 0.078125 0.0859375
1 0.46328125 0.121875 0.015625 0.021875
1 0.99296875 0.27578125 0.0125 0.0484375
3 0.4734375 0.31640625 0.053125 0.1375
0 0.25859375 0.696875 0.2140625 0.4765625
0 0.10234375 0.61484375 0.2046875 0.4890625
0 0.36171875 0.41953125 0.11875 0.2390625
1 0.13515625 0.721875 0.071875 0.1703125
1 0.95234375 0.26796875 0.04375 0.0546875
1 0.2234375 0.18671875 0.0265625 0.034375
1 0.24453125 0.16484375 0.0390625 0.034375