1 0.59453125 0.23515625 0.0671875 0.0453125
1 0.92578125 0.26640625 0.0875 0.0640625
1 0.52109375 0.37109375 0.10625 0.0796875
1 0.76171875 0.290625 0.09375 0.0625
1 0.56796875 0.88046875 0.2609375 0.2359375
1 0.4515625 0.1796875 0.0328125 0.0296875
1 0.1640625 0.21953125 0.03125 0.03125
1 0.36640625 0.16796875 0.034375 0.025
1 0.09921875 0.2515625 0.028125 0.0375
1 0.0265625 0.35546875 0.0375 0.059375
1 0.5484375 0.1984375 0.0515625 0.0375
1 0.28203125 0.1703125 0.03125 0.0296875
2 0.04921875 0.62578125 0.0328125 0.075
2 0.09140625 0.665625 0.0359375 0.0828125
3 0.1015625 0.475 0.0875 0.125
0 0.5359375 0.64375 0.4375 0.45