1 0.9203125 0.5234375 0.1578125 0.1390625
1 0.17734375 0.88828125 0.2515625 0.215625
1 0.54453125 0.35078125 0.125 0.0984375
1 0.86640625 0.9359375 0.265625 0.125
1 0.97734375 0.28828125 0.04375 0.065625
1 0.52265625 0.9484375 0.2875 0.1
1 0.70546875 0.85546875 0.2671875 0.215625
1 0.41015625 0.1703125 0.065625 0.0515625
1 0.340625 0.12578125 0.028125 0.0453125
1 0.93671875 0.071875 0.034375 0.034375
1 0.14921875 0.1265625 0.05625 0.0546875
2 0.54453125 0.1453125 0.028125 0.03125
2 0.296875 0.53203125 0.1109375 0.0859375
2 0.97109375 0.39609375 0.053125 0.0515625
2 0.546875 0.26640625 0.0375 0.040625
2 0.9125 0.3546875 0.053125 0.0578125
2 0.37421875 0.31953125 0.03125 0.046875
2 0.8046875 0.34296875 0.04375 0.0546875
2 0.7171875 0.59609375 0.075 0.08125
2 0.39453125 0.2265625 0.0421875 0.046875
2 0.50703125 0.15859375 0.025 0.03125
2 0.60390625 0.2859375 0.0359375 0.0546875
2 0.76015625 0.359375 0.04375 0.0484375
3 0.58828125 0.6765625 0.2828125 0.2578125
0 0.67890625 0.17578125 0.234375 0.1859375
0 0.87109375 0.04921875 0.046875 0.0578125