1 0.21015625 0.92421875 0.13125 0.1484375
1 0.0546875 0.9390625 0.109375 0.11875
1 0.3953125 0.93125 0.125 0.134375
1 0.55234375 0.740625 0.0875 0.1671875
1 0.55703125 0.9203125 0.1125 0.15625
1 0.41640625 0.7453125 0.0875 0.16875
1 0.0578125 0.72109375 0.115625 0.153125
1 0.28125 0.765625 0.1046875 0.1765625
1 0.4484375 0.5890625 0.078125 0.1515625
1 0.13203125 0.7984375 0.1140625 0.178125
1 0.32734375 0.64296875 0.08125 0.1375
1 0.978125 0.315625 0.0359375 0.05
1 0.5453125 0.19296875 0.0203125 0.0296875
1 0.91796875 0.34296875 0.040625 0.0515625
1 0.19453125 0.6546875 0.096875 0.171875
1 0.26171875 0.5609375 0.071875 0.1109375
1 0.35546875 0.559375 0.071875 0.1109375
1 0.29921875 0.484375 0.059375 0.090625
1 0.66875 0.1765625 0.015625 0.025
1 0.39765625 0.440625 0.0515625 0.078125
1 0.36875 0.49453125 0.0609375 0.0890625
1 0.53046875 0.1359375 0.0109375 0.0171875
1 0.64921875 0.15 0.015625 0.021875
1 0.3203125 0.43671875 0.05 0.075
1 0.99453125 0.4640625 0.009375 0.04375
2 0.0765625 0.37890625 0.0125 0.0390625
2 0.96484375 0.4234375 0.015625 0.04375
0 0.175 0.3546875 0.1296875 0.146875
0 0.28984375 0.325 0.078125 0.1359375
0 0.24453125 0.3890625 0.096875 0.1703125
0 0.1390625 0.51875 0.225 0.3078125
1 0.39453125 0.3875 0.0375 0.034375
1 0.334375 0.39453125 0.0390625 0.059375
1 0.35546875 0.36875 0.0390625 0.05625
1 0.3734375 0.33671875 0.0328125 0.046875
1 0.21953125 0.2359375 0.0328125 0.040625
3 0.2640625 0.23125 0.0390625 0.0640625
3 0.9671875 0.27421875 0.065625 0.0546875
0 0.41953125 0.30625 0.059375 0.165625
0 0.35078125 0.27109375 0.075 0.11875