1 0.2609375 0.41328125 0.09375 0.078125
1 0.55390625 0.796875 0.19375 0.2390625
1 0.81640625 0.5609375 0.0875 0.140625
1 0.57890625 0.43828125 0.09375 0.0984375
1 0.3828125 0.7546875 0.203125 0.209375
1 0.05390625 0.5390625 0.1078125 0.1375
1 0.91953125 0.24375 0.028125 0.03125
1 0.88359375 0.325 0.04375 0.0609375
1 0.80390625 0.42109375 0.05625 0.0875
1 0.16875 0.3984375 0.0609375 0.0640625
1 0.97265625 0.2640625 0.03125 0.04375
1 0.86171875 0.21796875 0.0234375 0.0390625
1 0.40703125 0.3484375 0.0703125 0.0671875
1 0.56953125 0.28984375 0.046875 0.046875
1 0.52578125 0.3046875 0.05 0.046875
1 0.50078125 0.29296875 0.0203125 0.0296875
1 0.98359375 0.2 0.0171875 0.021875