1 0.6765625 0.315625 0.15625 0.1203125
1 0.91171875 0.365625 0.175 0.146875
1 0.87734375 0.2046875 0.0890625 0.0875
1 0.8625 0.05 0.0875 0.0515625
1 0.96484375 0.61015625 0.06875 0.1765625
1 0.09765625 0.3390625 0.08125 0.09375
1 0.95078125 0.2953125 0.096875 0.0953125
1 0.16875 0.38046875 0.090625 0.10625
1 0.96328125 0.18125 0.071875 0.0703125
1 0.28125 0.23203125 0.071875 0.071875
1 0.684375 0.09453125 0.090625 0.0453125
1 0.39453125 0.09296875 0.0625 0.040625
1 0.975 0.21015625 0.0484375 0.084375
1 0.86015625 0.14921875 0.0765625 0.065625
1 0.48671875 0.12578125 0.06875 0.0375
2 0.86640625 0.08125 0.034375 0.040625
3 0.28671875 0.38203125 0.18125 0.246875
0 0.684375 0.21015625 0.328125 0.228125
0 0.66953125 0.57421875 0.59375 0.5296875
0 0.45234375 0.22890625 0.2703125 0.190625
0 0.14765625 0.2640625 0.178125 0.16875
0 0.03515625 0.28046875 0.0703125 0.1515625
0 0.33828125 0.16640625 0.196875 0.134375
0 0.23515625 0.0984375 0.125 0.0640625
0 0.38828125 0.33984375 0.1 0.1015625
0 0.16640625 0.15390625 0.1625 0.096875