1 0.75 0.41953125 0.15625 0.1171875
1 0.94453125 0.9140625 0.109375 0.16875
1 0.64609375 0.90546875 0.3078125 0.1859375
1 0.21875 0.91171875 0.29375 0.171875
1 0.9734375 0.32109375 0.0515625 0.071875
1 0.58203125 0.18828125 0.084375 0.05625
1 0.6890625 0.21015625 0.10625 0.071875
1 0.3515625 0.278125 0.0953125 0.078125
1 0.46796875 0.23359375 0.096875 0.0671875
1 0.43046875 0.25625 0.096875 0.071875
1 0.97734375 0.09609375 0.04375 0.040625
1 0.96953125 0.2765625 0.059375 0.0609375
1 0.8890625 0.07421875 0.0375 0.0375
1 0.57421875 0.28984375 0.1125 0.0953125
1 0.58671875 0.24609375 0.103125 0.0671875
1 0.575 0.359375 0.109375 0.0859375
1 0.95390625 0.13671875 0.0546875 0.0515625
2 0.3921875 0.1546875 0.03125 0.04375
2 0.2140625 0.28515625 0.04375 0.0484375
2 0.26796875 0.184375 0.0234375 0.0453125
2 0.24296875 0.16953125 0.0203125 0.0390625
2 0.17578125 0.15859375 0.021875 0.04375
2 0.20625 0.1890625 0.0359375 0.0453125
3 0.73828125 0.275 0.159375 0.128125
3 0.59140625 0.66484375 0.290625 0.2625
0 0.08046875 0.190625 0.159375 0.1890625
0 0.83828125 0.25078125 0.1375 0.1578125