1 0.74921875 0.3453125 0.128125 0.1015625
1 0.43828125 0.41015625 0.146875 0.1203125
1 0.19609375 0.5359375 0.190625 0.1609375
1 0.13203125 0.48046875 0.153125 0.15
1 0.14609375 0.21484375 0.1015625 0.059375
1 0.13203125 0.190625 0.096875 0.05625
1 0.7390625 0.1640625 0.0515625 0.046875
1 0.25390625 0.18984375 0.0625 0.05625
1 0.48515625 0.32109375 0.096875 0.0984375
1 0.91796875 0.08046875 0.040625 0.03125
1 0.9578125 0.071875 0.046875 0.034375
1 0.81328125 0.03515625 0.028125 0.0265625
1 0.72734375 0.196875 0.0265625 0.046875
1 0.2765625 0.1984375 0.0765625 0.0453125
2 0.86171875 0.475 0.0609375 0.071875
2 0.2125 0.121875 0.0171875 0.05625
2 0.08046875 0.13671875 0.01875 0.0453125
3 0.5875 0.6546875 0.2875 0.265625
0 0.546875 0.21171875 0.3421875 0.184375
0 0.89609375 0.153125 0.20625 0.14375
0 0.22421875 0.328125 0.3546875 0.2859375
0 0.25390625 0.0515625 0.09375 0.096875
0 0.86796875 0.03515625 0.0921875 0.0703125