1 0.77734375 0.7359375 0.2265625 0.271875
1 0.1625 0.68515625 0.2796875 0.2046875
1 0.29296875 0.896875 0.35625 0.2015625
1 0.446875 0.621875 0.225 0.2109375
1 0.55546875 0.70859375 0.2265625 0.2390625
1 0.16015625 0.8546875 0.3203125 0.275
1 0.95546875 0.90625 0.0875 0.184375
1 0.18125 0.21875 0.115625 0.0703125
1 0.71875 0.1515625 0.075 0.0703125
1 0.928125 0.14453125 0.075 0.078125
1 0.5703125 0.15390625 0.0765625 0.0640625
1 0.46171875 0.45 0.178125 0.175
1 0.640625 0.1234375 0.059375 0.053125
1 0.66953125 0.1484375 0.0640625 0.059375
1 0.7703125 0.1328125 0.0359375 0.04375
1 0.79453125 0.14375 0.06875 0.065625
1 0.83046875 0.15 0.059375 0.08125
1 0.88515625 0.1234375 0.065625 0.0671875
1 0.975 0.11171875 0.05 0.0765625
1 0.93984375 0.0953125 0.0390625 0.0359375
1 0.9125 0.08203125 0.0375 0.0296875
1 0.91875 0.0546875 0.0375 0.03125