1 0.65390625 0.62890625 0.06875 0.1015625
1 0.57734375 0.91484375 0.1171875 0.1671875
1 0.790625 0.9515625 0.15625 0.09375
1 0.55234375 0.70625 0.078125 0.128125
1 0.96796875 0.45390625 0.0625 0.0484375
1 0.65546875 0.81953125 0.1375 0.16875
1 0.58984375 0.503125 0.0421875 0.0609375
1 0.55546875 0.60078125 0.059375 0.090625
1 0.25078125 0.50703125 0.08125 0.0484375
1 0.74140625 0.41328125 0.03125 0.040625
1 0.07109375 0.5390625 0.09375 0.05625
1 0.86328125 0.43359375 0.08125 0.040625
1 0.01796875 0.58359375 0.0359375 0.0640625
1 0.6828125 0.459375 0.0390625 0.0515625
1 0.92578125 0.60625 0.10625 0.090625
1 0.27265625 0.57578125 0.0671875 0.05625
1 0.8453125 0.625 0.1265625 0.1171875
1 0.60390625 0.453125 0.0390625 0.0609375
1 0.14375 0.58984375 0.0609375 0.071875
1 0.0921875 0.64921875 0.071875 0.109375
1 0.07109375 0.59453125 0.059375 0.0671875
1 0.571875 0.4265625 0.028125 0.03125
1 0.69140625 0.43046875 0.034375 0.05
1 0.8421875 0.4546875 0.0828125 0.04375
0 0.33359375 0.6453125 0.18125 0.2203125
0 0.28125 0.8359375 0.2609375 0.325