1 0.971875 0.44140625 0.0546875 0.046875
1 0.65078125 0.6140625 0.065625 0.10625
1 0.025 0.55703125 0.05 0.05625
1 0.86328125 0.6140625 0.146875 0.1171875
1 0.21171875 0.503125 0.0859375 0.0578125
1 0.76640625 0.909375 0.15 0.178125
1 0.1921875 0.621875 0.084375 0.096875
1 0.93671875 0.596875 0.103125 0.09375
1 0.33671875 0.48671875 0.078125 0.059375
1 0.09921875 0.628125 0.071875 0.1109375
1 0.35390625 0.559375 0.053125 0.078125
1 0.7390625 0.3703125 0.021875 0.0296875
1 0.84765625 0.44140625 0.0875 0.04375
1 0.46171875 0.4984375 0.05625 0.0671875
1 0.41171875 0.5015625 0.053125 0.0671875
1 0.68984375 0.4140625 0.0328125 0.05
1 0.52265625 0.4046875 0.028125 0.0359375
1 0.8703125 0.41953125 0.08125 0.0390625
1 0.15078125 0.56953125 0.0625 0.071875
2 0.2765625 0.61171875 0.0234375 0.06875
0 0.43125 0.6953125 0.1953125 0.3546875
0 0.53984375 0.55 0.1125 0.215625
0 0.61875 0.4109375 0.0796875 0.096875