1 0.9359375 0.71015625 0.1265625 0.1796875
1 0.7234375 0.3859375 0.071875 0.128125
1 0.42890625 0.24375 0.075 0.071875
1 0.11484375 0.6703125 0.184375 0.1921875
1 0.23984375 0.18515625 0.053125 0.0484375
1 0.971875 0.45078125 0.0546875 0.0875
1 0.7171875 0.5453125 0.096875 0.16875
1 0.5046875 0.18125 0.0515625 0.0484375
1 0.971875 0.1453125 0.0546875 0.0453125
1 0.76796875 0.0953125 0.034375 0.0359375
1 0.03828125 0.31328125 0.0765625 0.0890625
1 0.01640625 0.2734375 0.0328125 0.0390625
1 0.46015625 0.32421875 0.0890625 0.1
1 0.33828125 0.2640625 0.0703125 0.0640625
1 0.37265625 0.11796875 0.0328125 0.028125
1 0.3375 0.17109375 0.04375 0.05
1 0.0109375 0.49375 0.021875 0.0578125
2 0.14921875 0.2109375 0.0171875 0.0375
2 0.0625 0.240625 0.0234375 0.0265625
0 0.70078125 0.078125 0.05625 0.1
0 0.76953125 0.03046875 0.03125 0.05
0 0.22578125 0.078125 0.040625 0.0484375