1 0.67734375 0.31328125 0.153125 0.11875
1 0.91796875 0.09375 0.09375 0.06875
1 0.56953125 0.084375 0.0703125 0.04375
1 0.87890625 0.20078125 0.0890625 0.090625
1 0.965625 0.61015625 0.0671875 0.171875
1 0.86171875 0.046875 0.09375 0.05
1 0.0984375 0.33359375 0.08125 0.09375
1 0.5703125 0.32421875 0.15 0.08125
1 0.16875 0.37578125 0.090625 0.1078125
1 0.9640625 0.18125 0.0703125 0.075
1 0.91328125 0.36484375 0.171875 0.1484375
1 0.41953125 0.07421875 0.053125 0.0375
1 0.95078125 0.29375 0.096875 0.0953125
1 0.85703125 0.4015625 0.196875 0.1109375
1 0.2828125 0.2203125 0.0703125 0.059375
1 0.97578125 0.209375 0.046875 0.08125
1 0.29375 0.26875 0.090625 0.08125
3 0.28828125 0.3765625 0.18125 0.246875
0 0.68671875 0.20859375 0.328125 0.228125
0 0.67109375 0.57109375 0.59375 0.528125
0 0.03671875 0.278125 0.0734375 0.15
0 0.14765625 0.259375 0.184375 0.165625
0 0.1671875 0.146875 0.159375 0.0984375
0 0.3421875 0.1609375 0.2015625 0.1296875
0 0.2359375 0.09453125 0.1265625 0.0640625
0 0.38515625 0.3359375 0.09375 0.1015625
0 0.45234375 0.22421875 0.2703125 0.1890625