1 0.40625 0.3640625 0.09375 0.10625
1 0.82734375 0.684375 0.16875 0.1875
1 0.534375 0.51875 0.115625 0.1453125
1 0.62265625 0.4484375 0.125 0.121875
1 0.44140625 0.2890625 0.0875 0.0890625
1 0.79609375 0.91015625 0.1875 0.1765625
1 0.4796875 0.08203125 0.03125 0.046875
1 0.2140625 0.21953125 0.065625 0.0765625
1 0.0125 0.13671875 0.025 0.0671875
1 0.63046875 0.1734375 0.05625 0.0796875
1 0.303125 0.2390625 0.06875 0.0671875
1 0.8015625 0.23828125 0.078125 0.065625
1 0.36640625 0.01328125 0.028125 0.0265625
1 0.9171875 0.3046875 0.096875 0.071875
1 0.5984375 0.134375 0.0390625 0.05625
1 0.68515625 0.2265625 0.0546875 0.065625
1 0.60390625 0.03125 0.025 0.0375
1 0.69765625 0.16875 0.05 0.0640625
1 0.73671875 0.2 0.0578125 0.0640625
1 0.66015625 0.121875 0.040625 0.05625
1 0.7875 0.01640625 0.021875 0.0328125
1 0.596875 0.00546875 0.01875 0.0109375
1 0.62265625 0.075 0.03125 0.04375
1 0.98984375 0.95390625 0.01875 0.0890625
2 0.146875 0.41484375 0.0546875 0.0859375
2 0.25859375 0.50078125 0.0609375 0.084375
2 0.6109375 0.28671875 0.03125 0.0671875
2 0.01171875 0.2640625 0.0234375 0.0625
2 0.96484375 0.1015625 0.040625 0.0453125
3 0.2578125 0.13984375 0.1453125 0.16875
0 0.8328125 0.39453125 0.3328125 0.3453125
0 0.44921875 0.1765625 0.2265625 0.19375
0 0.5734375 0.0640625 0.04375 0.084375
1 0.7671875 0.0109375 0.025 0.021875
0 0.43984375 0.1453125 0.0015625 0.0015625
1 0.32578125 0.27578125 0.0703125 0.1
1 0.08515625 0.16328125 0.090625 0.06875