1 0.3421875 0.34609375 0.0765625 0.0703125
1 0.4203125 0.19921875 0.05 0.0390625
1 0.3015625 0.19609375 0.040625 0.025
1 0.52265625 0.23203125 0.0625 0.05
1 0.571875 0.48046875 0.1359375 0.1203125
1 0.34375 0.18515625 0.0375 0.0296875
1 0.67109375 0.3984375 0.121875 0.0890625
1 0.54453125 0.3609375 0.103125 0.08125
1 0.67265625 0.45546875 0.1375 0.1140625
1 0.50546875 0.3984375 0.103125 0.09375
1 0.55 0.1859375 0.05 0.0359375
1 0.88671875 0.58046875 0.225 0.2359375
1 0.45390625 0.16875 0.0359375 0.0296875
1 0.04609375 0.17109375 0.015625 0.0203125
1 0.36796875 0.15703125 0.034375 0.021875
1 0.9125 0.51484375 0.146875 0.115625
1 0.28359375 0.16015625 0.03125 0.03125
2 0.1578125 0.58125 0.0328125 0.0625
3 0.421875 0.6953125 0.2 0.26875
0 0.8984375 0.42421875 0.2015625 0.2453125