1 0.68515625 0.37578125 0.1421875 0.0890625
1 0.94921875 0.51796875 0.1 0.1171875
1 0.16015625 0.43828125 0.1125 0.125
1 0.81171875 0.5140625 0.1515625 0.165625
1 0.18046875 0.24296875 0.071875 0.0703125
1 0.43125 0.33046875 0.0640625 0.0796875
1 0.05234375 0.19921875 0.046875 0.046875
1 0.02109375 0.17421875 0.034375 0.0328125
1 0.1359375 0.74296875 0.21875 0.359375
1 0.8640625 0.9546875 0.2625 0.0875
1 0.01640625 0.20546875 0.0328125 0.0453125
1 0.91171875 0.00546875 0.0421875 0.0109375
3 0.37734375 0.32578125 0.1734375 0.09375