1 0.07265625 0.87890625 0.1453125 0.2390625
1 0.18359375 0.515625 0.08125 0.1359375
1 0.8859375 0.91015625 0.2234375 0.1765625
1 0.83671875 0.484375 0.1171875 0.10625
1 0.54609375 0.67890625 0.125 0.2015625
1 0.70078125 0.37109375 0.0703125 0.071875
1 0.7734375 0.378125 0.0765625 0.075
1 0.41328125 0.509375 0.096875 0.1671875
1 0.54609375 0.44609375 0.08125 0.1078125
1 0.9671875 0.48984375 0.0640625 0.128125
1 0.6046875 0.271875 0.040625 0.0453125
1 0.96640625 0.3453125 0.065625 0.05625
1 0.19609375 0.365625 0.075 0.10625
1 0.3765625 0.36640625 0.05625 0.08125
1 0.49375 0.48359375 0.09375 0.1265625
1 0.853125 0.26328125 0.0484375 0.0453125
1 0.57578125 0.2953125 0.05 0.0546875
1 0.5046875 0.3796875 0.06875 0.08125
1 0.709375 0.30859375 0.0625 0.065625
1 0.16328125 0.33046875 0.04375 0.071875
1 0.41640625 0.29375 0.046875 0.071875
1 0.3359375 0.31640625 0.05 0.0703125
1 0.32109375 0.40546875 0.0703125 0.1265625
2 0.05078125 0.375 0.046875 0.0609375
2 0.08671875 0.31484375 0.025 0.0375
2 0.87109375 0.35546875 0.021875 0.0453125
0 0.53203125 0.07890625 0.05 0.06875