1 0.4859375 0.3703125 0.0828125 0.15625
1 0.52265625 0.73515625 0.134375 0.321875
1 0.74375 0.3890625 0.11875 0.1671875
1 0.8828125 0.74921875 0.2328125 0.3609375
1 0.62265625 0.365625 0.090625 0.15
1 0.6703125 0.5546875 0.1125 0.1984375
1 0.75390625 0.89453125 0.196875 0.2078125
1 0.97421875 0.0453125 0.05 0.0546875
1 0.03046875 0.19375 0.0609375 0.0625
1 0.73203125 0.01484375 0.03125 0.0296875
1 0.40390625 0.03359375 0.028125 0.0484375
1 0.28828125 0.04609375 0.0359375 0.0453125
1 0.68046875 0.00859375 0.0234375 0.0171875
2 0.265625 0.11875 0.025 0.0453125
2 0.40546875 0.21875 0.0421875 0.0515625
2 0.40078125 0.2109375 0.03125 0.034375
2 0.67421875 0.13515625 0.0359375 0.0484375
0 0.89609375 0.44609375 0.20625 0.575