1 0.490625 0.9109375 0.184375 0.175
1 0.521875 0.63671875 0.121875 0.2671875
1 0.2703125 0.44453125 0.1140625 0.215625
1 0.48671875 0.36796875 0.0828125 0.1578125
1 0.79140625 0.228125 0.0921875 0.1109375
1 0.58828125 0.25625 0.071875 0.1203125
1 0.0546875 0.278125 0.0765625 0.1109375
1 0.959375 0.28203125 0.0796875 0.128125
1 0.77734375 0.059375 0.06875 0.059375
1 0.34765625 0.0640625 0.034375 0.0609375
1 0.6 0.07109375 0.0421875 0.0578125
1 0.7453125 0.83359375 0.2109375 0.3296875
1 0.4609375 0.0796875 0.0578125 0.08125
1 0.65546875 0.17890625 0.0671875 0.1015625
1 0.53671875 0.08828125 0.046875 0.065625
1 0.40390625 0.04921875 0.0328125 0.0546875
1 0.13671875 0.1890625 0.078125 0.09375
1 0.18515625 0.11640625 0.0453125 0.0703125
1 0.97421875 0.04296875 0.05 0.0515625
1 0.58203125 0.02578125 0.034375 0.0515625
1 0.4546875 0.01875 0.034375 0.0375
1 0.37421875 0.0203125 0.0375 0.040625
1 0.33984375 0.01796875 0.034375 0.0359375
1 0.53359375 0.01796875 0.028125 0.0359375
1 0.0203125 0.14609375 0.0265625 0.059375
1 0.2265625 0.09296875 0.059375 0.0703125
1 0.73828125 0.01796875 0.0421875 0.0359375
1 0.87734375 0.49453125 0.1984375 0.2859375
1 0.41328125 0.01484375 0.0375 0.0296875
1 0.53984375 0.04296875 0.034375 0.0453125
3 0.88828125 0.6734375 0.221875 0.646875
0 0.21484375 0.2359375 0.1859375 0.3140625