1 0.4125 0.72890625 0.090625 0.1984375
1 0.40546875 0.490625 0.065625 0.10625
1 0.26796875 0.58671875 0.096875 0.1953125
1 0.78984375 0.371875 0.103125 0.1046875
1 0.13046875 0.228125 0.053125 0.040625
1 0.190625 0.20390625 0.05625 0.0375
1 0.321875 0.37578125 0.046875 0.08125
1 0.6859375 0.3765625 0.0953125 0.0859375
1 0.24765625 0.234375 0.05 0.04375
1 0.98203125 0.21875 0.034375 0.040625
1 0.375 0.32109375 0.0421875 0.06875
1 0.66953125 0.315625 0.075 0.0609375
1 0.94921875 0.4484375 0.1 0.08125
1 0.9453125 0.50390625 0.1078125 0.115625
1 0.57734375 0.309375 0.0703125 0.0703125
1 0.49921875 0.2765625 0.053125 0.0609375
1 0.30703125 0.30703125 0.0375 0.059375
1 0.5484375 0.23203125 0.040625 0.046875
1 0.33203125 0.24453125 0.0390625 0.0453125
1 0.60546875 0.2703125 0.0578125 0.059375
1 0.29140625 0.2640625 0.0390625 0.05625
1 0.36015625 0.27578125 0.0421875 0.0515625
1 0.24453125 0.1890625 0.0453125 0.0375
1 0.96796875 0.18671875 0.053125 0.040625
1 0.29140625 0.17109375 0.03125 0.0359375
1 0.46796875 0.21171875 0.03125 0.0453125
1 0.49921875 0.23828125 0.040625 0.05
1 0.31484375 0.15546875 0.021875 0.0296875
1 0.56484375 0.27109375 0.065625 0.05
2 0.2546875 0.375 0.0203125 0.0453125
2 0.45546875 0.31171875 0.028125 0.046875
0 0.89609375 0.74140625 0.20625 0.4421875
1 0.5046875 0.2046875 0.0390625 0.053125
1 0.45234375 0.19140625 0.0265625 0.0390625
1 0.45234375 0.16484375 0.0265625 0.0296875
1 0.47890625 0.17421875 0.015625 0.0359375
1 0.49609375 0.16875 0.021875 0.0328125
1 0.39921875 0.16015625 0.021875 0.034375
1 0.4328125 0.1515625 0.015625 0.028125
1 0.95859375 0.17890625 0.053125 0.0375
0 0.371875 0.140625 0.0515625 0.075
2 0.97734375 0.56796875 0.0375 0.040625
2 0.73046875 0.32265625 0.0171875 0.04375