1 0.75 0.89140625 0.140625 0.2140625
1 0.62734375 0.55390625 0.0671875 0.115625
1 0.49453125 0.490625 0.0515625 0.08125
1 0.55703125 0.39921875 0.0515625 0.0578125
1 0.18828125 0.56171875 0.0875 0.1140625
1 0.85859375 0.559375 0.1453125 0.11875
1 0.0953125 0.571875 0.071875 0.1109375
1 0.93046875 0.54296875 0.10625 0.096875
1 0.1359375 0.453125 0.0875 0.0546875
1 0.40703125 0.48828125 0.06875 0.06875
1 0.51796875 0.35 0.03125 0.0328125
1 0.9453125 0.29375 0.0203125 0.0234375
1 0.9703125 0.38828125 0.0578125 0.046875
1 0.409375 0.44375 0.053125 0.0546875
1 0.66640625 0.39140625 0.0359375 0.0546875
1 0.02734375 0.45390625 0.0546875 0.0515625
1 0.84296875 0.3890625 0.0890625 0.0453125
1 0.14765625 0.5140625 0.0625 0.071875
1 0.8671875 0.36484375 0.08125 0.040625
1 0.34375 0.52421875 0.1015625 0.1484375
0 0.640625 0.3515625 0.065625 0.0890625
1 0.7375 0.35859375 0.028125 0.04375
1 0.71484375 0.346875 0.021875 0.0390625
1 0.74609375 0.33828125 0.025 0.03125
0 0.77578125 0.30625 0.0484375 0.0609375