1 0.84140625 0.9140625 0.315625 0.16875
1 0.12421875 0.91015625 0.2484375 0.1734375
1 0.95078125 0.378125 0.096875 0.1078125
1 0.77109375 0.15859375 0.0828125 0.0546875
1 0.13515625 0.24140625 0.06875 0.0765625
1 0.98671875 0.1453125 0.025 0.05
1 0.059375 0.3203125 0.06875 0.1046875
1 0.2140625 0.2015625 0.05625 0.0703125
1 0.03828125 0.26328125 0.06875 0.0671875
1 0.87421875 0.146875 0.075 0.0578125
2 0.459375 0.1953125 0.028125 0.0390625
2 0.62890625 0.1203125 0.025 0.0296875
2 0.26796875 0.26796875 0.040625 0.0546875
2 0.11328125 0.46171875 0.05625 0.065625
2 0.37109375 0.19609375 0.0265625 0.0515625
2 0.43984375 0.390625 0.0453125 0.0671875
2 0.67265625 0.22421875 0.0359375 0.0375
2 0.16796875 0.471875 0.046875 0.0703125
2 0.56640625 0.2265625 0.0296875 0.04375
2 0.26328125 0.21015625 0.01875 0.0390625
2 0.028125 0.13359375 0.025 0.0296875
2 0.35078125 0.17421875 0.0265625 0.0328125
2 0.5859375 0.22109375 0.065625 0.0546875
3 0.58984375 0.65625 0.2921875 0.2609375