1 0.74765625 0.67421875 0.18125 0.178125
1 0.49453125 0.259375 0.075 0.0671875
1 0.62890625 0.4953125 0.115625 0.1359375
1 0.40234375 0.3890625 0.0953125 0.1109375
1 0.3296875 0.3046875 0.078125 0.0953125
1 0.48515625 0.3359375 0.090625 0.090625
1 0.23671875 0.24453125 0.0703125 0.075
1 0.3890625 0.2734375 0.078125 0.071875
1 0.3828125 0.05703125 0.03125 0.0515625
1 0.24296875 0.1109375 0.046875 0.0375
1 0.15625 0.20859375 0.0671875 0.065625
1 0.4546875 0.08125 0.0265625 0.040625
1 0.2765625 0.2109375 0.0703125 0.0671875
1 0.484375 0.0484375 0.0296875 0.040625
1 0.17890625 0.18515625 0.071875 0.05625
1 0.04921875 0.18515625 0.075 0.05625
1 0.4828125 0.10625 0.03125 0.046875
1 0.41015625 0.0140625 0.028125 0.028125
1 0.33046875 0.01875 0.0171875 0.0296875
1 0.64921875 0.140625 0.03125 0.059375
1 0.59140625 0.00859375 0.0171875 0.0171875
1 0.60546875 0.06171875 0.028125 0.0390625
1 0.47265625 0.00625 0.0265625 0.0125
1 0.36875 0.00625 0.0375 0.0125
1 0.94609375 0.36640625 0.053125 0.075
2 0.06015625 0.39140625 0.0328125 0.071875
2 0.83203125 0.08046875 0.0171875 0.0390625
2 0.79453125 0.140625 0.034375 0.0375
2 0.01484375 0.21171875 0.021875 0.05
2 0.14921875 0.43671875 0.059375 0.0859375
2 0.40234375 0.20546875 0.0234375 0.040625
2 0.2546875 0.5203125 0.0625 0.096875
2 0.0140625 0.29140625 0.028125 0.0609375
2 0.93046875 0.128125 0.0375 0.0375
2 0.96640625 0.1203125 0.03125 0.040625
2 0.51328125 0.13515625 0.046875 0.0484375
2 0.746875 0.01171875 0.01875 0.0234375
2 0.99296875 0.65546875 0.0125 0.0546875
0 0.81484375 0.328125 0.28125 0.315625
0 0.59921875 0.13203125 0.071875 0.1359375
0 0.04765625 0.12890625 0.0953125 0.1078125
1 0.65546875 0.21796875 0.05 0.0984375
1 0.23984375 0.16640625 0.0859375 0.0578125