1 0.96328125 0.225 0.071875 0.0609375
1 0.87421875 0.7234375 0.25 0.20625
1 0.4859375 0.209375 0.0890625 0.05625
1 0.2953125 0.26796875 0.1109375 0.071875
1 0.8203125 0.2640625 0.11875 0.071875
1 0.74140625 0.2390625 0.0984375 0.0640625
1 0.84296875 0.13515625 0.05625 0.0375
1 0.15234375 0.25859375 0.103125 0.065625
1 0.3296875 0.20703125 0.078125 0.0640625
1 0.02578125 0.26875 0.0515625 0.08125
1 0.91171875 0.128125 0.05625 0.021875
1 0.20546875 0.24140625 0.06875 0.0578125
1 0.07890625 0.23984375 0.0765625 0.0546875
1 0.02109375 0.21875 0.0421875 0.03125
1 0.2578125 0.22578125 0.071875 0.0546875