1 0.3765625 0.60546875 0.128125 0.178125
1 0.2203125 0.62578125 0.1515625 0.178125
1 0.71171875 0.29609375 0.059375 0.0703125
1 0.28359375 0.4296875 0.1171875 0.0890625
1 0.12734375 0.50625 0.15 0.109375
1 0.58671875 0.103125 0.0203125 0.025
1 0.0875 0.46171875 0.14375 0.1171875
1 0.85390625 0.2203125 0.05625 0.059375
1 0.38203125 0.36875 0.096875 0.078125
1 0.34375 0.19921875 0.059375 0.0390625
1 0.92890625 0.19140625 0.034375 0.0359375
1 0.19375 0.225 0.03125 0.04375
1 0.23671875 0.390625 0.0890625 0.08125
1 0.46328125 0.32421875 0.0796875 0.0703125
1 0.97578125 0.321875 0.046875 0.0890625
1 0.9359375 0.23125 0.0125 0.034375
1 0.7046875 0.1890625 0.065625 0.040625
1 0.38984375 0.29140625 0.0625 0.05625
1 0.52265625 0.28671875 0.0703125 0.059375
1 0.36171875 0.33828125 0.0796875 0.071875
1 0.61875 0.23515625 0.05625 0.0484375
1 0.55703125 0.0796875 0.015625 0.01875
1 0.57734375 0.25859375 0.059375 0.0546875
1 0.84921875 0.18984375 0.0625 0.0390625
2 0.6453125 0.246875 0.015625 0.0359375
2 0.70234375 0.215625 0.0234375 0.0390625
2 0.14765625 0.309375 0.028125 0.040625
0 0.2125 0.165625 0.140625 0.071875
0 0.96875 0.225 0.0609375 0.13125
0 0.3703125 0.12578125 0.0546875 0.08125