1 0.61875 0.38046875 0.1421875 0.1140625
1 0.3125 0.4515625 0.159375 0.134375
1 0.08359375 0.59609375 0.1671875 0.18125
1 0.03203125 0.51796875 0.0625 0.109375
1 0.35390625 0.36171875 0.10625 0.10625
1 0.1609375 0.18671875 0.0984375 0.05625
1 0.87265625 0.05703125 0.034375 0.034375
1 0.17265625 0.2109375 0.096875 0.059375
1 0.9890625 0.08515625 0.0203125 0.0375
2 0.775 0.48828125 0.059375 0.0609375
2 0.98515625 0.475 0.028125 0.06875
2 0.0734375 0.15390625 0.01875 0.0453125
2 0.21328125 0.1234375 0.015625 0.05
2 0.1625 0.0953125 0.009375 0.03125
2 0.990625 0.14296875 0.0171875 0.0328125
3 0.58671875 0.6546875 0.2875 0.265625
0 0.82109375 0.16796875 0.26875 0.1546875
0 0.15234375 0.34609375 0.3046875 0.2765625
0 0.43203125 0.23359375 0.36875 0.2046875
0 0.25234375 0.0515625 0.0875 0.096875