1 0.071875 0.646875 0.14375 0.1765625
1 0.7953125 0.2109375 0.034375 0.0453125
1 0.37578125 0.46171875 0.121875 0.1140625
1 0.52109375 0.253125 0.059375 0.0578125
1 0.34765625 0.38359375 0.1 0.096875
1 0.16953125 0.41953125 0.109375 0.1140625
1 0.72890625 0.15078125 0.028125 0.03125
1 0.71640625 0.115625 0.0203125 0.028125
1 0.63359375 0.184375 0.034375 0.0453125
1 0.87578125 0.16484375 0.03125 0.040625
1 0.65703125 0.203125 0.0390625 0.046875
1 0.69296875 0.1390625 0.0234375 0.0296875
1 0.91171875 0.21328125 0.0359375 0.05625
1 0.77890625 0.13359375 0.0203125 0.034375
1 0.753125 0.1140625 0.0203125 0.025
1 0.93046875 0.12109375 0.01875 0.028125
1 0.8609375 0.11953125 0.01875 0.028125
1 0.890625 0.1203125 0.01875 0.0375
1 0.965625 0.09296875 0.015625 0.021875
0 0.5453125 0.18125 0.0875 0.096875
0 0.0390625 0.084375 0.078125 0.09375