1 0.1 0.75859375 0.18125 0.265625
1 0.09921875 0.5109375 0.121875 0.1859375
1 0.05078125 0.37578125 0.0765625 0.1078125
1 0.66953125 0.571875 0.1015625 0.1515625
1 0.81328125 0.58203125 0.128125 0.1796875
1 0.6265625 0.38359375 0.0640625 0.096875
1 0.94765625 0.940625 0.103125 0.115625
1 0.73203125 0.375 0.06875 0.10625
1 0.52265625 0.340625 0.0703125 0.09375
1 0.76875 0.31171875 0.0546875 0.071875
1 0.62421875 0.21171875 0.0359375 0.05
1 0.159375 0.23671875 0.05625 0.0671875
1 0.68828125 0.27109375 0.04375 0.0640625
1 0.27421875 0.3609375 0.0640625 0.1
1 0.25078125 0.3203125 0.0640625 0.0859375
1 0.3796875 0.24921875 0.046875 0.071875
1 0.72578125 0.24375 0.0390625 0.0578125
1 0.41328125 0.29375 0.053125 0.0796875
1 0.22421875 0.20078125 0.046875 0.05
1 0.91640625 0.515625 0.1 0.171875
1 0.6859375 0.196875 0.0390625 0.05
1 0.14453125 0.3859375 0.0859375 0.13125
0 0.32734375 0.5140625 0.196875 0.4140625
0 0.3 0.21640625 0.109375 0.1453125
0 0.42890625 0.134375 0.065625 0.0796875