1 0.25703125 0.23125 0.040625 0.0375
1 0.16015625 0.3140625 0.0484375 0.0546875
1 0.53125 0.571875 0.1484375 0.140625
1 0.33515625 0.340625 0.071875 0.0703125
1 0.56015625 0.4203125 0.1171875 0.1046875
1 0.66015625 0.4046875 0.1203125 0.0984375
1 0.60078125 0.1984375 0.0546875 0.0375
1 0.04375 0.26875 0.034375 0.0546875
1 0.296875 0.3 0.0625 0.0546875
1 0.05859375 0.21953125 0.025 0.028125
1 0.1140625 0.17890625 0.021875 0.0171875
1 0.18515625 0.18359375 0.025 0.021875
1 0.453125 0.171875 0.034375 0.0296875
1 0.3640625 0.16015625 0.0265625 0.025
1 0.55 0.18984375 0.05 0.0359375
1 0.8390625 0.4953125 0.15625 0.0953125
1 0.88671875 0.58828125 0.225 0.228125
1 0.2828125 0.16484375 0.03125 0.025
1 0.61796875 0.18828125 0.028125 0.025
1 0.25546875 0.184375 0.0125 0.0203125
2 0.29921875 0.93203125 0.0484375 0.1203125
0 0.8984375 0.425 0.2015625 0.2390625