1 0.83984375 0.696875 0.28125 0.2609375
1 0.82265625 0.18359375 0.134375 0.0859375
1 0.66484375 0.478125 0.2 0.175
1 0.36875 0.38125 0.140625 0.121875
1 0.5953125 0.23125 0.121875 0.0953125
1 0.94140625 0.28125 0.115625 0.1046875
1 0.84765625 0.03203125 0.096875 0.05
1 0.7234375 0.2984375 0.1484375 0.1109375
1 0.39609375 0.14609375 0.075 0.059375
1 0.325 0.27578125 0.1015625 0.0890625
1 0.4484375 0.303125 0.13125 0.1140625
1 0.60234375 0.34453125 0.14375 0.11875
1 0.446875 0.24453125 0.0984375 0.075
1 0.0671875 0.30625 0.0953125 0.071875
1 0.21328125 0.31875 0.09375 0.103125
1 0.42890625 0.1203125 0.071875 0.0625
1 0.56953125 0.1203125 0.084375 0.0671875
1 0.55703125 0.15546875 0.090625 0.0703125
1 0.24609375 0.14140625 0.05625 0.053125
1 0.09609375 0.115625 0.034375 0.0390625
1 0.83046875 0.4015625 0.225 0.196875
1 0.09375 0.16796875 0.03125 0.046875
1 0.18203125 0.13984375 0.046875 0.0453125
1 0.240625 0.2640625 0.075 0.071875
1 0.92109375 0.35 0.1390625 0.140625
1 0.115625 0.23515625 0.059375 0.059375
1 0.32421875 0.0515625 0.0203125 0.0265625
1 0.04921875 0.271875 0.071875 0.059375
1 0.17109375 0.24375 0.0625 0.065625
1 0.03046875 0.5484375 0.0609375 0.128125
1 0.071875 0.22109375 0.0484375 0.0609375
1 0.00703125 0.30703125 0.0140625 0.0484375
0 0.97421875 0.50546875 0.05 0.340625