1 0.67734375 0.31484375 0.1578125 0.11875
1 0.90703125 0.1015625 0.1125 0.0703125
1 0.9125 0.3640625 0.1734375 0.146875
1 0.87890625 0.20078125 0.0890625 0.090625
1 0.09921875 0.34140625 0.08125 0.090625
1 0.1703125 0.38515625 0.090625 0.1078125
1 0.98046875 0.60859375 0.0375 0.16875
1 0.2828125 0.234375 0.0703125 0.071875
1 0.95078125 0.290625 0.096875 0.09375
1 0.8703125 0.05 0.103125 0.0515625
1 0.9640625 0.18046875 0.0703125 0.071875
1 0.97578125 0.20859375 0.046875 0.0796875
2 0.221875 0.5046875 0.05625 0.1171875
2 0.19921875 0.75 0.0515625 0.1109375
3 0.28984375 0.38515625 0.184375 0.2453125
0 0.6859375 0.209375 0.328125 0.2265625
0 0.67421875 0.57421875 0.596875 0.5265625
0 0.45390625 0.22890625 0.2703125 0.190625
0 0.15 0.26640625 0.178125 0.1703125
0 0.03671875 0.28828125 0.0734375 0.1515625
0 0.16796875 0.15859375 0.1625 0.1015625
0 0.2359375 0.096875 0.125 0.065625
0 0.33671875 0.1703125 0.190625 0.134375
0 0.39140625 0.34140625 0.1046875 0.1015625