1 0.49140625 0.77890625 0.234375 0.1796875
1 0.1046875 0.80703125 0.209375 0.19375
1 0.903125 0.16953125 0.078125 0.05
1 0.07109375 0.33671875 0.1078125 0.09375
1 0.09765625 0.26328125 0.0875 0.05625
1 0.71953125 0.49140625 0.078125 0.1609375
1 0.89609375 0.6703125 0.20625 0.234375
1 0.8984375 0.846875 0.2015625 0.2578125
1 0.1625 0.18984375 0.05 0.046875
1 0.2625 0.2265625 0.0734375 0.05
1 0.97578125 0.390625 0.046875 0.059375
1 0.8015625 0.15390625 0.071875 0.0453125
1 0.66875 0.2546875 0.075 0.1140625
1 0.97890625 0.46484375 0.040625 0.05625
1 0.20390625 0.22890625 0.053125 0.046875
1 0.29296875 0.19921875 0.065625 0.046875
1 0.6625 0.12890625 0.04375 0.0359375
1 0.97421875 0.140625 0.05 0.040625
1 0.73203125 0.353125 0.0640625 0.1203125
1 0.76640625 0.28671875 0.0546875 0.08125
1 0.34765625 0.20703125 0.075 0.0515625
1 0.79765625 0.2390625 0.05 0.0703125
0 0.51796875 0.16875 0.190625 0.121875
0 0.22890625 0.07109375 0.040625 0.05