1 0.80546875 0.70390625 0.215625 0.259375
1 0.5359375 0.928125 0.2890625 0.140625
1 0.31171875 0.6 0.2359375 0.1921875
1 0.478125 0.25625 0.109375 0.0984375
1 0.8859375 0.41171875 0.134375 0.146875
1 0.61015625 0.665625 0.21875 0.228125
1 0.52578125 0.56328125 0.2109375 0.175
1 0.04453125 0.76796875 0.0890625 0.1328125
1 0.58515625 0.18359375 0.084375 0.078125
1 0.8796875 0.29296875 0.10625 0.1078125
1 0.0703125 0.90625 0.140625 0.184375
1 0.50390625 0.18125 0.075 0.0703125
1 0.21796875 0.91640625 0.3 0.1640625
1 0.71796875 0.21640625 0.0890625 0.0859375
1 0.7453125 0.14375 0.0671875 0.065625
1 0.60390625 0.1359375 0.065625 0.05
1 0.67578125 0.1453125 0.071875 0.06875
1 0.87421875 0.184375 0.06875 0.0875
1 0.70234375 0.18828125 0.0859375 0.0875
1 0.9609375 0.12890625 0.0671875 0.075
1 0.9140625 0.1234375 0.0359375 0.0609375
1 0.9484375 0.065625 0.040625 0.05625
1 0.9828125 0.08515625 0.0328125 0.040625
1 0.90078125 0.10078125 0.0546875 0.0546875
1 0.91953125 0.06640625 0.0421875 0.04375
1 0.8328125 0.14921875 0.06875 0.0796875
1 0.83515625 0.10234375 0.04375 0.0296875
1 0.8734375 0.0890625 0.046875 0.053125