1 0.86484375 0.659375 0.2046875 0.2078125
1 0.76171875 0.29609375 0.059375 0.0890625
1 0.7078125 0.48359375 0.078125 0.15625
1 0.80546875 0.21640625 0.046875 0.078125
1 0.24453125 0.31953125 0.1015625 0.0859375
1 0.41796875 0.2046875 0.059375 0.0390625
1 0.97109375 0.41640625 0.05625 0.1078125
1 0.41015625 0.25390625 0.071875 0.0703125
1 0.27421875 0.196875 0.05625 0.0546875
1 0.71640625 0.06171875 0.0125 0.025
1 0.35234375 0.15 0.04375 0.040625
1 0.97109375 0.1359375 0.05625 0.04375
1 0.4046875 0.13828125 0.0390625 0.0390625
1 0.83515625 0.096875 0.053125 0.03125
1 0.4734375 0.140625 0.0328125 0.0453125
2 0.57265625 0.38828125 0.0203125 0.05625
3 0.66328125 0.25078125 0.075 0.1203125
0 0.56328125 0.19453125 0.125 0.1515625
0 0.25546875 0.15859375 0.1640625 0.125