1 0.4859375 0.36953125 0.0828125 0.1578125
1 0.52265625 0.734375 0.1359375 0.325
1 0.63359375 0.39609375 0.0859375 0.1484375
1 0.740625 0.84609375 0.2 0.3046875
1 0.5765625 0.21796875 0.0640625 0.1015625
1 0.95859375 0.28046875 0.08125 0.13125
1 0.8671875 0.70390625 0.2203125 0.334375
1 0.92734375 0.503125 0.14375 0.215625
1 0.675 0.246875 0.0828125 0.1203125
1 0.89140625 0.06328125 0.0828125 0.059375
1 0.97421875 0.04296875 0.05 0.05625
1 0.20234375 0.0890625 0.0375 0.059375
1 0.3953125 0.0515625 0.034375 0.059375
1 0.3390625 0.0703125 0.0375 0.059375
1 0.44453125 0.025 0.0296875 0.05
1 0.73359375 0.0140625 0.0359375 0.028125
1 0.23515625 0.04921875 0.040625 0.046875
1 0.28046875 0.0546875 0.034375 0.046875
1 0.41015625 0.015625 0.0296875 0.03125
0 0.753125 0.14921875 0.1921875 0.2796875