1 0.678125 0.31484375 0.153125 0.11875
1 0.86484375 0.05078125 0.090625 0.05
1 0.8796875 0.2046875 0.0890625 0.090625
1 0.54609375 0.09453125 0.0703125 0.059375
1 0.09921875 0.33359375 0.08125 0.09375
1 0.1703125 0.375 0.090625 0.10625
1 0.9515625 0.296875 0.0953125 0.0953125
1 0.68515625 0.07578125 0.08125 0.04375
1 0.96484375 0.18359375 0.06875 0.075
1 0.89609375 0.434375 0.2 0.16875
1 0.9640625 0.61328125 0.0703125 0.1703125
1 0.484375 0.29921875 0.125 0.0765625
1 0.91484375 0.3640625 0.16875 0.1390625
1 0.28359375 0.22109375 0.0703125 0.05625
1 0.97578125 0.2140625 0.046875 0.0796875
1 0.28203125 0.2546875 0.0859375 0.0546875
1 0.86171875 0.1484375 0.0734375 0.0640625
2 0.17734375 0.73203125 0.0515625 0.0984375
3 0.2890625 0.3796875 0.1828125 0.2453125
0 0.671875 0.57421875 0.59375 0.5296875
0 0.45390625 0.225 0.2703125 0.190625
0 0.68671875 0.20859375 0.325 0.23125
0 0.15078125 0.26015625 0.178125 0.1640625
0 0.03671875 0.278125 0.0734375 0.1515625
0 0.34453125 0.16171875 0.2015625 0.13125
0 0.23515625 0.09453125 0.121875 0.0640625
0 0.19140625 0.1484375 0.1125 0.096875
0 0.38671875 0.33671875 0.09375 0.1