1 0.64296875 0.41171875 0.05625 0.0859375
1 0.48359375 0.24609375 0.028125 0.040625
1 0.46484375 0.3640625 0.0453125 0.071875
1 0.44609375 0.32421875 0.0390625 0.059375
1 0.70859375 0.3765625 0.0515625 0.06875
1 0.225 0.3359375 0.0484375 0.0609375
1 0.5921875 0.20859375 0.015625 0.025
1 0.66796875 0.290625 0.034375 0.0484375
1 0.63984375 0.22578125 0.025 0.034375
1 0.31640625 0.26640625 0.040625 0.0375
1 0.98125 0.40859375 0.0359375 0.084375
1 0.65078125 0.25625 0.025 0.0390625
2 0.13046875 0.43203125 0.025 0.071875
3 0.02890625 0.44140625 0.0578125 0.0984375