1 0.45546875 0.4484375 0.125 0.121875
1 0.2296875 0.30546875 0.065625 0.078125
1 0.90546875 0.44921875 0.16875 0.13125
1 0.13359375 0.253125 0.0421875 0.0578125
1 0.26875 0.234375 0.0390625 0.04375
1 0.73203125 0.28515625 0.0828125 0.05625
1 0.48203125 0.27109375 0.0625 0.0609375
1 0.42890625 0.28203125 0.0703125 0.0609375
1 0.91953125 0.33515625 0.084375 0.0671875
1 0.20234375 0.20546875 0.0390625 0.0453125
1 0.55 0.23671875 0.05 0.0515625
1 0.46015625 0.21875 0.05 0.040625
1 0.81171875 0.30390625 0.08125 0.0671875
1 0.075 0.1640625 0.034375 0.0359375
1 0.790625 0.19609375 0.0546875 0.040625