1 0.73984375 0.09140625 0.0359375 0.046875
1 0.81796875 0.14453125 0.05 0.059375
1 0.03359375 0.521875 0.0671875 0.175
1 0.071875 0.45078125 0.090625 0.1390625
1 0.80625 0.1796875 0.0515625 0.0671875
1 0.1203125 0.38984375 0.09375 0.125
1 0.171875 0.3359375 0.084375 0.109375
1 0.5671875 0.03671875 0.021875 0.034375
1 0.2109375 0.29375 0.0703125 0.0984375
0 0.41796875 0.609375 0.253125 0.775
1 0.2359375 0.26484375 0.05 0.0890625
1 0.67578125 0.05546875 0.0203125 0.0390625
1 0.7015625 0.05078125 0.028125 0.0390625
1 0.72734375 0.0421875 0.0265625 0.034375