1 0.825 0.66796875 0.284375 0.3359375
1 0.43671875 0.39140625 0.1140625 0.13125
1 0.725 0.228125 0.1140625 0.09375
1 0.59453125 0.50546875 0.159375 0.178125
1 0.6109375 0.19296875 0.0875 0.078125
1 0.965625 0.63515625 0.0671875 0.1515625
1 0.715625 0.09921875 0.0421875 0.0359375
1 0.80859375 0.3859375 0.1640625 0.1171875
1 0.84375 0.13515625 0.05 0.040625
1 0.36015625 0.3296875 0.078125 0.103125
1 0.63046875 0.31015625 0.125 0.109375
1 0.65 0.4265625 0.1671875 0.15
1 0.925 0.290625 0.1484375 0.1484375
1 0.95234375 0.46953125 0.09375 0.171875
1 0.66328125 0.103125 0.0421875 0.03125
1 0.7859375 0.13046875 0.053125 0.03125
1 0.91796875 0.17109375 0.059375 0.0390625
1 0.52109375 0.2546875 0.078125 0.10625
1 0.42734375 0.03671875 0.021875 0.021875
1 0.2984375 0.27421875 0.075 0.1046875
1 0.5640625 0.078125 0.0359375 0.0296875
1 0.63515625 0.0796875 0.0359375 0.0296875
1 0.8359375 0.496875 0.178125 0.2203125
1 0.94375 0.196875 0.075 0.04375
1 0.79140625 0.1515625 0.0515625 0.0375
1 0.51953125 0.2015625 0.0640625 0.075
1 0.46796875 0.1390625 0.0625 0.0640625
0 0.3984375 0.23359375 0.1875 0.2078125