1 0.77734375 0.73671875 0.2265625 0.2703125
1 0.29296875 0.896875 0.35625 0.2015625
1 0.14296875 0.69921875 0.284375 0.20625
1 0.55546875 0.70703125 0.2265625 0.240625
1 0.44765625 0.6203125 0.2265625 0.21875
1 0.51171875 0.440625 0.178125 0.18125
1 0.1609375 0.85546875 0.321875 0.275
1 0.19453125 0.21875 0.115625 0.075
1 0.71875 0.153125 0.075 0.071875
1 0.95078125 0.934375 0.096875 0.128125
1 0.5703125 0.1546875 0.0765625 0.065625
1 0.928125 0.14453125 0.075 0.078125
1 0.82734375 0.15703125 0.065625 0.0734375
1 0.8828125 0.11875 0.0640625 0.071875
1 0.97890625 0.11484375 0.0421875 0.065625
1 0.93828125 0.096875 0.034375 0.0328125
1 0.63984375 0.1234375 0.0640625 0.05
1 0.67265625 0.14765625 0.0671875 0.065625
1 0.79375 0.14296875 0.0640625 0.071875
1 0.90859375 0.0859375 0.0421875 0.0484375
1 0.95078125 0.053125 0.0328125 0.0609375