1 0.4015625 0.446875 0.225 0.184375
1 0.50078125 0.81484375 0.346875 0.340625
1 0.5828125 0.1734375 0.090625 0.084375
1 0.65 0.09453125 0.034375 0.040625
1 0.59609375 0.1 0.040625 0.040625
1 0.23515625 0.23125 0.046875 0.0890625
3 0.10859375 0.25390625 0.2171875 0.2171875
1 0.3390625 0.22734375 0.125 0.05625
1 0.5140625 0.1 0.0546875 0.059375
1 0.459375 0.103125 0.0609375 0.0609375
1 0.4765625 0.1875 0.096875 0.084375
1 0.8703125 0.146875 0.0671875 0.05
1 0.9234375 0.13828125 0.053125 0.0546875
1 0.97421875 0.13125 0.0484375 0.0578125