1 0.56953125 0.59609375 0.159375 0.178125
1 0.95234375 0.73671875 0.09375 0.1640625
1 0.2703125 0.465625 0.090625 0.1203125
1 0.97578125 0.42109375 0.046875 0.1203125
1 0.734375 0.878125 0.2671875 0.240625
1 0.92109375 0.56328125 0.15625 0.2
1 0.1171875 0.25078125 0.034375 0.0546875
1 0.53984375 0.4796875 0.15625 0.11875
1 0.72421875 0.46171875 0.1484375 0.1203125
1 0.31640625 0.4 0.0796875 0.1
1 0.80859375 0.36015625 0.13125 0.125
1 0.23203125 0.33203125 0.053125 0.071875
1 0.8 0.765625 0.278125 0.34375
1 0.57265625 0.38671875 0.1140625 0.1109375
1 0.87890625 0.2484375 0.0625 0.0375
1 0.61953125 0.175 0.0375 0.0359375
1 0.7859375 0.2359375 0.053125 0.046875
1 0.46328125 0.24140625 0.0625 0.06875
1 0.36484375 0.2046875 0.0515625 0.05
1 0.59296875 0.3265625 0.08125 0.084375
1 0.634375 0.30703125 0.0828125 0.078125
1 0.62578125 0.209375 0.04375 0.0328125
1 0.81015625 0.59296875 0.1765625 0.21875
1 0.71796875 0.23984375 0.0546875 0.0359375
1 0.91171875 0.1015625 0.0453125 0.01875
1 0.99140625 0.31171875 0.015625 0.03125
0 0.37734375 0.3203125 0.1875 0.2109375