1 0.77734375 0.73828125 0.2265625 0.271875
1 0.2203125 0.3515625 0.0953125 0.1453125
1 0.24609375 0.6359375 0.25 0.190625
1 0.1609375 0.85859375 0.321875 0.2765625
1 0.01796875 0.80625 0.0359375 0.109375
1 0.44765625 0.6234375 0.225 0.215625
1 0.55625 0.7109375 0.228125 0.240625
1 0.30390625 0.89921875 0.3359375 0.1984375
1 0.57109375 0.15546875 0.075 0.0640625
1 0.5171875 0.94140625 0.28125 0.1140625
1 0.71953125 0.1546875 0.075 0.071875
1 0.93359375 0.1484375 0.0671875 0.08125
1 0.63046875 0.134375 0.0484375 0.05
1 0.67109375 0.1484375 0.065625 0.0703125
1 0.796875 0.146875 0.0703125 0.075
1 0.83046875 0.16171875 0.06875 0.071875
1 0.88359375 0.13203125 0.065625 0.075
1 0.9140625 0.08203125 0.0515625 0.0296875
1 0.975 0.1171875 0.0484375 0.078125
1 0.9390625 0.09453125 0.0359375 0.034375
1 0.91953125 0.059375 0.0390625 0.0375
1 0.95546875 0.06328125 0.04375 0.0546875