1 0.58984375 0.16796875 0.0875 0.0578125
1 0.12890625 0.19140625 0.059375 0.0609375
1 0.71171875 0.15859375 0.08125 0.0609375
1 0.80625 0.14921875 0.075 0.05
1 0.20390625 0.175 0.053125 0.0609375
1 0.965625 0.134375 0.05625 0.05625
1 0.88828125 0.15 0.0625 0.0640625
1 0.77890625 0.13203125 0.0515625 0.0453125
2 0.5734375 0.26953125 0.0265625 0.046875
2 0.68828125 0.28046875 0.03125 0.046875
2 0.80390625 0.28125 0.04375 0.059375
2 0.62734375 0.284375 0.0359375 0.0546875
2 0.46328125 0.3359375 0.0375 0.0609375
2 0.97734375 0.171875 0.028125 0.0375
3 0.5890625 0.65390625 0.2890625 0.2640625
0 0.21484375 0.28671875 0.425 0.2484375
0 0.078125 0.175 0.15625 0.190625