1 0.22109375 0.896875 0.1421875 0.2015625
1 0.04453125 0.93984375 0.0890625 0.1140625
1 0.5828125 0.7390625 0.1015625 0.1859375
1 0.35 0.51640625 0.078125 0.1328125
1 0.4296875 0.84921875 0.1078125 0.228125
1 0.759375 0.3765625 0.08125 0.0796875
1 0.17578125 0.6484375 0.084375 0.15625
1 0.43828125 0.646875 0.0890625 0.1609375
1 0.20234375 0.28359375 0.0515625 0.0625
1 0.59296875 0.9015625 0.134375 0.19375
1 0.09609375 0.78671875 0.140625 0.2078125
1 0.23828125 0.51484375 0.0859375 0.1375
1 0.08203125 0.428125 0.0875 0.09375
1 0.409375 0.1515625 0.0296875 0.0375
1 0.28671875 0.2140625 0.04375 0.046875
1 0.25078125 0.19375 0.03125 0.04375
1 0.53984375 0.04921875 0.0109375 0.0171875
3 0.09140625 0.3484375 0.084375 0.121875
3 0.90078125 0.33203125 0.065625 0.0953125
0 0.3890625 0.10390625 0.0515625 0.08125
2 0.1390625 0.2203125 0.0125 0.0296875
1 0.3015625 0.1765625 0.03125 0.0328125
1 0.27109375 0.1703125 0.028125 0.03125
1 0.2296875 0.1546875 0.0265625 0.034375
1 0.29375 0.13671875 0.021875 0.034375
1 0.48359375 0.08515625 0.0140625 0.0296875
0 0.446875 0.08515625 0.05 0.06875