1 0.42890625 0.38515625 0.10625 0.096875
1 0.73828125 0.83671875 0.28125 0.2453125
1 0.68984375 0.41953125 0.1359375 0.109375
1 0.11015625 0.24375 0.04375 0.05
1 0.1921875 0.30078125 0.0484375 0.0578125
1 0.91953125 0.47890625 0.159375 0.13125
1 0.359375 0.26015625 0.059375 0.05625
1 0.2140625 0.20546875 0.034375 0.0328125
1 0.28984375 0.22109375 0.04375 0.04375
1 0.12421875 0.1890625 0.025 0.0265625
1 0.73203125 0.2890625 0.09375 0.05625
1 0.05390625 0.215625 0.025 0.0390625
1 0.05078125 0.171875 0.0203125 0.021875
1 0.09296875 0.171875 0.028125 0.034375
1 0.8109375 0.309375 0.090625 0.0703125
1 0.91953125 0.34140625 0.0984375 0.071875