1 0.87421875 0.6640625 0.2078125 0.20625
1 0.71171875 0.4953125 0.084375 0.165625
1 0.75859375 0.303125 0.0625 0.09375
1 0.80390625 0.21875 0.046875 0.078125
1 0.26953125 0.30390625 0.096875 0.08125
1 0.25703125 0.2046875 0.0578125 0.0546875
1 0.4328125 0.19609375 0.0578125 0.0328125
1 0.97265625 0.40625 0.053125 0.090625
1 0.34375 0.153125 0.04375 0.04375
1 0.42890625 0.2390625 0.06875 0.0671875
1 0.97109375 0.1359375 0.05625 0.04375
1 0.82421875 0.09609375 0.0515625 0.034375
1 0.03515625 0.77890625 0.0703125 0.3203125
1 0.3953125 0.14296875 0.0390625 0.040625
1 0.71640625 0.05703125 0.0125 0.021875
1 0.47265625 0.14140625 0.034375 0.04375
1 0.0140625 0.528125 0.028125 0.121875
2 0.5703125 0.39375 0.021875 0.0578125
0 0.57421875 0.18515625 0.11875 0.1453125
0 0.2390625 0.16484375 0.1703125 0.1265625