1 0.328125 0.28046875 0.096875 0.0765625
1 0.13984375 0.8984375 0.2796875 0.2
1 0.95625 0.928125 0.0859375 0.140625
1 0.68828125 0.2203125 0.10625 0.0859375
1 0.58125 0.19375 0.0828125 0.065625
1 0.47578125 0.89609375 0.296875 0.2046875
1 0.97265625 0.321875 0.053125 0.075
1 0.95625 0.12421875 0.05625 0.0453125
1 0.96875 0.27890625 0.0609375 0.0609375
1 0.02109375 0.15546875 0.0421875 0.0390625
2 0.4046875 0.2015625 0.0265625 0.040625
2 0.49921875 0.21484375 0.040625 0.040625
3 0.590625 0.66796875 0.2890625 0.265625
0 0.3640625 0.03671875 0.059375 0.0734375
0 0.8359375 0.253125 0.140625 0.1578125
0 0.8484375 0.02578125 0.05625 0.0515625