1 0.43671875 0.39296875 0.1125 0.1296875
1 0.72421875 0.228125 0.115625 0.09375
1 0.59296875 0.50625 0.159375 0.1796875
1 0.82421875 0.66953125 0.284375 0.3359375
1 0.61015625 0.19375 0.0859375 0.075
1 0.8078125 0.38828125 0.1640625 0.1171875
1 0.63046875 0.3109375 0.125 0.1078125
1 0.7625 0.11328125 0.04375 0.0375
1 0.91484375 0.1546875 0.0578125 0.04375
1 0.36015625 0.33046875 0.078125 0.1015625
1 0.64921875 0.428125 0.1671875 0.1484375
1 0.95234375 0.4703125 0.09375 0.175
1 0.975 0.1953125 0.0484375 0.05
1 0.46484375 0.0453125 0.025 0.025
1 0.9203125 0.28984375 0.1578125 0.146875
1 0.72265625 0.1203125 0.046875 0.0375
1 0.68359375 0.09140625 0.040625 0.028125
1 0.51953125 0.25546875 0.0796875 0.103125
1 0.61796875 0.090625 0.040625 0.034375
1 0.85546875 0.1515625 0.059375 0.0375
1 0.29765625 0.27421875 0.075 0.1
1 0.4328125 0.05859375 0.0265625 0.025
1 0.96484375 0.63671875 0.06875 0.1515625
1 0.52109375 0.06640625 0.028125 0.0296875
1 0.58046875 0.09609375 0.04375 0.0359375
1 0.83515625 0.49921875 0.178125 0.2203125
1 0.8671875 0.175 0.0625 0.0390625
1 0.6734375 0.1203125 0.04375 0.0375
1 0.51875 0.20390625 0.0625 0.075
0 0.39765625 0.23203125 0.1875 0.20625