1 0.15703125 0.60625 0.1 0.1765625
1 0.73515625 0.41640625 0.090625 0.0859375
1 0.65390625 0.88203125 0.1921875 0.23125
1 0.575 0.59921875 0.1328125 0.1765625
1 0.4625 0.6203125 0.1234375 0.2296875
1 0.9296875 0.340625 0.0890625 0.059375
1 0.58984375 0.5015625 0.0984375 0.1265625
1 0.34921875 0.46328125 0.0875 0.1515625
1 0.39921875 0.40703125 0.065625 0.096875
1 0.4390625 0.3234375 0.05625 0.084375
1 0.30546875 0.271875 0.0375 0.05625
1 0.55703125 0.41640625 0.0859375 0.08125
1 0.853125 0.26484375 0.0484375 0.0453125
1 0.16875 0.34375 0.0484375 0.0765625
1 0.35390625 0.3453125 0.0546875 0.0765625
1 0.9 0.4390625 0.1234375 0.1296875
1 0.54140625 0.27421875 0.04375 0.0453125
1 0.71484375 0.340625 0.0625 0.0625
1 0.5734375 0.26171875 0.034375 0.025
1 0.66171875 0.28203125 0.0515625 0.0578125
1 0.21171875 0.384375 0.075 0.1140625
1 0.16875 0.28046875 0.0375 0.0546875
1 0.64765625 0.33359375 0.059375 0.0625
1 0.00859375 0.42578125 0.0171875 0.0515625
2 0.82578125 0.33359375 0.01875 0.040625
2 0.05 0.3765625 0.046875 0.05625
2 0.08671875 0.31640625 0.025 0.0375
0 0.53046875 0.078125 0.05 0.0703125