1 0.46953125 0.31875 0.1375 0.1
1 0.59609375 0.91484375 0.309375 0.1671875
1 0.034375 0.32890625 0.06875 0.0859375
1 0.97890625 0.13984375 0.040625 0.053125
1 0.77109375 0.13671875 0.090625 0.0671875
1 0.22109375 0.4046875 0.165625 0.1140625
1 0.13828125 0.20625 0.0984375 0.06875
1 0.0515625 0.196875 0.096875 0.0765625
1 0.31640625 0.12578125 0.075 0.05625
1 0.83125 0.115625 0.05625 0.0453125
1 0.128125 0.88046875 0.25625 0.2359375
1 0.98984375 0.26484375 0.01875 0.0515625
2 0.66484375 0.075 0.028125 0.028125
2 0.79296875 0.521875 0.071875 0.075
2 0.57578125 0.07890625 0.025 0.028125
2 0.47578125 0.0890625 0.028125 0.0296875
2 0.52421875 0.0734375 0.021875 0.025
2 0.4328125 0.08046875 0.021875 0.025
3 0.59375 0.6234375 0.290625 0.265625
0 0.92578125 0.0296875 0.109375 0.059375
0 0.25625 0.03359375 0.0859375 0.0671875