1 0.97578125 0.6015625 0.046875 0.1671875
1 0.55234375 0.4296875 0.165625 0.1484375
1 0.6609375 0.61484375 0.23125 0.21875
1 0.96640625 0.121875 0.065625 0.078125
1 0.86484375 0.08125 0.096875 0.0640625
1 0.36953125 0.2703125 0.1 0.078125
1 0.2765625 0.340625 0.096875 0.1
1 0.57578125 0.28984375 0.115625 0.1015625
1 0.859375 0.04296875 0.090625 0.0515625
1 0.38671875 0.1515625 0.0703125 0.059375
1 0.8734375 0.2 0.134375 0.0921875
1 0.24765625 0.22578125 0.05 0.0703125
0 0.60703125 0.2046875 0.3078125 0.2015625
0 0.13359375 0.3546875 0.2609375 0.246875
0 0.28828125 0.17109375 0.1375 0.128125
0 0.23359375 0.0953125 0.125 0.05
0 0.1484375 0.23359375 0.178125 0.09375
0 0.21328125 0.18515625 0.11875 0.1484375