1 0.03984375 0.92109375 0.078125 0.1546875
1 0.8234375 0.2484375 0.1140625 0.0859375
1 0.68359375 0.90546875 0.309375 0.1859375
1 0.04140625 0.3546875 0.0828125 0.0984375
1 0.2671875 0.88828125 0.2953125 0.2203125
1 0.95859375 0.9265625 0.08125 0.14375
1 0.6890625 0.21484375 0.10625 0.0859375
1 0.58203125 0.1859375 0.084375 0.05625
1 0.98125 0.1390625 0.0359375 0.0484375
1 0.4296875 0.25390625 0.096875 0.075
1 0.478125 0.23125 0.08125 0.0671875
1 0.96953125 0.27578125 0.059375 0.059375
1 0.15859375 0.21640625 0.059375 0.075
1 0.0203125 0.25859375 0.040625 0.0875
1 0.57421875 0.28828125 0.1125 0.09375
1 0.93515625 0.1 0.0453125 0.040625
1 0.5859375 0.24453125 0.103125 0.0703125
1 0.57421875 0.35703125 0.1078125 0.0859375
1 0.32578125 0.2265625 0.09375 0.0796875
1 0.378125 0.20859375 0.0546875 0.0609375
1 0.87578125 0.0859375 0.0375 0.0390625
1 0.15859375 0.17421875 0.053125 0.05625
1 0.0109375 0.1609375 0.021875 0.0453125
2 0.4640625 0.1359375 0.03125 0.03125
2 0.21328125 0.28359375 0.04375 0.0484375
2 0.26484375 0.20703125 0.03125 0.0515625
2 0.93984375 0.17890625 0.0171875 0.0390625
2 0.93203125 0.17421875 0.03125 0.0453125
3 0.58828125 0.66015625 0.284375 0.2609375
0 0.23984375 0.12109375 0.1125 0.14375