1 0.653125 0.33125 0.090625 0.0546875
1 0.91171875 0.815625 0.175 0.2015625
1 0.39375 0.32421875 0.090625 0.059375
1 0.06953125 0.3296875 0.0875 0.0515625
1 0.809375 0.49609375 0.146875 0.115625
1 0.8203125 0.25078125 0.05625 0.0359375
1 0.13984375 0.3203125 0.06875 0.05625
0 0.0203125 0.52421875 0.040625 0.2296875
1 0.01328125 0.325 0.0265625 0.071875
1 0.32109375 0.31171875 0.0609375 0.0609375
1 0.88515625 0.2453125 0.053125 0.0234375
1 0.71328125 0.23515625 0.015625 0.034375
1 0.73671875 0.29375 0.0328125 0.0359375
1 0.2640625 0.35234375 0.1125 0.0859375