1 0.75546875 0.43046875 0.175 0.1203125
1 0.39453125 0.3140625 0.1421875 0.090625
1 0.6359375 0.12578125 0.0859375 0.0515625
1 0.8203125 0.1296875 0.090625 0.0515625
1 0.4046875 0.2546875 0.121875 0.0765625
1 0.9265625 0.15625 0.0828125 0.065625
1 0.975 0.16640625 0.0484375 0.078125
1 0.05546875 0.190625 0.090625 0.0671875
1 0.20078125 0.1234375 0.065625 0.046875
1 0.13515625 0.20625 0.1 0.06875
1 0.89296875 0.2609375 0.075 0.08125
1 0.153125 0.1515625 0.0875 0.0453125
1 0.17734375 0.178125 0.090625 0.0640625
1 0.0078125 0.225 0.015625 0.04375
2 0.62109375 0.06484375 0.028125 0.040625
2 0.83671875 0.78515625 0.1 0.1046875
2 0.6828125 0.0703125 0.0234375 0.021875
3 0.80078125 0.28515625 0.1921875 0.1859375
3 0.59296875 0.621875 0.29375 0.2640625
0 0.45390625 0.08671875 0.309375 0.121875
0 0.15078125 0.39765625 0.3015625 0.2453125
0 0.91953125 0.06640625 0.1578125 0.1328125
0 0.0484375 0.10859375 0.096875 0.0984375