1 0.9515625 0.60625 0.0953125 0.1171875
1 0.60859375 0.34921875 0.090625 0.071875
1 0.3296875 0.228125 0.040625 0.0296875
1 0.77265625 0.53359375 0.15625 0.1296875
1 0.50546875 0.38984375 0.09375 0.0796875
1 0.5484375 0.875 0.24375 0.246875
1 0.44453125 0.41484375 0.096875 0.08125
1 0.59140625 0.46796875 0.1265625 0.10625
1 0.73203125 0.28203125 0.078125 0.0546875
1 0.66796875 0.44140625 0.125 0.1015625
1 0.69921875 0.30546875 0.0875 0.0515625
1 0.365625 0.18828125 0.0328125 0.025
1 0.42890625 0.240625 0.0515625 0.034375
1 0.2125 0.2015625 0.028125 0.0296875
1 0.5484375 0.22421875 0.046875 0.0375
1 0.14609375 0.19609375 0.0234375 0.021875
2 0.81640625 0.26171875 0.025 0.04375
2 0.04296875 0.74140625 0.03125 0.090625
2 0.93359375 0.27578125 0.0296875 0.05625
0 0.80390625 0.78671875 0.390625 0.421875
0 0.909375 0.46875 0.1796875 0.2265625
0 0.46328125 0.21328125 0.1125 0.078125
0 0.18359375 0.54921875 0.2453125 0.3203125
0 0.07109375 0.359375 0.1421875 0.13125
0 0.29140625 0.33203125 0.1734375 0.1390625
0 0.26328125 0.196875 0.0640625 0.0609375
0 0.37734375 0.321875 0.178125 0.1375
0 0.365625 0.55625 0.4109375 0.40625