1 0.42109375 0.78046875 0.1875 0.2203125
1 0.93203125 0.33125 0.1078125 0.0703125
1 0.20234375 0.5890625 0.109375 0.140625
1 0.95078125 0.6 0.096875 0.1140625
1 0.771875 0.528125 0.1546875 0.1296875
1 0.44453125 0.40859375 0.096875 0.084375
1 0.6671875 0.43671875 0.125 0.1
1 0.50625 0.38671875 0.090625 0.08125
1 0.4515625 0.196875 0.034375 0.03125
1 0.090625 0.484375 0.0796875 0.0984375
1 0.365625 0.18359375 0.0328125 0.0265625
1 0.134375 0.43671875 0.0671875 0.0859375
1 0.55546875 0.50625 0.115625 0.109375
1 0.546875 0.21953125 0.05 0.0359375
1 0.59140625 0.4640625 0.1265625 0.1015625
1 0.03671875 0.43984375 0.059375 0.0796875
1 0.0125 0.40625 0.025 0.06875
2 0.68984375 0.265625 0.0234375 0.03125
2 0.51015625 0.23828125 0.0171875 0.03125
2 0.834375 0.3046875 0.0296875 0.0359375
0 0.80390625 0.78515625 0.390625 0.4265625
0 0.36484375 0.553125 0.4109375 0.409375
0 0.909375 0.46484375 0.1796875 0.2296875
0 0.07109375 0.36328125 0.1421875 0.1484375
0 0.290625 0.328125 0.1734375 0.1375
0 0.3765625 0.31953125 0.1765625 0.1359375