1 0.31640625 0.703125 0.178125 0.1546875
1 0.9734375 0.74453125 0.0515625 0.134375
1 0.46640625 0.6015625 0.1328125 0.1265625
1 0.82890625 0.5359375 0.084375 0.0859375
1 0.13828125 0.56015625 0.103125 0.0953125
1 0.98515625 0.44921875 0.028125 0.0609375
1 0.98046875 0.4046875 0.0375 0.05
1 0.2328125 0.459375 0.0625 0.0265625
1 0.86015625 0.48359375 0.065625 0.0640625
1 0.90546875 0.4453125 0.053125 0.06875
0 0.778125 0.43515625 0.1421875 0.1515625
0 0.93515625 0.325 0.0578125 0.071875
0 0.88359375 0.39296875 0.096875 0.11875