1 0.62421875 0.84296875 0.2734375 0.3078125
1 0.45546875 0.3046875 0.103125 0.1140625
1 0.2390625 0.78359375 0.303125 0.2703125
1 0.12578125 0.41953125 0.18125 0.15
1 0.65078125 0.209375 0.090625 0.0890625
1 0.96875 0.43125 0.0609375 0.1453125
1 0.08515625 0.734375 0.1703125 0.25
1 0.3546875 0.296875 0.11875 0.1203125
1 0.6765625 0.32109375 0.0859375 0.1140625
1 0.78984375 0.47109375 0.1609375 0.1953125
1 0.95625 0.24921875 0.0859375 0.0984375
1 0.2265625 0.4984375 0.196875 0.178125
1 0.84765625 0.18203125 0.0703125 0.090625
1 0.7296875 0.39921875 0.125 0.14375
1 0.96953125 0.31328125 0.059375 0.11875
1 0.82109375 0.24140625 0.0703125 0.109375
1 0.89375 0.09140625 0.059375 0.06875
1 0.9796875 0.10859375 0.0390625 0.06875
1 0.7875 0.14375 0.06875 0.065625
1 0.13046875 0.965625 0.259375 0.065625
2 0.14140625 0.290625 0.0359375 0.0546875
2 0.15546875 0.284375 0.0359375 0.0734375
0 0.75 0.10078125 0.1765625 0.1546875
0 0.9 0.05078125 0.1125 0.1015625
3 0.975 0.04765625 0.05 0.0953125
2 0.115625 0.3109375 0.040625 0.0484375