1 0.08828125 0.2609375 0.065625 0.096875
1 0.746875 0.18125 0.0546875 0.075
1 0.46171875 0.08125 0.03125 0.0453125
1 0.59375 0.19921875 0.05625 0.0953125
1 0.68046875 0.30390625 0.075 0.11875
1 0.57578125 0.11015625 0.0390625 0.0578125
1 0.01953125 0.24921875 0.0390625 0.0890625
1 0.66875 0.20625 0.05625 0.0796875
1 0.7609375 0.43984375 0.125 0.1796875
1 0.69765625 0.921875 0.184375 0.1515625
1 0.47578125 0.17578125 0.0484375 0.078125
1 0.04921875 0.16171875 0.0421875 0.065625
1 0.28203125 0.19375 0.0828125 0.0984375
1 0.96171875 0.1453125 0.075 0.06875
1 0.609375 0.04609375 0.028125 0.0375
1 0.98203125 0.1984375 0.034375 0.09375
1 0.13671875 0.16328125 0.0578125 0.0640625
1 0.35625 0.16953125 0.078125 0.0765625
1 0.3921875 0.14453125 0.046875 0.0671875
1 0.55390625 0.02109375 0.021875 0.03125
1 0.58125 0.01328125 0.0203125 0.0265625
1 0.56484375 0.0609375 0.028125 0.0453125