1 0.39296875 0.66875 0.15 0.125
1 0.9828125 0.70703125 0.0328125 0.11875
1 0.6390625 0.621875 0.121875 0.1140625
1 0.81484375 0.515625 0.0765625 0.0765625
1 0.93046875 0.4953125 0.065625 0.0765625
1 0.14140625 0.56484375 0.10625 0.096875
1 0.83671875 0.975 0.14375 0.046875
1 0.58515625 0.56796875 0.109375 0.1171875
1 0.86796875 0.4734375 0.0546875 0.065625
2 0.35859375 0.603125 0.0234375 0.05
0 0.76796875 0.44609375 0.146875 0.1515625
0 0.9375 0.33046875 0.053125 0.071875
0 0.87578125 0.4015625 0.1140625 0.115625