1 0.67578125 0.3140625 0.15625 0.1203125
1 0.8625 0.04921875 0.090625 0.05
1 0.878125 0.2046875 0.0875 0.0875
1 0.09765625 0.334375 0.08125 0.090625
1 0.16875 0.3765625 0.090625 0.10625
1 0.28203125 0.22890625 0.071875 0.071875
1 0.91953125 0.45 0.159375 0.1671875
1 0.91171875 0.35 0.175 0.115625
1 0.95078125 0.2953125 0.096875 0.0953125
1 0.96328125 0.18046875 0.071875 0.071875
1 0.975 0.2109375 0.0484375 0.08125
1 0.97890625 0.61171875 0.040625 0.16875
1 0.33515625 0.05078125 0.01875 0.025
3 0.2875 0.378125 0.18125 0.2453125
0 0.68515625 0.20703125 0.328125 0.2296875
0 0.453125 0.225 0.271875 0.190625
0 0.67109375 0.571875 0.59375 0.5296875
0 0.14765625 0.25703125 0.178125 0.1671875
0 0.03515625 0.27734375 0.0703125 0.1515625
0 0.3390625 0.1640625 0.196875 0.1359375
0 0.540625 0.0640625 0.084375 0.0796875
0 0.16640625 0.14921875 0.1625 0.0984375
0 0.23515625 0.09609375 0.1265625 0.0671875
0 0.3875 0.33515625 0.0984375 0.1
0 0.59375 0.03984375 0.04375 0.0546875
0 0.7453125 0.03515625 0.08125 0.0671875