1 0.88984375 0.71328125 0.21875 0.2265625
1 0.52421875 0.47109375 0.09375 0.13125
1 0.39453125 0.4265625 0.0640625 0.1140625
1 0.303125 0.465625 0.0625 0.1546875
1 0.44921875 0.31328125 0.05 0.09375
1 0.265625 0.22578125 0.046875 0.0484375
1 0.7359375 0.096875 0.025 0.028125
1 0.38046875 0.29921875 0.04375 0.0796875
1 0.33046875 0.259375 0.04375 0.0640625
1 0.30390625 0.346875 0.053125 0.109375
1 0.97421875 0.1703125 0.05 0.0484375
1 0.42734375 0.21796875 0.0359375 0.0578125
1 0.66953125 0.2796875 0.075 0.11875
1 0.1546875 0.2765625 0.0640625 0.05
1 0.3546875 0.196875 0.03125 0.046875
1 0.17265625 0.2984375 0.0796875 0.0625
1 0.975 0.4515625 0.0484375 0.0671875
1 0.28203125 0.19140625 0.0359375 0.0390625
1 0.2171875 0.13515625 0.0328125 0.0265625
1 0.31484375 0.22578125 0.0375 0.059375
1 0.95390625 0.484375 0.046875 0.06875
2 0.22578125 0.328125 0.025 0.0515625
2 0.03046875 0.25546875 0.01875 0.025
0 0.06328125 0.51796875 0.1265625 0.30625
0 0.39453125 0.1265625 0.0703125 0.0828125
0 0.23203125 0.09296875 0.040625 0.0484375
0 0.48046875 0.09375 0.09375 0.065625