1 0.67578125 0.3140625 0.15625 0.1203125
1 0.91171875 0.3640625 0.175 0.146875
1 0.85859375 0.0484375 0.09375 0.0515625
1 0.096875 0.33671875 0.08125 0.09375
1 0.86875 0.1109375 0.1125 0.0671875
1 0.87734375 0.20390625 0.0890625 0.0890625
1 0.16796875 0.37890625 0.090625 0.10625
1 0.28125 0.23046875 0.071875 0.071875
1 0.96328125 0.6109375 0.071875 0.175
1 0.95 0.29296875 0.0984375 0.09375
1 0.35 0.07578125 0.053125 0.04375
1 0.96328125 0.178125 0.071875 0.0703125
1 0.4859375 0.1234375 0.065625 0.0359375
1 0.98125 0.08046875 0.0359375 0.0578125
1 0.8625 0.15078125 0.071875 0.0609375
1 0.97421875 0.209375 0.05 0.08125
3 0.28671875 0.38046875 0.18125 0.246875
0 0.68359375 0.209375 0.3265625 0.2265625
0 0.45234375 0.2265625 0.26875 0.190625
0 0.14765625 0.26171875 0.178125 0.16875
0 0.03515625 0.28046875 0.0703125 0.1484375
0 0.33828125 0.165625 0.1984375 0.1359375
0 0.23359375 0.09609375 0.125 0.0640625
0 0.18828125 0.15078125 0.115625 0.0984375
0 0.6703125 0.571875 0.5953125 0.5296875
0 0.38828125 0.3390625 0.1 0.1046875