1 0.590625 0.890625 0.29375 0.215625
1 0.35234375 0.315625 0.128125 0.1140625
1 0.3890625 0.5484375 0.2140625 0.178125
1 0.8859375 0.609375 0.184375 0.234375
1 0.37890625 0.84609375 0.265625 0.3
1 0.96484375 0.321875 0.06875 0.115625
1 0.65625 0.465625 0.16875 0.1546875
1 0.05625 0.77109375 0.1125 0.215625
1 0.7203125 0.1515625 0.075 0.075
1 0.84296875 0.20390625 0.0796875 0.0953125
1 0.74609375 0.54140625 0.175 0.1875
1 0.521875 0.20546875 0.090625 0.0859375
1 0.634375 0.2546875 0.1046875 0.1015625
1 0.46328125 0.1984375 0.0796875 0.078125
1 0.18046875 0.8234375 0.309375 0.325
1 0.96171875 0.22578125 0.075 0.08125
1 0.571875 0.15078125 0.071875 0.065625
1 0.615625 0.22109375 0.096875 0.0953125
1 0.63671875 0.15859375 0.078125 0.0609375
1 0.88828125 0.134375 0.0609375 0.071875
1 0.946875 0.128125 0.065625 0.075
1 0.7875 0.17109375 0.08125 0.0984375
1 0.98984375 0.10390625 0.01875 0.059375
0 0.9734375 0.03359375 0.053125 0.0671875
1 0.94140625 0.06484375 0.05 0.0515625
1 0.86640625 0.0875 0.0484375 0.0484375
1 0.90078125 0.090625 0.0515625 0.0359375
1 0.9125 0.06171875 0.0359375 0.0390625