1 0.97265625 0.6 0.053125 0.1703125
1 0.54609375 0.4296875 0.1671875 0.1484375
1 0.603125 0.35859375 0.1421875 0.128125
1 0.26484375 0.340625 0.1078125 0.1046875
1 0.58359375 0.16953125 0.096875 0.06875
1 0.715625 0.18046875 0.1125 0.0796875
1 0.97265625 0.20390625 0.053125 0.1
1 0.86171875 0.19375 0.125 0.090625
1 0.45078125 0.30703125 0.128125 0.115625
1 0.59765625 0.134375 0.0921875 0.065625
1 0.3296875 0.23125 0.084375 0.0640625
1 0.83359375 0.41015625 0.221875 0.1953125
1 0.09296875 0.14140625 0.028125 0.0390625
1 0.2515625 0.26484375 0.0515625 0.0625
1 0.30625 0.15078125 0.0625 0.0546875
1 0.04453125 0.28203125 0.0421875 0.06875
1 0.32578125 0.27890625 0.103125 0.0875
1 0.93359375 0.16953125 0.09375 0.0765625
1 0.54609375 0.084375 0.053125 0.0546875
1 0.1171875 0.18046875 0.05 0.0390625
1 0.73828125 0.1453125 0.1046875 0.0765625
0 0.14296875 0.278125 0.1859375 0.1703125
0 0.43515625 0.12578125 0.196875 0.134375