1 0.96796875 0.72890625 0.0625 0.1359375
1 0.5453125 0.58671875 0.11875 0.10625
1 0.7921875 0.54140625 0.0859375 0.0828125
1 0.95859375 0.47109375 0.05625 0.065625
1 0.615625 0.63125 0.128125 0.121875
1 0.1296875 0.56015625 0.103125 0.0953125
1 0.95703125 0.41171875 0.04375 0.046875
1 0.85859375 0.93203125 0.16875 0.13125
1 0.80546875 0.4859375 0.065625 0.0609375
1 0.225 0.459375 0.0625 0.0265625
1 0.9 0.35546875 0.0359375 0.034375
1 0.28984375 0.51875 0.0234375 0.059375
1 0.98984375 0.42109375 0.01875 0.046875
0 0.77109375 0.43671875 0.14375 0.1515625
0 0.925 0.32890625 0.05625 0.071875