1 0.859375 0.3140625 0.11875 0.09375
1 0.58828125 0.36328125 0.134375 0.1078125
1 0.33515625 0.47578125 0.175 0.1484375
1 0.2359375 0.43671875 0.14375 0.1375
1 0.0546875 0.58203125 0.109375 0.15
1 0.62265625 0.28203125 0.090625 0.090625
1 0.1359375 0.21328125 0.096875 0.0640625
1 0.0828125 0.19921875 0.0765625 0.065625
1 0.03828125 0.490625 0.0765625 0.075
1 0.81875 0.12890625 0.059375 0.05
1 0.87421875 0.134375 0.03125 0.05
1 0.84765625 0.06171875 0.03125 0.0359375
1 0.23125 0.21171875 0.0921875 0.05625
2 0.96875 0.47578125 0.0609375 0.0671875
3 0.58828125 0.6546875 0.290625 0.265625
0 0.34609375 0.28125 0.3203125 0.240625
0 0.65859375 0.18828125 0.31875 0.16875
0 0.9390625 0.14375 0.1203125 0.1203125
0 0.2546875 0.05 0.090625 0.096875
0 0.90859375 0.04375 0.103125 0.0859375