1 0.55234375 0.4296875 0.1640625 0.1484375
1 0.36484375 0.47109375 0.146875 0.15
1 0.97578125 0.6 0.046875 0.1671875
1 0.27265625 0.33984375 0.1078125 0.1015625
1 0.29921875 0.24453125 0.084375 0.078125
1 0.46328125 0.26796875 0.0984375 0.090625
1 0.98671875 0.76953125 0.025 0.1546875
1 0.96171875 0.15 0.075 0.078125
1 0.86015625 0.04296875 0.090625 0.0515625
1 0.6359375 0.16875 0.0828125 0.08125
1 0.78515625 0.1859375 0.1234375 0.075
1 0.31640625 0.1484375 0.05 0.05625
2 0.4921875 0.0703125 0.01875 0.034375
2 0.6625 0.05390625 0.028125 0.034375
0 0.90078125 0.30703125 0.196875 0.2703125
0 0.478125 0.190625 0.2546875 0.1671875
0 0.0828125 0.3234375 0.165625 0.190625
0 0.15078125 0.275 0.18125 0.16875
0 0.20546875 0.16640625 0.1875 0.121875
0 0.23359375 0.0953125 0.125 0.05