1 0.43515625 0.90703125 0.2671875 0.18125
1 0.6890625 0.22421875 0.10625 0.0859375
1 0.04765625 0.88203125 0.09375 0.23125
1 0.128125 0.12890625 0.05625 0.05
1 0.88125 0.83203125 0.2359375 0.2015625
1 0.58203125 0.196875 0.08125 0.065625
1 0.9734375 0.328125 0.0515625 0.075
1 0.83359375 0.93828125 0.271875 0.1203125
1 0.51640625 0.2046875 0.078125 0.065625
1 0.9765625 0.17109375 0.0453125 0.05
1 0.9828125 0.53359375 0.0328125 0.10625
1 0.95 0.10703125 0.04375 0.040625
1 0.90234375 0.1234375 0.0484375 0.046875
1 0.196875 0.11953125 0.05 0.065625
1 0.96953125 0.28515625 0.059375 0.0640625
3 0.58984375 0.6703125 0.2890625 0.2640625
0 0.83671875 0.25703125 0.140625 0.1546875
0 0.35703125 0.0546875 0.078125 0.109375