1 0.775 0.734375 0.225 0.271875
1 0.4453125 0.61875 0.2265625 0.21875
1 0.62109375 0.21796875 0.121875 0.0796875
1 0.16015625 0.853125 0.3203125 0.275
1 0.55390625 0.7046875 0.2265625 0.2359375
1 0.30234375 0.89609375 0.3296875 0.2046875
1 0.9296875 0.1796875 0.128125 0.096875
1 0.5625 0.153125 0.0875 0.065625
1 0.04765625 0.21484375 0.0859375 0.0703125
1 0.71484375 0.15078125 0.06875 0.071875
1 0.828125 0.15546875 0.0625 0.075
1 0.66796875 0.1453125 0.065625 0.06875
1 0.14453125 0.18359375 0.05 0.040625
2 0.34296875 0.240625 0.0421875 0.08125
2 0.49921875 0.42109375 0.0734375 0.084375
2 0.12890625 0.2953125 0.0375 0.084375
2 0.253125 0.25859375 0.034375 0.0546875
2 0.221875 0.18515625 0.05625 0.0703125