1 0.63203125 0.39375 0.1140625 0.0953125
1 0.43515625 0.5203125 0.125 0.121875
1 0.49296875 0.39375 0.103125 0.0953125
1 0.11796875 0.28984375 0.0390625 0.046875
1 0.62109375 0.1953125 0.05625 0.0390625
1 0.271875 0.31953125 0.0625 0.065625
1 0.3671875 0.15859375 0.0328125 0.025
1 0.0578125 0.246875 0.03125 0.05
1 0.453125 0.16953125 0.034375 0.03125
1 0.55 0.18828125 0.05 0.0359375
1 0.19296875 0.21796875 0.0328125 0.0359375
1 0.13984375 0.18046875 0.021875 0.0171875
1 0.78125 0.48125 0.1421875 0.1046875
1 0.2328125 0.28359375 0.053125 0.0484375
1 0.03125 0.21328125 0.0234375 0.021875
1 0.88671875 0.5859375 0.225 0.225
1 0.21796875 0.18359375 0.0296875 0.0265625
1 0.309375 0.18203125 0.0125 0.025
1 0.28671875 0.16328125 0.0234375 0.025
2 0.22265625 0.8015625 0.040625 0.1046875
2 0.26328125 0.9234375 0.115625 0.15
0 0.89921875 0.421875 0.2 0.240625