1 0.2296875 0.90859375 0.259375 0.1796875
1 0.55234375 0.93515625 0.25625 0.1265625
1 0.82890625 0.8609375 0.25625 0.234375
1 0.44609375 0.3109375 0.1140625 0.1
1 0.9203125 0.953125 0.1578125 0.090625
1 0.5796875 0.196875 0.08125 0.0578125
1 0.971875 0.33125 0.0546875 0.075
1 0.61875 0.2390625 0.090625 0.0703125
1 0.984375 0.17890625 0.0296875 0.0609375
1 0.9375 0.14140625 0.05 0.05
1 0.96796875 0.28828125 0.0625 0.065625
1 0.68828125 0.228125 0.1046875 0.0859375
1 0.884375 0.11015625 0.040625 0.0390625
1 0.19296875 0.1265625 0.046875 0.065625
3 0.58828125 0.67578125 0.2875 0.2640625
0 0.25859375 0.0703125 0.115625 0.1109375
0 0.9671875 0.10546875 0.0640625 0.1109375
0 0.33671875 0.0703125 0.0625 0.115625
0 0.834375 0.26171875 0.140625 0.1578125