1 0.30625 0.49375 0.0953125 0.15
1 0.68125 0.38828125 0.0734375 0.10625
1 0.33359375 0.90078125 0.1734375 0.1953125
1 0.44140625 0.396875 0.075 0.1171875
1 0.35078125 0.25859375 0.0453125 0.071875
1 0.484375 0.18515625 0.0375 0.05625
1 0.4078125 0.290625 0.0546875 0.08125
1 0.04453125 0.24453125 0.0421875 0.0703125
1 0.47578125 0.24921875 0.05 0.071875
1 0.95859375 0.2359375 0.08125 0.065625
1 0.4390625 0.16640625 0.03125 0.0515625
1 0.15703125 0.3015625 0.0375 0.0703125
1 0.88515625 0.21796875 0.05 0.071875
1 0.97890625 0.28984375 0.040625 0.0984375
1 0.40078125 0.2046875 0.0375 0.0578125
1 0.41875 0.13203125 0.028125 0.0453125
1 0.4203125 0.23359375 0.040625 0.0671875
0 0.25234375 0.325 0.1625 0.24375