1 0.48515625 0.3703125 0.084375 0.15625
1 0.06171875 0.1953125 0.09375 0.06875
1 0.521875 0.73515625 0.1359375 0.321875
1 0.74375 0.3890625 0.11875 0.1671875
1 0.62265625 0.365625 0.090625 0.15
1 0.8828125 0.75 0.2328125 0.3640625
1 0.6703125 0.5546875 0.1125 0.1984375
1 0.753125 0.89453125 0.1984375 0.2078125
1 0.97421875 0.0453125 0.05 0.0546875
1 0.7328125 0.01484375 0.034375 0.0296875
1 0.44765625 0.01484375 0.025 0.0296875
1 0.215625 0.06875 0.0359375 0.0484375
1 0.40390625 0.034375 0.028125 0.05
1 0.23515625 0.0484375 0.0421875 0.0484375
1 0.67890625 0.009375 0.025 0.01875
1 0.28828125 0.04609375 0.0359375 0.0453125
2 0.32421875 0.1203125 0.03125 0.0484375
2 0.29609375 0.25546875 0.0375 0.0453125
2 0.73046875 0.13203125 0.0375 0.05
0 0.89609375 0.446875 0.20625 0.5765625