1 0.534375 0.31875 0.0921875 0.0546875
1 0.19140625 0.31875 0.090625 0.0546875
1 0.36640625 0.87421875 0.3078125 0.2265625
1 0.89609375 0.375 0.1125 0.071875
1 0.3359375 0.31640625 0.09375 0.059375
1 0.4859375 0.47890625 0.14375 0.1359375
1 0.81171875 0.2390625 0.0546875 0.0375
1 0.30078125 0.3015625 0.0859375 0.0671875
1 0.06015625 0.32109375 0.0875 0.0546875
1 0.70546875 0.22421875 0.0171875 0.034375
1 0.87734375 0.23203125 0.053125 0.0203125
1 0.07109375 0.3015625 0.0828125 0.0453125
1 0.00859375 0.31875 0.0171875 0.0484375
0 0.053125 0.51796875 0.10625 0.2609375
3 0.9453125 0.315625 0.109375 0.10625