1 0.709375 0.721875 0.16875 0.3859375
1 0.48515625 0.19921875 0.08125 0.084375
1 0.96015625 0.25546875 0.078125 0.103125
1 0.78515625 0.384375 0.096875 0.15
1 0.6171875 0.26796875 0.071875 0.1140625
1 0.01640625 0.72734375 0.0328125 0.1640625
1 0.88046875 0.27890625 0.0859375 0.1140625
1 0.86796875 0.09296875 0.05 0.059375
1 0.65546875 0.1515625 0.05625 0.075
1 0.63359375 0.0359375 0.028125 0.04375
1 0.04375 0.49140625 0.0875 0.171875
1 0.8015625 0.05 0.0375 0.0484375
1 0.83828125 0.1546875 0.0578125 0.071875
1 0.75859375 0.06640625 0.0359375 0.0484375
1 0.60859375 0.1 0.0390625 0.059375
1 0.0921875 0.42109375 0.090625 0.1390625
1 0.19140625 0.30546875 0.08125 0.1109375
1 0.13984375 0.359375 0.09375 0.121875
1 0.60234375 0.17421875 0.046875 0.1
1 0.715625 0.01171875 0.021875 0.0234375
1 0.83046875 0.11484375 0.05 0.059375
2 0.73046875 0.2390625 0.025 0.0671875
0 0.54921875 0.040625 0.04375 0.08125
1 0.234375 0.25625 0.0625 0.090625
1 0.253125 0.2140625 0.0453125 0.053125
1 0.2640625 0.18984375 0.075 0.0515625
1 0.590625 0.025 0.021875 0.0375