1 0.77734375 0.73671875 0.2265625 0.2703125
1 0.1859375 0.38046875 0.121875 0.1546875
1 0.2453125 0.634375 0.2484375 0.1953125
1 0.55625 0.709375 0.228125 0.240625
1 0.44765625 0.62109375 0.2265625 0.2171875
1 0.0265625 0.796875 0.053125 0.13125
1 0.1609375 0.85625 0.321875 0.2765625
1 0.30390625 0.89921875 0.334375 0.1984375
1 0.57109375 0.15546875 0.078125 0.0640625
1 0.71953125 0.153125 0.075 0.071875
1 0.51484375 0.94140625 0.284375 0.1140625
1 0.6703125 0.14609375 0.065625 0.0703125
1 0.62890625 0.13359375 0.0453125 0.0484375
1 0.92890625 0.14609375 0.0734375 0.078125
1 0.83203125 0.15703125 0.0625 0.0703125
1 0.88203125 0.128125 0.0640625 0.0671875
1 0.940625 0.09453125 0.0421875 0.0296875
1 0.97421875 0.11796875 0.05 0.0828125
1 0.91328125 0.084375 0.040625 0.034375
1 0.92265625 0.05546875 0.0359375 0.0296875
1 0.9515625 0.0546875 0.0375 0.0453125
1 0.79609375 0.14765625 0.0609375 0.0734375