1 0.16640625 0.91328125 0.29375 0.1703125
1 0.896875 0.909375 0.2046875 0.178125
1 0.59609375 0.9046875 0.3046875 0.1875
1 0.80546875 0.34453125 0.140625 0.1109375
1 0.08515625 0.23046875 0.078125 0.0609375
1 0.58203125 0.19140625 0.08125 0.065625
1 0.9734375 0.32109375 0.0515625 0.071875
1 0.97109375 0.1484375 0.05625 0.0515625
1 0.20859375 0.2515625 0.0953125 0.0671875
1 0.69140625 0.20703125 0.103125 0.0671875
1 0.35625 0.284375 0.09375 0.0796875
1 0.29375 0.22890625 0.0859375 0.065625
1 0.4390625 0.25859375 0.1015625 0.0796875
1 0.33515625 0.20546875 0.0703125 0.059375
1 0.47109375 0.225 0.090625 0.071875
1 0.96953125 0.27890625 0.059375 0.0609375
1 0.6890625 0.06640625 0.0265625 0.0265625
1 0.09765625 0.14296875 0.065625 0.0515625
2 0.15703125 0.284375 0.0375 0.0578125
3 0.58984375 0.66484375 0.2859375 0.2625
3 0.66796875 0.25859375 0.1515625 0.1203125
0 0.8375 0.25078125 0.1421875 0.1578125
0 0.0265625 0.26640625 0.053125 0.165625
0 0.3640625 0.03203125 0.053125 0.0640625