1 0.67734375 0.31484375 0.15625 0.11875
1 0.91328125 0.3640625 0.171875 0.146875
1 0.98125 0.609375 0.0359375 0.1671875
1 0.86328125 0.0484375 0.090625 0.0515625
1 0.8796875 0.20390625 0.0890625 0.0890625
1 0.1 0.340625 0.08125 0.09375
1 0.28359375 0.234375 0.0703125 0.071875
1 0.17109375 0.38359375 0.090625 0.1078125
1 0.96484375 0.18125 0.06875 0.075
1 0.9515625 0.29296875 0.0953125 0.09375
1 0.69921875 0.08203125 0.09375 0.05
1 0.8640625 0.1484375 0.0703125 0.0640625
1 0.97578125 0.209375 0.046875 0.08125
3 0.28984375 0.38515625 0.18125 0.2453125
0 0.68671875 0.20859375 0.328125 0.228125
0 0.67578125 0.5734375 0.6 0.528125
0 0.45390625 0.22890625 0.271875 0.190625
0 0.15078125 0.26640625 0.1765625 0.1703125
0 0.03671875 0.28671875 0.0734375 0.1515625
0 0.34453125 0.16875 0.20625 0.134375
0 0.18828125 0.15625 0.11875 0.0984375
0 0.23671875 0.1 0.1265625 0.0640625
0 0.38828125 0.340625 0.0984375 0.1