1 0.7765625 0.73671875 0.2265625 0.2703125
1 0.415625 0.1859375 0.0875 0.06875
1 0.44609375 0.6234375 0.225 0.215625
1 0.29296875 0.8984375 0.35625 0.2
1 0.1609375 0.85625 0.321875 0.2765625
1 0.55546875 0.71015625 0.2265625 0.2390625
1 0.56953125 0.15625 0.075 0.0609375
1 0.71875 0.15390625 0.075 0.0703125
1 0.92734375 0.14609375 0.075 0.078125
1 0.628125 0.134375 0.046875 0.05
1 0.66953125 0.1484375 0.065625 0.0703125
1 0.82890625 0.1578125 0.059375 0.0703125
1 0.78359375 0.15 0.0421875 0.0625
1 0.8796875 0.1265625 0.0609375 0.071875
1 0.93203125 0.109375 0.034375 0.059375
1 0.97578125 0.11484375 0.0484375 0.0734375
1 0.9140625 0.0578125 0.0421875 0.0359375
1 0.946875 0.05859375 0.040625 0.0578125