1 0.77578125 0.73671875 0.225 0.2703125
1 0.24453125 0.634375 0.25 0.1953125
1 0.028125 0.79296875 0.05625 0.134375
1 0.44609375 0.62109375 0.225 0.2171875
1 0.55546875 0.709375 0.2265625 0.240625
1 0.1609375 0.85703125 0.321875 0.278125
1 0.29296875 0.89921875 0.353125 0.1984375
1 0.5703125 0.15390625 0.0765625 0.0671875
1 0.51484375 0.94140625 0.284375 0.1140625
1 0.71875 0.153125 0.075 0.071875
1 0.928125 0.14609375 0.0734375 0.078125
1 0.66953125 0.1484375 0.065625 0.0703125
1 0.62421875 0.13359375 0.0375 0.0484375
1 0.79375 0.14609375 0.0625 0.0703125
1 0.8296875 0.15625 0.065625 0.075
1 0.878125 0.12734375 0.0609375 0.0734375
1 0.93515625 0.09765625 0.0359375 0.0359375
1 0.97578125 0.11875 0.046875 0.08125
1 0.90859375 0.0859375 0.0421875 0.0375
1 0.95390625 0.06171875 0.05 0.053125
1 0.91953125 0.0578125 0.0359375 0.04375