1 0.77734375 0.73984375 0.2265625 0.271875
1 0.24609375 0.63828125 0.25 0.1953125
1 0.16171875 0.85859375 0.321875 0.2765625
1 0.55625 0.7109375 0.228125 0.240625
1 0.44765625 0.625 0.225 0.2203125
1 0.22265625 0.29453125 0.1 0.115625
1 0.29375 0.89921875 0.35625 0.1984375
1 0.56484375 0.159375 0.090625 0.0671875
1 0.71953125 0.15546875 0.075 0.075
1 0.48203125 0.97109375 0.259375 0.0546875
1 0.9296875 0.146875 0.075 0.0765625
1 0.63046875 0.13515625 0.046875 0.0484375
1 0.671875 0.1484375 0.06875 0.0703125
1 0.83203125 0.15859375 0.0703125 0.075
1 0.7796875 0.146875 0.0390625 0.059375
1 0.884375 0.13359375 0.05625 0.071875
1 0.9765625 0.11875 0.0453125 0.075
1 0.9359375 0.09921875 0.0359375 0.034375
1 0.91015625 0.09296875 0.05 0.040625
1 0.9203125 0.0609375 0.040625 0.0390625
1 0.95703125 0.0671875 0.0453125 0.0453125