1 0.83984375 0.69609375 0.28125 0.2640625
1 0.40078125 0.390625 0.15 0.1296875
1 0.8921875 0.18671875 0.1203125 0.0859375
1 0.84765625 0.03203125 0.096875 0.05
1 0.32578125 0.2765625 0.1015625 0.090625
1 0.62421875 0.23515625 0.125 0.1
1 0.6015625 0.35 0.14375 0.1265625
1 0.415625 0.1484375 0.078125 0.059375
1 0.44921875 0.1203125 0.0734375 0.0625
1 0.94140625 0.28125 0.115625 0.1078125
1 0.72265625 0.296875 0.15 0.109375
1 0.44765625 0.3 0.1296875 0.1109375
1 0.22890625 0.32421875 0.0984375 0.1078125
1 0.25625 0.140625 0.059375 0.05625
1 0.71796875 0.4890625 0.2109375 0.175
1 0.47109375 0.25078125 0.1015625 0.084375
1 0.07421875 0.30625 0.096875 0.0765625
1 0.60234375 0.1234375 0.0859375 0.071875
1 0.09765625 0.171875 0.034375 0.0484375
1 0.1890625 0.13984375 0.046875 0.0453125
1 0.8296875 0.403125 0.2234375 0.1984375
1 0.92265625 0.353125 0.153125 0.146875
1 0.58984375 0.15703125 0.096875 0.0703125
1 0.2375 0.2640625 0.08125 0.071875
1 0.10546875 0.11640625 0.0359375 0.040625
1 0.01640625 0.528125 0.0328125 0.1078125
1 0.11640625 0.2359375 0.0609375 0.0578125
1 0.1703125 0.24453125 0.0625 0.0671875
1 0.07265625 0.22109375 0.0515625 0.0609375
1 0.05 0.2734375 0.06875 0.065625
1 0.734375 0.028125 0.08125 0.05625
1 0.3234375 0.0515625 0.0203125 0.0265625
1 0.00703125 0.30390625 0.0140625 0.0515625