1 0.29140625 0.7796875 0.2375 0.18125
1 0.8296875 0.8265625 0.2625 0.2140625
1 0.77734375 0.578125 0.14375 0.196875
1 0.10859375 0.26015625 0.0859375 0.0546875
1 0.97578125 0.41875 0.046875 0.059375
1 0.74609375 0.31875 0.0625 0.09375
1 0.57734375 0.18359375 0.075 0.0515625
1 0.1625 0.18984375 0.0546875 0.046875
1 0.78828125 0.24453125 0.05625 0.078125
1 0.71484375 0.4203125 0.059375 0.140625
1 0.86015625 0.15078125 0.0640625 0.046875
1 0.96953125 0.14921875 0.059375 0.0453125
1 0.66875 0.25625 0.075 0.10625
1 0.90234375 0.16796875 0.078125 0.05
1 0.00546875 0.9484375 0.0109375 0.078125
0 0.2625 0.23125 0.228125 0.1625