1 0.0265625 0.30546875 0.053125 0.0546875
1 0.09609375 0.3484375 0.09375 0.078125
1 0.03046875 0.36015625 0.0609375 0.071875
1 0.33984375 0.16328125 0.04375 0.040625
1 0.21640625 0.1296875 0.0328125 0.0265625
1 0.66953125 0.26953125 0.075 0.1171875
1 0.97421875 0.15625 0.05 0.046875
1 0.60390625 0.1359375 0.0359375 0.03125
1 0.975 0.446875 0.0484375 0.0875
1 0.375 0.18203125 0.034375 0.0546875
1 0.8125 0.0234375 0.015625 0.0171875
1 0.44296875 0.2015625 0.0328125 0.0515625
0 0.76328125 0.08359375 0.059375 0.075
0 0.23046875 0.08828125 0.040625 0.0453125
0 0.6609375 0.0859375 0.0625 0.06875