1 0.1515625 0.41171875 0.171875 0.146875
1 0.07890625 0.7578125 0.1578125 0.25625
1 0.71796875 0.78671875 0.23125 0.275
1 0.45625 0.49453125 0.196875 0.1453125
1 0.77109375 0.3734375 0.128125 0.125
1 0.94453125 0.51015625 0.109375 0.1953125
1 0.53515625 0.16640625 0.0734375 0.0703125
1 0.52109375 0.70703125 0.215625 0.2484375
1 0.39140625 0.66171875 0.24375 0.2609375
1 0.49921875 0.321875 0.1296875 0.115625
1 0.83203125 0.21640625 0.0671875 0.096875
1 0.59296875 0.18046875 0.08125 0.071875
1 0.871875 0.43125 0.1421875 0.1515625
1 0.4265625 0.209375 0.0890625 0.078125
1 0.678125 0.16953125 0.075 0.0765625
1 0.7234375 0.209375 0.09375 0.1
1 0.7921875 0.121875 0.065625 0.0703125
1 0.43359375 0.24609375 0.1015625 0.0890625
1 0.93359375 0.1390625 0.06875 0.084375
1 0.48984375 0.26953125 0.121875 0.090625
1 0.87734375 0.109375 0.065625 0.0640625
1 0.84765625 0.15078125 0.071875 0.0609375
1 0.73828125 0.16484375 0.06875 0.0546875
1 0.9359375 0.071875 0.0484375 0.0578125
1 0.95703125 0.0484375 0.0296875 0.0328125
1 0.9109375 0.06328125 0.0390625 0.046875
1 0.9890625 0.1 0.021875 0.0640625
1 0.9625 0.09140625 0.053125 0.059375
0 0.97265625 0.03515625 0.0546875 0.0703125