1 0.8578125 0.91015625 0.2828125 0.1765625
1 0.6484375 0.31171875 0.1203125 0.1015625
1 0.74609375 0.2296875 0.10625 0.078125
1 0.29296875 0.91171875 0.296875 0.171875
1 0.5546875 0.18515625 0.09375 0.0703125
1 0.03984375 0.921875 0.078125 0.1515625
1 0.41875 0.14921875 0.0609375 0.053125
1 0.4375 0.25546875 0.0984375 0.075
1 0.80390625 0.32109375 0.125 0.1015625
1 0.15390625 0.23828125 0.0640625 0.0765625
1 0.97265625 0.31875 0.053125 0.075
1 0.48984375 0.23359375 0.08125 0.0671875
1 0.96953125 0.27578125 0.059375 0.059375
1 0.3265625 0.2265625 0.096875 0.0796875
1 0.15078125 0.11875 0.04375 0.0453125
1 0.234375 0.1546875 0.0421875 0.0546875
1 0.38046875 0.20859375 0.0484375 0.0578125
1 0.034375 0.16484375 0.06875 0.075
1 0.13359375 0.203125 0.0609375 0.06875
1 0.12265625 0.178125 0.05625 0.059375
1 0.17109375 0.134375 0.0484375 0.05625
2 0.22578125 0.2796875 0.04375 0.0546875
2 0.4640625 0.14453125 0.03125 0.0484375
2 0.87890625 0.1234375 0.028125 0.0390625
2 0.265625 0.2046875 0.0296875 0.0578125
2 0.35859375 0.16953125 0.021875 0.03125
3 0.5859375 0.66015625 0.28125 0.2609375
0 0.05546875 0.3 0.1109375 0.26875
0 0.31015625 0.0609375 0.08125 0.096875