1 0.50859375 0.88203125 0.1296875 0.1875
1 0.96484375 0.45859375 0.06875 0.05
1 0.58046875 0.95546875 0.121875 0.0859375
1 0.68984375 0.44140625 0.0359375 0.0546875
1 0.92109375 0.61328125 0.103125 0.096875
1 0.42109375 0.621875 0.1 0.0890625
1 0.640625 0.4984375 0.046875 0.059375
1 0.66171875 0.596875 0.0671875 0.1171875
1 0.84921875 0.63046875 0.1453125 0.1171875
1 0.57421875 0.62109375 0.0703125 0.0984375
1 0.340625 0.58046875 0.053125 0.075
1 0.1734375 0.71796875 0.090625 0.125
1 0.8328125 0.46015625 0.0875 0.04375
1 0.0859375 0.65390625 0.071875 0.1109375
1 0.53828125 0.75 0.084375 0.134375
1 0.09140625 0.53359375 0.09375 0.0515625
1 0.6078125 0.41484375 0.03125 0.0296875
1 0.85546875 0.43671875 0.08125 0.040625
1 0.52109375 0.6796875 0.071875 0.1109375
1 0.23515625 0.515625 0.084375 0.05
1 0.31953125 0.50703125 0.0625 0.0546875
1 0.61796875 0.5546875 0.0546875 0.084375
1 0.50546875 0.47421875 0.059375 0.0484375
1 0.95 0.37421875 0.028125 0.0296875
1 0.1765625 0.6515625 0.084375 0.1046875
1 0.1359375 0.5953125 0.0640625 0.071875
1 0.4125 0.55703125 0.059375 0.0640625
1 0.5078125 0.4265625 0.034375 0.0359375
1 0.39609375 0.525 0.046875 0.065625
2 0.41953125 0.6859375 0.034375 0.065625
0 0.25546875 0.803125 0.24375 0.390625