1 0.27578125 0.23828125 0.0796875 0.084375
1 0.89609375 0.74921875 0.20625 0.209375
1 0.70859375 0.88125 0.1765625 0.234375
1 0.11328125 0.15390625 0.0859375 0.059375
1 0.8484375 0.2859375 0.1078125 0.10625
1 0.16796875 0.18203125 0.065625 0.071875
1 0.54453125 0.48203125 0.1296875 0.1953125
1 0.7625 0.22109375 0.0734375 0.0796875
1 0.44609375 0.365625 0.103125 0.13125
1 0.7125 0.2359375 0.075 0.06875
1 0.6984375 0.17421875 0.0625 0.0671875
1 0.48359375 0.04296875 0.028125 0.0453125
1 0.81796875 0.315625 0.084375 0.0984375
1 0.64921875 0.1359375 0.04375 0.0609375
1 0.61015625 0.153125 0.0515625 0.06875
1 0.58671875 0.109375 0.0359375 0.059375
1 0.5796875 0.19609375 0.0625 0.0953125
1 0.57265625 0.06328125 0.028125 0.040625
2 0.06015625 0.41640625 0.053125 0.078125
2 0.14296875 0.39921875 0.0546875 0.0859375
2 0.16328125 0.09375 0.0484375 0.04375
2 0.9640625 0.09140625 0.04375 0.04375
2 0.2625 0.02890625 0.0078125 0.0234375
3 0.7296875 0.42109375 0.259375 0.3546875
0 0.47109375 0.20625 0.221875 0.20625
1 0.63671875 0.0984375 0.034375 0.0390625
1 0.61796875 0.06875 0.025 0.0453125
1 0.6078125 0.0421875 0.025 0.0390625
1 0.5671875 0.0375 0.025 0.0421875
1 0.6015625 0.02734375 0.021875 0.0390625