1 0.67578125 0.31328125 0.153125 0.11875
1 0.9328125 0.071875 0.1 0.059375
1 0.96328125 0.6109375 0.071875 0.1703125
1 0.60546875 0.08203125 0.075 0.0390625
1 0.878125 0.2015625 0.090625 0.0890625
1 0.16796875 0.375 0.090625 0.10625
1 0.09765625 0.33203125 0.08125 0.090625
1 0.36328125 0.07890625 0.05 0.0390625
1 0.68515625 0.071875 0.08125 0.0515625
1 0.91796875 0.3640625 0.1625 0.146875
1 0.86015625 0.0484375 0.0921875 0.0515625
1 0.83125 0.38046875 0.18125 0.1203125
1 0.4484375 0.0859375 0.0578125 0.046875
1 0.95078125 0.29375 0.096875 0.0953125
1 0.28203125 0.2265625 0.071875 0.071875
1 0.35078125 0.26953125 0.096875 0.06875
1 0.96328125 0.17578125 0.071875 0.0703125
1 0.975 0.209375 0.0484375 0.08125
1 0.4875 0.1203125 0.065625 0.034375
1 0.5125 0.31171875 0.1359375 0.06875
1 0.86328125 0.1484375 0.0703125 0.0640625
2 0.01484375 0.5390625 0.028125 0.05625
3 0.28671875 0.378125 0.18125 0.2453125
0 0.684375 0.20703125 0.328125 0.2265625
0 0.6703125 0.5703125 0.5953125 0.5296875
0 0.45234375 0.21796875 0.2703125 0.1796875
0 0.14453125 0.25703125 0.184375 0.1671875
0 0.0359375 0.2765625 0.071875 0.15
0 0.33984375 0.16328125 0.2 0.134375
0 0.16328125 0.146875 0.1625 0.0984375
0 0.234375 0.090625 0.1234375 0.0671875
0 0.384375 0.33515625 0.09375 0.1