1 0.13046875 0.38359375 0.0984375 0.1046875
1 0.7 0.26328125 0.14375 0.1
1 0.64609375 0.4609375 0.1890625 0.1671875
1 0.58359375 0.16796875 0.096875 0.071875
1 0.45078125 0.30703125 0.128125 0.11875
1 0.60234375 0.346875 0.14375 0.10625
1 0.265625 0.340625 0.10625 0.1046875
1 0.86328125 0.19375 0.1296875 0.0875
1 0.971875 0.20078125 0.0546875 0.1015625
1 0.22421875 0.1953125 0.0609375 0.0578125
1 0.83125 0.40703125 0.225 0.196875
1 0.71875 0.1796875 0.1125 0.078125
1 0.56015625 0.078125 0.059375 0.059375
1 0.32578125 0.27890625 0.103125 0.0875
1 0.69765625 0.1390625 0.103125 0.0703125
1 0.10234375 0.09140625 0.0328125 0.025
1 0.30546875 0.15 0.0625 0.0515625
1 0.1015625 0.17421875 0.0328125 0.0515625
1 0.89765625 0.078125 0.096875 0.0671875
1 0.81484375 0.10390625 0.1 0.0640625
1 0.85234375 0.03828125 0.0890625 0.05
1 0.0453125 0.28125 0.040625 0.0671875
1 0.9546875 0.54375 0.0890625 0.225
1 0.55546875 0.13359375 0.0578125 0.0640625
1 0.2421875 0.26171875 0.06875 0.06875
1 0.8578125 0.14921875 0.11875 0.065625
0 0.43515625 0.12421875 0.1953125 0.134375
0 0.14296875 0.2765625 0.184375 0.16875