1 0.14609375 0.678125 0.15 0.221875
1 0.88671875 0.73359375 0.1546875 0.203125
1 0.32109375 0.7 0.146875 0.2453125
1 0.66640625 0.4609375 0.078125 0.11875
1 0.1921875 0.3796875 0.078125 0.1078125
1 0.621875 0.28203125 0.046875 0.071875
1 0.52421875 0.33671875 0.0703125 0.09375
1 0.72421875 0.33359375 0.05625 0.08125
1 0.07578125 0.28359375 0.1203125 0.0703125
1 0.71796875 0.253125 0.046875 0.06875
1 0.14296875 0.25 0.05625 0.0703125
1 0.34140625 0.2984375 0.040625 0.0859375
2 0.48203125 0.42109375 0.0375 0.0765625
0 0.078125 0.5 0.15625 0.4078125
0 0.38203125 0.16328125 0.075 0.1046875
0 0.26640625 0.24921875 0.146875 0.190625
0 0.3015625 0.2203125 0.0765625 0.134375