1 0.6375 0.8859375 0.1125 0.2015625
1 0.97265625 0.4359375 0.053125 0.046875
1 0.65625 0.52578125 0.05 0.08125
1 0.30703125 0.4859375 0.08125 0.0546875
1 0.1015625 0.6234375 0.071875 0.109375
1 0.86484375 0.60703125 0.146875 0.11875
1 0.35546875 0.55390625 0.0515625 0.078125
1 0.93828125 0.59140625 0.1015625 0.0984375
1 0.153125 0.5640625 0.0609375 0.071875
1 0.69921875 0.43671875 0.0359375 0.0484375
1 0.19296875 0.61953125 0.0875 0.1015625
1 0.87265625 0.41328125 0.08125 0.040625
1 0.61953125 0.46875 0.0359375 0.05625
1 0.43046875 0.61796875 0.0703125 0.10625
1 0.46171875 0.49296875 0.053125 0.0703125
1 0.64375 0.45 0.0390625 0.0515625
1 0.52265625 0.4 0.03125 0.0375
1 0.68203125 0.4015625 0.0328125 0.040625
1 0.8484375 0.43671875 0.0890625 0.0453125
1 0.0328125 0.503125 0.046875 0.0609375
1 0.41328125 0.49609375 0.053125 0.0671875
2 0.29453125 0.55703125 0.025 0.0703125
0 0.51171875 0.5703125 0.10625 0.2296875
0 0.5640625 0.49296875 0.0890625 0.1640625
0 0.70703125 0.36796875 0.040625 0.065625