1 0.85390625 0.909375 0.290625 0.178125
1 0.6390625 0.30859375 0.121875 0.1015625
1 0.28515625 0.9 0.2953125 0.196875
1 0.7546875 0.2296875 0.1078125 0.075
1 0.56484375 0.1859375 0.0953125 0.071875
1 0.1484375 0.24140625 0.065625 0.0765625
1 0.4359375 0.25546875 0.1 0.075
1 0.42734375 0.153125 0.0625 0.053125
1 0.47890625 0.23359375 0.096875 0.0671875
1 0.78046875 0.31328125 0.121875 0.1
1 0.97265625 0.31875 0.053125 0.075
1 0.96875 0.27578125 0.0609375 0.059375
1 0.03984375 0.921875 0.078125 0.1515625
1 0.63984375 0.3796875 0.1171875 0.0890625
1 0.3265625 0.2265625 0.096875 0.0796875
1 0.11875 0.1796875 0.05625 0.059375
1 0.16640625 0.1359375 0.0484375 0.0578125
1 0.03046875 0.165625 0.0609375 0.071875
1 0.38125 0.20703125 0.0484375 0.059375
1 0.12890625 0.20625 0.0640625 0.06875
2 0.22265625 0.28125 0.04375 0.0515625
2 0.4640625 0.13828125 0.03125 0.0390625
2 0.88046875 0.12578125 0.028125 0.040625
2 0.265625 0.2046875 0.0296875 0.0578125
2 0.35859375 0.1703125 0.0234375 0.0296875
3 0.5890625 0.6609375 0.2875 0.259375
0 0.05078125 0.30234375 0.1015625 0.2640625
0 0.30859375 0.06328125 0.0828125 0.1
0 0.27734375 0.03984375 0.0671875 0.065625