1 0.66796875 0.26484375 0.1203125 0.078125
1 0.90859375 0.33203125 0.13125 0.0984375
1 0.90546875 0.1703125 0.0953125 0.0671875
1 0.1375 0.28203125 0.128125 0.0953125
1 0.05703125 0.19296875 0.090625 0.0640625
1 0.97578125 0.1765625 0.046875 0.084375
1 0.13671875 0.20703125 0.1 0.0671875
1 0.18125 0.17890625 0.0875 0.065625
1 0.328125 0.12890625 0.0921875 0.065625
1 0.94140625 0.01953125 0.0375 0.0359375
1 0.45234375 0.10078125 0.0625 0.065625
1 0.89140625 0.26015625 0.125 0.0953125
1 0.89921875 0.01015625 0.028125 0.0203125
1 0.00859375 0.22578125 0.0171875 0.040625
1 0.00859375 0.31796875 0.0171875 0.0484375
2 0.45 0.5953125 0.0734375 0.090625
2 0.87421875 0.09375 0.01875 0.0359375
2 0.39140625 0.93125 0.109375 0.0890625
3 0.31328125 0.27890625 0.1921875 0.175
3 0.59296875 0.63046875 0.2953125 0.265625
0 0.5828125 0.1046875 0.21875 0.109375
0 0.25546875 0.0359375 0.0859375 0.071875