1 0.778125 0.73984375 0.225 0.271875
1 0.16171875 0.85859375 0.321875 0.2765625
1 0.23359375 0.303125 0.09375 0.1171875
1 0.24609375 0.63828125 0.2515625 0.1953125
1 0.55625 0.71328125 0.228125 0.240625
1 0.44765625 0.62421875 0.225 0.215625
1 0.30390625 0.9 0.3359375 0.196875
1 0.57109375 0.15859375 0.075 0.065625
1 0.71953125 0.15546875 0.075 0.075
1 0.46640625 0.95703125 0.2265625 0.08125
1 0.5671875 0.959375 0.1390625 0.078125
1 0.92890625 0.146875 0.075 0.0796875
1 0.67109375 0.14921875 0.065625 0.071875
1 0.63046875 0.13671875 0.046875 0.0515625
1 0.796875 0.14609375 0.0609375 0.0703125
1 0.83125 0.15859375 0.0671875 0.071875
1 0.88125 0.1296875 0.0671875 0.08125
1 0.9734375 0.10703125 0.053125 0.0921875
1 0.93984375 0.09921875 0.0375 0.05
1 0.90859375 0.0875 0.046875 0.0421875
1 0.921875 0.05703125 0.034375 0.0390625
1 0.953125 0.0640625 0.0484375 0.05