1 0.45 0.9 0.115625 0.196875
1 0.62890625 0.6046875 0.065625 0.10625
1 0.6109375 0.9140625 0.128125 0.16875
1 0.97265625 0.43203125 0.053125 0.046875
1 0.43046875 0.61328125 0.0703125 0.1046875
1 0.19296875 0.61171875 0.0859375 0.1015625
1 0.1015625 0.61796875 0.071875 0.109375
1 0.86484375 0.6046875 0.1453125 0.1171875
1 0.35625 0.54921875 0.05 0.075
1 0.153125 0.559375 0.0609375 0.0703125
1 0.66953125 0.46796875 0.046875 0.0609375
1 0.93828125 0.5890625 0.103125 0.096875
1 0.37109375 0.4703125 0.06875 0.0515625
1 0.72734375 0.39609375 0.03125 0.0375
1 0.82265625 0.96953125 0.11875 0.0578125
1 0.80390625 0.3453125 0.01875 0.0203125
1 0.8734375 0.4109375 0.08125 0.040625
1 0.52265625 0.39609375 0.03125 0.0328125
1 0.03046875 0.5 0.0609375 0.05625
1 0.4140625 0.49375 0.053125 0.065625
1 0.46484375 0.4890625 0.059375 0.0703125
0 0.5203125 0.52109375 0.090625 0.190625
0 0.58203125 0.45625 0.0734375 0.1359375
0 0.728125 0.35078125 0.03125 0.0546875