1 0.86953125 0.265625 0.1078125 0.084375
1 0.4453125 0.34375 0.134375 0.1015625
1 0.65390625 0.353125 0.1375 0.1140625
1 0.04296875 0.60078125 0.0859375 0.1359375
1 0.65390625 0.29375 0.1109375 0.0796875
1 0.2203125 0.4265625 0.146875 0.125
1 0.33046875 0.46171875 0.15 0.146875
1 0.190625 0.384375 0.146875 0.1171875
1 0.14609375 0.27890625 0.11875 0.090625
1 0.03671875 0.2359375 0.0734375 0.06875
1 0.5171875 0.18125 0.09375 0.059375
1 0.0765625 0.21171875 0.075 0.05
1 0.39453125 0.16640625 0.0890625 0.0484375
1 0.0390625 0.50078125 0.078125 0.0796875
1 0.20390625 0.22109375 0.0953125 0.05625
1 0.52265625 0.15 0.078125 0.0453125
1 0.01484375 0.42265625 0.0296875 0.0953125
1 0.33046875 0.2109375 0.0546875 0.0640625
1 0.63046875 0.1390625 0.0515625 0.0453125
1 0.40390625 0.21953125 0.109375 0.0796875
1 0.93359375 0.03984375 0.0375 0.03125
1 0.23515625 0.19375 0.0796875 0.05
2 0.04453125 0.38515625 0.053125 0.0640625
3 0.58984375 0.65390625 0.290625 0.2640625
0 0.73984375 0.19453125 0.25 0.1625
0 0.253125 0.05078125 0.0921875 0.0984375
0 0.88046875 0.14921875 0.2375 0.128125