1 0.1765625 0.48515625 0.115625 0.115625
1 0.42734375 0.4109375 0.059375 0.09375
1 0.70625 0.740625 0.1640625 0.2265625
1 0.48203125 0.54609375 0.090625 0.121875
1 0.17734375 0.2734375 0.0359375 0.046875
1 0.20546875 0.3265625 0.065625 0.0609375
1 0.31796875 0.321875 0.040625 0.059375
1 0.43359375 0.3265625 0.046875 0.0609375
1 0.85234375 0.28203125 0.046875 0.04375
1 0.5609375 0.4640625 0.08125 0.10625
1 0.58203125 0.303125 0.04375 0.0390625
1 0.36484375 0.30625 0.0390625 0.05625
2 0.05 0.3984375 0.046875 0.059375
2 0.15859375 0.353125 0.03125 0.046875
2 0.878125 0.340625 0.0484375 0.0546875
2 0.19609375 0.3484375 0.0484375 0.0484375
0 0.64453125 0.26875 0.096875 0.1078125
0 0.53046875 0.09921875 0.05 0.06875
0 0.63359375 0.79609375 0.4453125 0.403125