1 0.1421875 0.7015625 0.121875 0.221875
1 0.11328125 0.4203125 0.0578125 0.096875
1 0.19765625 0.4140625 0.065625 0.090625
1 0.20703125 0.3265625 0.0625 0.0609375
1 0.87578125 0.5296875 0.13125 0.1140625
1 0.9515625 0.51875 0.0953125 0.1078125
1 0.59375 0.29375 0.046875 0.046875
1 0.65859375 0.33203125 0.05625 0.0609375
1 0.28203125 0.325 0.021875 0.065625
1 0.63984375 0.359375 0.0703125 0.0671875
1 0.85390625 0.284375 0.05 0.04375
1 0.30703125 0.29921875 0.0328125 0.05625
1 0.52421875 0.2859375 0.028125 0.0234375
1 0.80625 0.26484375 0.0359375 0.040625
2 0.04921875 0.3984375 0.046875 0.059375
2 0.08671875 0.3359375 0.025 0.0390625
2 0.80078125 0.353125 0.015625 0.0359375
0 0.4609375 0.7109375 0.271875 0.575
0 0.37734375 0.3484375 0.1265625 0.1703125
0 0.41796875 0.265625 0.08125 0.1171875
0 0.44140625 0.315625 0.1296875 0.2171875