1 0.77421875 0.73046875 0.225 0.271875
1 0.4453125 0.61796875 0.2265625 0.2203125
1 0.26640625 0.91484375 0.3296875 0.1671875
1 0.3734375 0.228125 0.13125 0.0859375
1 0.55390625 0.703125 0.2265625 0.2390625
1 0.11015625 0.89296875 0.2203125 0.2109375
1 0.56875 0.15078125 0.078125 0.0609375
1 0.13046875 0.23359375 0.1171875 0.078125
1 0.71796875 0.146875 0.075 0.071875
1 0.66875 0.14296875 0.065625 0.0671875
1 0.93203125 0.140625 0.065625 0.078125
1 0.73828125 0.07890625 0.046875 0.028125
1 0.21640625 0.184375 0.0671875 0.0609375
1 0.82890625 0.153125 0.0625 0.071875
1 0.97421875 0.109375 0.05 0.078125
1 0.9328125 0.009375 0.0265625 0.01875
2 0.45234375 0.18515625 0.0265625 0.05625
2 0.975 0.45625 0.0484375 0.0875