1 0.61484375 0.74296875 0.153125 0.215625
1 0.26484375 0.2546875 0.0703125 0.0765625
1 0.9015625 0.33828125 0.103125 0.1015625
1 0.803125 0.75 0.1609375 0.196875
1 0.70546875 0.55 0.1328125 0.1453125
1 0.42578125 0.39453125 0.096875 0.115625
1 0.58515625 0.41484375 0.109375 0.1109375
1 0.52890625 0.50625 0.1140625 0.1453125
1 0.334375 0.31875 0.078125 0.09375
1 0.46328125 0.3234375 0.0890625 0.0859375
1 0.34140625 0.2390625 0.0765625 0.0703125
1 0.7484375 0.296875 0.084375 0.0953125
1 0.4890625 0.009375 0.0203125 0.01875
1 0.9796875 0.475 0.0390625 0.125
1 0.6265625 0.31328125 0.10625 0.11875
1 0.10234375 0.19140625 0.08125 0.0578125
1 0.4796875 0.09921875 0.03125 0.046875
1 0.7953125 0.2546875 0.075 0.0875
1 0.9875 0.38828125 0.0234375 0.0640625
1 0.35390625 0.03046875 0.025 0.03125
1 0.65625 0.13828125 0.01875 0.0546875
1 0.73515625 0.21015625 0.059375 0.084375
1 0.16015625 0.1796875 0.05625 0.05625
1 0.69453125 0.17578125 0.04375 0.0640625
1 0.5921875 0.01328125 0.0203125 0.0265625
1 0.32734375 0.0140625 0.01875 0.028125
1 0.00390625 0.1828125 0.0078125 0.040625
1 0.36484375 0.01015625 0.0375 0.0203125
2 0.89921875 0.12421875 0.021875 0.0515625
2 0.92109375 0.534375 0.05625 0.0859375
2 0.1453125 0.4296875 0.059375 0.0859375
2 0.06640625 0.22109375 0.0203125 0.046875
2 0.0125 0.28125 0.025 0.059375
2 0.25390625 0.52109375 0.0609375 0.084375
2 0.96484375 0.11796875 0.0421875 0.046875
0 0.415625 0.1703125 0.184375 0.1515625
0 0.09921875 0.12578125 0.1984375 0.1046875
0 0.60546875 0.140625 0.090625 0.159375
1 0.1984375 0.20546875 0.0640625 0.075
0 0.57578125 0.040625 0.0453125 0.046875
2 0.25859375 0.15625 0.028125 0.0390625