1 0.08203125 0.89453125 0.1640625 0.2078125
1 0.07265625 0.3390625 0.0875 0.0546875
1 0.31171875 0.32421875 0.0859375 0.0640625
1 0.21328125 0.34375 0.090625 0.0578125
1 0.79921875 0.38515625 0.08125 0.078125
1 0.18125 0.32890625 0.0609375 0.05
1 0.82109375 0.26875 0.05625 0.0375
1 0.48671875 0.34609375 0.09375 0.0546875
1 0.46328125 0.325 0.071875 0.04375
1 0.07109375 0.49609375 0.109375 0.140625
0 0.0203125 0.52890625 0.040625 0.2359375
1 0.73984375 0.3109375 0.034375 0.0375
1 0.79140625 0.3234375 0.053125 0.065625
1 0.88828125 0.2640625 0.05625 0.0234375
1 0.01484375 0.33515625 0.0296875 0.059375
1 0.03515625 0.396875 0.0703125 0.071875
1 0.45703125 0.39609375 0.103125 0.0703125
1 0.40546875 0.371875 0.1125 0.0671875
1 0.7140625 0.25390625 0.015625 0.034375
2 0.55625 0.3890625 0.053125 0.04375