1 0.37421875 0.4609375 0.16875 0.1375
1 0.08828125 0.55078125 0.1765625 0.1609375
1 0.1484375 0.4359375 0.11875 0.1171875
1 0.8265625 0.15703125 0.065625 0.0515625
1 0.25078125 0.178125 0.0875 0.0484375
1 0.9921875 0.08515625 0.0140625 0.034375
2 0.60859375 0.49453125 0.0625 0.0703125
2 0.8078125 0.4515625 0.0625 0.08125
2 0.9421875 0.1765625 0.0203125 0.0390625
2 0.21328125 0.11484375 0.015625 0.040625
2 0.88515625 0.18203125 0.03125 0.0390625
3 0.58515625 0.65625 0.284375 0.2609375
0 0.6421875 0.20390625 0.31875 0.178125
0 0.2015625 0.27109375 0.403125 0.209375
0 0.06875 0.390625 0.1375 0.259375
0 0.25234375 0.05703125 0.1 0.096875