1 0.69296875 0.48671875 0.10625 0.184375
1 0.8046875 0.09375 0.040625 0.0546875
1 0.54609375 0.125 0.04375 0.0578125
1 0.58046875 0.00859375 0.0203125 0.0171875
1 0.04453125 0.49375 0.0890625 0.171875
1 0.721875 0.028125 0.028125 0.040625
1 0.50703125 0.20859375 0.0578125 0.0578125
1 0.19296875 0.30703125 0.08125 0.1109375
1 0.46640625 0.184375 0.0578125 0.084375
1 0.09296875 0.41640625 0.090625 0.1265625
1 0.14140625 0.3609375 0.0921875 0.121875
1 0.53125 0.18359375 0.0625 0.075
0 0.45859375 0.478125 0.203125 0.4890625
0 0.9875 0.16953125 0.0234375 0.171875