1 0.08984375 0.86796875 0.1546875 0.2609375
1 0.54921875 0.4765625 0.090625 0.1203125
1 0.18203125 0.5265625 0.0875 0.14375
1 0.94921875 0.56875 0.1 0.1265625
1 0.53359375 0.88046875 0.1890625 0.2359375
1 0.41640625 0.40703125 0.0625 0.096875
1 0.22421875 0.371875 0.05 0.0859375
1 0.72265625 0.40625 0.084375 0.0796875
1 0.73515625 0.35703125 0.065625 0.0671875
1 0.56875 0.2984375 0.05 0.0546875
1 0.94609375 0.4484375 0.10625 0.1078125
1 0.45546875 0.33671875 0.0546875 0.0703125
1 0.853125 0.26875 0.0484375 0.0453125
1 0.15703125 0.33828125 0.0609375 0.0859375
1 0.34140625 0.359375 0.059375 0.096875
1 0.34765625 0.5109375 0.0875 0.1375
1 0.38984375 0.33203125 0.053125 0.071875
1 0.271875 0.89140625 0.1625 0.2140625
2 0.08671875 0.31875 0.025 0.040625
2 0.0484375 0.38125 0.046875 0.059375
0 0.53125 0.08046875 0.0484375 0.065625
0 0.62734375 0.23984375 0.04375 0.090625