1 0.61875 0.64921875 0.13125 0.125
1 0.346875 0.753125 0.1859375 0.1765625
1 0.03828125 0.8859375 0.0765625 0.196875
1 0.36484375 0.66015625 0.153125 0.125
1 0.1421875 0.57109375 0.103125 0.09375
1 0.95859375 0.4703125 0.05 0.0640625
1 0.85703125 0.953125 0.184375 0.090625
1 0.8125 0.540625 0.090625 0.09375
1 0.90390625 0.46015625 0.053125 0.0609375
1 0.8484375 0.49609375 0.0703125 0.078125
0 0.66875 0.48359375 0.184375 0.178125
0 0.9390625 0.33359375 0.0515625 0.0671875
0 0.88125 0.40390625 0.10625 0.115625