1 0.0796875 0.328125 0.1328125 0.0890625
1 0.31484375 0.3984375 0.165625 0.115625
1 0.56328125 0.31875 0.1375 0.1
1 0.95703125 0.13828125 0.084375 0.05625
1 0.54453125 0.91484375 0.309375 0.1671875
1 0.7765625 0.11171875 0.059375 0.0453125
1 0.71796875 0.13515625 0.090625 0.0671875
1 0.13828125 0.20546875 0.0984375 0.0703125
1 0.07109375 0.19296875 0.0875 0.075
1 0.24765625 0.1265625 0.075 0.05625
1 0.1046875 0.8796875 0.209375 0.2375
2 0.64296875 0.07421875 0.028125 0.0296875
2 0.546875 0.08046875 0.025 0.028125
2 0.4984375 0.084375 0.0328125 0.0359375
2 0.85 0.525 0.06875 0.0796875
2 0.31796875 0.09375 0.0390625 0.0359375
2 0.4015625 0.0890625 0.025 0.034375
3 0.5921875 0.6234375 0.2875 0.265625
0 0.915625 0.028125 0.103125 0.05625