1 0.42265625 0.259375 0.0609375 0.0484375
1 0.95703125 0.275 0.084375 0.06875
1 0.25625 0.35625 0.06875 0.06875
1 0.01875 0.31796875 0.0375 0.071875
1 0.4328125 0.37578125 0.0890625 0.078125
1 0.409375 0.32421875 0.0796875 0.059375
1 0.80234375 0.7109375 0.215625 0.196875
1 0.09765625 0.24140625 0.028125 0.0359375
1 0.64765625 0.45078125 0.1328125 0.109375
1 0.67109375 0.40546875 0.121875 0.09375
1 0.55546875 0.1984375 0.0546875 0.0375
1 0.4546875 0.171875 0.034375 0.0296875
1 0.08203125 0.1765625 0.01875 0.0171875
1 0.36796875 0.16171875 0.034375 0.025
1 0.13828125 0.1765625 0.03125 0.028125
1 0.88671875 0.58359375 0.225 0.240625
1 0.18046875 0.18359375 0.0125 0.01875
1 0.28359375 0.1640625 0.03125 0.028125
1 0.9046875 0.51640625 0.15625 0.1109375
0 0.8984375 0.428125 0.2015625 0.240625