1 0.86171875 0.5890625 0.146875 0.11875
1 0.09765625 0.6015625 0.071875 0.1078125
1 0.64140625 0.56640625 0.059375 0.1265625
1 0.35234375 0.53203125 0.053125 0.0796875
1 0.93359375 0.57421875 0.1 0.096875
1 0.18828125 0.596875 0.084375 0.1015625
1 0.41484375 0.5765625 0.0609375 0.090625
1 0.409375 0.478125 0.053125 0.0640625
1 0.97109375 0.41796875 0.05625 0.046875
1 0.14921875 0.54375 0.0625 0.071875
1 0.60078125 0.46484375 0.04375 0.0640625
1 0.46015625 0.47109375 0.05625 0.06875
1 0.64921875 0.496875 0.046875 0.0765625
1 0.86875 0.39609375 0.08125 0.040625
1 0.50234375 0.4203125 0.0359375 0.0484375
1 0.8453125 0.41796875 0.0890625 0.04375
1 0.37421875 0.6453125 0.0890625 0.1203125
2 0.3171875 0.49140625 0.0140625 0.04375
3 0.4015625 0.7703125 0.1265625 0.29375
0 0.53046875 0.484375 0.0890625 0.1765625
0 0.66328125 0.396875 0.0859375 0.1140625
0 0.94140625 0.3046875 0.05 0.05
0 0.71796875 0.33046875 0.0390625 0.0640625
0 0.74765625 0.31796875 0.03125 0.05
2 0.10390625 0.49921875 0.04375 0.03125
1 0.1890625 0.546875 0.0515625 0.0359375
1 0.76328125 0.353125 0.021875 0.03125
1 0.74140625 0.390625 0.028125 0.034375