1 0.20859375 0.43515625 0.115625 0.1
1 0.05859375 0.2859375 0.084375 0.0765625
1 0.409375 0.27890625 0.075 0.0640625
1 0.21171875 0.215625 0.0609375 0.053125
1 0.3234375 0.16796875 0.05 0.04375
1 0.48203125 0.190625 0.05625 0.0484375
1 0.66484375 0.271875 0.0734375 0.103125
1 0.97109375 0.15390625 0.05625 0.040625
1 0.9578125 0.46953125 0.034375 0.0609375
1 0.72578125 0.15390625 0.015625 0.0375
1 0.546875 0.19375 0.05 0.05
1 0.209375 0.128125 0.03125 0.0265625
1 0.97890625 0.43359375 0.040625 0.0671875
1 0.165625 0.13359375 0.0359375 0.0265625
0 0.6890625 0.1234375 0.0953125 0.10625
0 0.39765625 0.1109375 0.1234375 0.0859375