1 0.52265625 0.08046875 0.0625 0.05
1 0.675 0.3140625 0.15625 0.1203125
1 0.8609375 0.04921875 0.0890625 0.05
1 0.97265625 0.10703125 0.053125 0.0671875
1 0.8765625 0.203125 0.0890625 0.0875
1 0.16796875 0.3765625 0.090625 0.10625
1 0.09609375 0.334375 0.08125 0.090625
1 0.4328125 0.28984375 0.11875 0.065625
1 0.91171875 0.35 0.175 0.115625
1 0.95 0.29453125 0.0984375 0.0953125
1 0.28046875 0.22890625 0.0703125 0.071875
1 0.9265625 0.4484375 0.1453125 0.15625
1 0.41484375 0.05390625 0.046875 0.0359375
1 0.97890625 0.6109375 0.040625 0.1703125
1 0.9625 0.175 0.0734375 0.0609375
1 0.86171875 0.1484375 0.0703125 0.0640625
1 0.97421875 0.209375 0.05 0.08125
3 0.28671875 0.3796875 0.18125 0.2453125
0 0.68359375 0.20859375 0.3265625 0.228125
0 0.45234375 0.22578125 0.271875 0.19375
0 0.14765625 0.26015625 0.1765625 0.1640625
0 0.03515625 0.27890625 0.0703125 0.1515625
0 0.18828125 0.1484375 0.115625 0.096875
0 0.33984375 0.16484375 0.203125 0.1375
0 0.2328125 0.09453125 0.125 0.0640625
0 0.66953125 0.571875 0.5953125 0.5265625
0 0.384375 0.334375 0.0921875 0.0984375