1 0.84375 0.45546875 0.1734375 0.1296875
1 0.946875 0.92421875 0.1046875 0.1484375
1 0.65703125 0.90625 0.3078125 0.184375
1 0.22265625 0.9109375 0.29375 0.175
1 0.9734375 0.3203125 0.0515625 0.075
1 0.58203125 0.18828125 0.084375 0.05625
1 0.6890625 0.21015625 0.10625 0.071875
1 0.384375 0.28828125 0.1 0.0765625
1 0.96640625 0.14375 0.0578125 0.05
1 0.46875 0.23359375 0.09375 0.0671875
1 0.98203125 0.096875 0.034375 0.0390625
1 0.4265625 0.25546875 0.103125 0.075
1 0.896875 0.0796875 0.040625 0.0359375
1 0.96953125 0.278125 0.059375 0.0640625
1 0.57421875 0.290625 0.1140625 0.09375
1 0.58671875 0.246875 0.103125 0.06875
1 0.94921875 0.1015625 0.0515625 0.040625
1 0.3796875 0.20859375 0.053125 0.065625
1 0.00546875 0.41875 0.0109375 0.0703125
1 0.01015625 0.9234375 0.0203125 0.1140625
2 0.2140625 0.28515625 0.04375 0.0484375
2 0.21796875 0.18984375 0.021875 0.04375
2 0.1859375 0.15859375 0.015625 0.04375
2 0.2734375 0.184375 0.0265625 0.0453125
2 0.3296875 0.171875 0.0390625 0.040625
2 0.25234375 0.16796875 0.0171875 0.0359375
2 0.40859375 0.14296875 0.03125 0.0296875
3 0.59140625 0.6640625 0.2890625 0.2609375
3 0.73828125 0.27578125 0.159375 0.1265625
0 0.0859375 0.18515625 0.1625 0.1859375
0 0.83828125 0.25 0.1390625 0.15625
0 0.840625 0.03203125 0.06875 0.0640625