1 0.67578125 0.31484375 0.15625 0.11875
1 0.91171875 0.36484375 0.175 0.1453125
1 0.87734375 0.2046875 0.0890625 0.0875
1 0.16875 0.38046875 0.090625 0.10625
1 0.09765625 0.3390625 0.08125 0.09375
1 0.96640625 0.609375 0.065625 0.175
1 0.95078125 0.29453125 0.096875 0.0953125
1 0.86171875 0.0484375 0.0875 0.0515625
1 0.35703125 0.08828125 0.053125 0.0390625
1 0.96328125 0.18046875 0.071875 0.071875
1 0.484375 0.125 0.071875 0.0390625
1 0.86328125 0.14921875 0.06875 0.0609375
1 0.975 0.209375 0.0484375 0.08125
1 0.28125 0.23203125 0.071875 0.071875
3 0.28671875 0.38203125 0.18125 0.246875
0 0.684375 0.209375 0.328125 0.2265625
0 0.45234375 0.2265625 0.2703125 0.190625
0 0.14765625 0.2640625 0.178125 0.16875
0 0.6703125 0.5734375 0.5953125 0.528125
0 0.03515625 0.28046875 0.0703125 0.1515625
0 0.33828125 0.16640625 0.1984375 0.134375
0 0.23046875 0.0984375 0.134375 0.0640625
0 0.38828125 0.33984375 0.1 0.1015625
0 0.7453125 0.0359375 0.08125 0.065625
0 0.16640625 0.153125 0.1625 0.0984375