1 0.721875 0.50078125 0.078125 0.16875
1 0.90390625 0.75078125 0.190625 0.2390625
1 0.971875 0.44453125 0.0546875 0.0703125
1 0.609375 0.18359375 0.046875 0.0484375
1 0.4234375 0.26640625 0.0625 0.0640625
1 0.16875 0.6015625 0.1375 0.178125
1 0.34609375 0.17109375 0.046875 0.0453125
1 0.97109375 0.1546875 0.05625 0.0390625
1 0.26640625 0.37421875 0.1125 0.096875
1 0.37265625 0.25390625 0.0625 0.05625
1 0.07109375 0.2703125 0.071875 0.08125
1 0.66484375 0.26796875 0.075 0.1171875
1 0.76875 0.07109375 0.015625 0.028125
1 0.21015625 0.128125 0.03125 0.0265625
1 0.2296875 0.190625 0.0453125 0.059375
1 0.04921875 0.475 0.0984375 0.1203125
1 0.00546875 0.3953125 0.0109375 0.0578125
0 0.76953125 0.04375 0.0375 0.0609375