1 0.67578125 0.31484375 0.15625 0.11875
1 0.91171875 0.36484375 0.175 0.1484375
1 0.87734375 0.2046875 0.0890625 0.0875
1 0.859375 0.05 0.09375 0.0515625
1 0.16875 0.38125 0.090625 0.1078125
1 0.09765625 0.3390625 0.08125 0.09375
1 0.95078125 0.29453125 0.096875 0.0953125
1 0.96328125 0.18125 0.071875 0.075
1 0.97890625 0.6109375 0.040625 0.1703125
1 0.40078125 0.09296875 0.0578125 0.0484375
1 0.33515625 0.05546875 0.0203125 0.0265625
1 0.96484375 0.08046875 0.0375 0.05
1 0.48359375 0.12578125 0.075 0.0375
1 0.28125 0.23203125 0.071875 0.071875
1 0.975 0.209375 0.0484375 0.08125
1 0.86328125 0.15078125 0.06875 0.0609375
2 0.85390625 0.0765625 0.03125 0.0359375
2 0.69375 0.06796875 0.0234375 0.03125
3 0.2875 0.38125 0.18125 0.2453125
0 0.68515625 0.209375 0.328125 0.2265625
0 0.453125 0.22890625 0.26875 0.190625
0 0.67109375 0.5734375 0.59375 0.528125
0 0.14765625 0.26484375 0.178125 0.1703125
0 0.0359375 0.28125 0.071875 0.1515625
0 0.16640625 0.15390625 0.1625 0.096875
0 0.340625 0.16640625 0.2 0.134375
0 0.23515625 0.0984375 0.125 0.0640625
0 0.3890625 0.340625 0.1015625 0.1046875
0 0.74609375 0.03515625 0.08125 0.0640625