1 0.76171875 0.26640625 0.1203125 0.08125
1 0.90703125 0.1703125 0.0953125 0.0671875
1 0.23125 0.27890625 0.1296875 0.0984375
1 0.95859375 0.33203125 0.08125 0.0984375
1 0.97578125 0.1765625 0.046875 0.084375
1 0.0578125 0.19296875 0.090625 0.0640625
1 0.1375 0.209375 0.096875 0.0703125
1 0.23359375 0.13203125 0.0875 0.0640625
1 0.18515625 0.17890625 0.0875 0.065625
1 0.359375 0.10546875 0.065625 0.0640625
1 0.95859375 0.2515625 0.08125 0.078125
1 0.05859375 0.31640625 0.1171875 0.0890625
1 0.51953125 0.27109375 0.03125 0.0609375
1 0.9421875 0.0203125 0.0375 0.034375
1 0.50234375 0.253125 0.0671875 0.1015625
1 0.00859375 0.22421875 0.0171875 0.0421875
2 0.36875 0.57578125 0.071875 0.0703125
2 0.26953125 0.9140625 0.103125 0.0984375
3 0.42734375 0.27578125 0.1875 0.178125
3 0.59140625 0.63046875 0.290625 0.265625
0 0.50859375 0.10390625 0.2140625 0.1109375
0 0.2546875 0.03671875 0.0875 0.0734375