1 0.48515625 0.365625 0.084375 0.1578125
1 0.62109375 0.35625 0.090625 0.15
1 0.52265625 0.73046875 0.134375 0.325
1 0.8828125 0.74453125 0.2328125 0.359375
1 0.04296875 0.471875 0.0859375 0.2078125
1 0.978125 0.6234375 0.0421875 0.128125
1 0.73984375 0.37578125 0.115625 0.1625
1 0.6703125 0.5484375 0.1125 0.196875
1 0.75390625 0.89296875 0.1984375 0.2109375
1 0.971875 0.28125 0.0546875 0.1265625
1 0.97109375 0.1 0.05625 0.0703125
1 0.96171875 0.059375 0.075 0.0625
1 0.7296875 0.01171875 0.040625 0.0234375
1 0.44375 0.0234375 0.028125 0.046875
1 0.40390625 0.028125 0.028125 0.0484375
1 0.23828125 0.04375 0.034375 0.046875
1 0.21640625 0.0609375 0.034375 0.0515625
1 0.28828125 0.04140625 0.034375 0.04375
1 0.35859375 0.0390625 0.034375 0.0484375
1 0.32265625 0.04375 0.0359375 0.046875
1 0.10234375 0.06953125 0.053125 0.05
2 0.94296875 0.16328125 0.0265625 0.05625
2 0.02734375 0.103125 0.015625 0.046875
2 0.22109375 0.09375 0.021875 0.06875
0 0.81953125 0.2203125 0.2703125 0.375