1 0.35859375 0.36796875 0.146875 0.125
1 0.09765625 0.515625 0.19375 0.165625
1 0.61015625 0.31484375 0.121875 0.0953125
1 0.97578125 0.23515625 0.046875 0.08125
1 0.8765625 0.1140625 0.059375 0.05
1 0.31171875 0.309375 0.121875 0.1046875
1 0.815625 0.18359375 0.0828125 0.0640625
1 0.71484375 0.13359375 0.075 0.0515625
1 0.79375 0.26328125 0.0875 0.09375
1 0.92734375 0.16015625 0.071875 0.0546875
1 0.52265625 0.17421875 0.078125 0.0640625
1 0.51953125 0.15078125 0.0890625 0.046875
1 0.9375 0.03046875 0.0375 0.0359375
2 0.715625 0.1734375 0.03125 0.04375
2 0.640625 0.18515625 0.0296875 0.0375
2 0.03671875 0.921875 0.0734375 0.09375
2 0.978125 0.13125 0.025 0.0375
2 0.59453125 0.209375 0.034375 0.0453125
2 0.5484375 0.0953125 0.0265625 0.025
2 0.1859375 0.10546875 0.028125 0.040625
2 0.4609375 0.23125 0.04375 0.059375
2 0.21484375 0.1015625 0.015625 0.0453125
2 0.56484375 0.2046875 0.04375 0.04375
3 0.59140625 0.64296875 0.2921875 0.2640625
0 0.20703125 0.1765625 0.3484375 0.1453125
0 0.09296875 0.31328125 0.1859375 0.2296875
0 0.25703125 0.040625 0.09375 0.08125