1 0.97578125 0.603125 0.046875 0.16875
1 0.78359375 0.3359375 0.175 0.13125
1 0.09921875 0.34140625 0.0828125 0.09375
1 0.23203125 0.409375 0.1125 0.11875
1 0.859375 0.04375 0.09375 0.05
1 0.2828125 0.234375 0.0703125 0.071875
1 0.978125 0.1765625 0.0421875 0.071875
1 0.78984375 0.49140625 0.2015625 0.2359375
1 0.27265625 0.3390625 0.10625 0.1
1 0.99140625 0.209375 0.015625 0.0640625
3 0.57421875 0.48828125 0.2875 0.35
0 0.78828125 0.2203125 0.36875 0.2484375
0 0.51484375 0.23828125 0.29375 0.20625
0 0.15078125 0.27109375 0.1828125 0.175
0 0.0359375 0.290625 0.071875 0.1484375
0 0.33828125 0.171875 0.1984375 0.1453125
0 0.165625 0.15625 0.1625 0.0984375
0 0.234375 0.09921875 0.125 0.0609375