1 0.95546875 0.58125 0.0875 0.11875
1 0.475 0.83359375 0.21875 0.2453125
1 0.07578125 0.47890625 0.075 0.0953125
1 0.60234375 0.45390625 0.128125 0.1078125
1 0.446875 0.39921875 0.0953125 0.0796875
1 0.14375 0.43359375 0.0765625 0.0890625
1 0.55703125 0.38203125 0.1015625 0.071875
1 0.78046875 0.5140625 0.15625 0.128125
1 0.36484375 0.175 0.0328125 0.025
1 0.45078125 0.1859375 0.034375 0.028125
1 0.803125 0.459375 0.1546875 0.1109375
1 0.28359375 0.1765625 0.0234375 0.028125
1 0.54921875 0.20625 0.0546875 0.0359375
1 0.57890625 0.23125 0.0359375 0.0375
2 0.49921875 0.2203125 0.0171875 0.0296875
2 0.39140625 0.203125 0.01875 0.028125
2 0.69140625 0.2359375 0.0359375 0.0390625
2 0.43359375 0.209375 0.015625 0.0328125
2 0.453125 0.20625 0.0109375 0.028125
0 0.52109375 0.64609375 0.578125 0.540625
0 0.071875 0.3640625 0.14375 0.146875
0 0.2921875 0.3234375 0.175 0.1390625
0 0.37890625 0.31015625 0.178125 0.13125