1 0.77421875 0.734375 0.2265625 0.271875
1 0.57421875 0.21953125 0.121875 0.0796875
1 0.4453125 0.61875 0.2265625 0.21875
1 0.16015625 0.85390625 0.3203125 0.278125
1 0.30234375 0.89609375 0.3328125 0.2046875
1 0.55390625 0.70546875 0.2265625 0.240625
1 0.88046875 0.18828125 0.134375 0.090625
1 0.7171875 0.15078125 0.075 0.071875
1 0.5609375 0.15 0.090625 0.0671875
1 0.04609375 0.21328125 0.090625 0.075
1 0.66796875 0.1453125 0.065625 0.06875
1 0.1453125 0.184375 0.05 0.0453125
1 0.93046875 0.1390625 0.0671875 0.0671875
1 0.21640625 0.19296875 0.0625 0.05625
1 0.8109375 0.153125 0.078125 0.0765625
2 0.36171875 0.24140625 0.03125 0.065625
2 0.26875 0.2546875 0.0375 0.0609375
2 0.53515625 0.4234375 0.071875 0.084375
2 0.11484375 0.3 0.034375 0.0703125