1 0.10703125 0.90546875 0.2140625 0.1859375
1 0.43671875 0.93125 0.2515625 0.134375
1 0.734375 0.86796875 0.2546875 0.228125
1 0.86328125 0.9515625 0.271875 0.09375
1 0.10390625 0.23359375 0.0859375 0.075
1 0.5796875 0.20078125 0.0828125 0.065625
1 0.9734375 0.17578125 0.0515625 0.0515625
1 0.97265625 0.33125 0.053125 0.075
1 0.68828125 0.22578125 0.1046875 0.0859375
1 0.6515625 0.2453125 0.096875 0.0765625
1 0.96796875 0.2890625 0.0625 0.0640625
1 0.15078125 0.1296875 0.04375 0.0453125
1 0.91171875 0.12109375 0.0484375 0.05
1 0.85390625 0.0890625 0.0375 0.0375
1 0.19453125 0.125 0.05 0.065625
3 0.58984375 0.6734375 0.29375 0.2609375
0 0.33671875 0.06953125 0.0625 0.1140625
0 0.834375 0.2609375 0.140625 0.1546875