1 0.35703125 0.21328125 0.0375 0.0328125
1 0.9484375 0.725 0.1015625 0.171875
1 0.16796875 0.20625 0.028125 0.0359375
1 0.63671875 0.35859375 0.10625 0.071875
1 0.034375 0.2265625 0.025 0.04375
1 0.83828125 0.30625 0.0921875 0.05625
1 0.04765625 0.29140625 0.034375 0.05625
1 0.3046875 0.25078125 0.053125 0.0578125
1 0.24921875 0.18515625 0.015625 0.0296875
1 0.19375 0.16328125 0.0171875 0.021875
1 0.67890625 0.44375 0.1125 0.1453125
1 0.3046875 0.2953125 0.0515625 0.0609375
1 0.6046875 0.24140625 0.05 0.0390625
2 0.09921875 0.28125 0.0125 0.034375