1 0.96796875 0.57890625 0.0625 0.184375
1 0.671875 0.3046875 0.078125 0.0953125
1 0.47890625 0.18125 0.0640625 0.0640625
1 0.7609375 0.1640625 0.046875 0.0578125
1 0.7765625 0.26328125 0.0625 0.0859375
1 0.97890625 0.10546875 0.034375 0.0515625
1 0.49140625 0.5609375 0.159375 0.2109375
1 0.81328125 0.07890625 0.0328125 0.0390625
1 0.2703125 0.26328125 0.084375 0.0890625
1 0.97265625 0.03125 0.021875 0.034375
1 0.92265625 0.08359375 0.03125 0.0453125
1 0.71484375 0.08125 0.0375 0.0453125
1 0.84765625 0.49375 0.090625 0.15
1 0.2765625 0.46015625 0.134375 0.1546875
1 0.9296875 0.03671875 0.021875 0.034375
1 0.859375 0.0984375 0.034375 0.0453125
1 0.78671875 0.02109375 0.0234375 0.03125
1 0.8546875 0.021875 0.021875 0.0296875
1 0.6625 0.06015625 0.028125 0.0359375
1 0.6546875 0.1359375 0.046875 0.053125
1 0.88515625 0.02578125 0.0234375 0.0296875
1 0.24765625 0.40859375 0.1359375 0.1359375
1 0.2203125 0.36171875 0.11875 0.1171875
1 0.75078125 0.0484375 0.0265625 0.0375
1 0.65234375 0.10078125 0.040625 0.046875
1 0.89921875 0.009375 0.01875 0.01875
1 0.72734375 0.01796875 0.025 0.0359375
1 0.74921875 0.02578125 0.025 0.0375
1 0.9390625 0.00390625 0.015625 0.0078125