1 0.71328125 0.54296875 0.090625 0.0859375
1 0.9671875 0.74296875 0.0640625 0.134375
1 0.18828125 0.8109375 0.221875 0.19375
1 0.88046875 0.51640625 0.071875 0.078125
1 0.28515625 0.6859375 0.1625 0.128125
1 0.89765625 0.46171875 0.053125 0.0578125
1 0.97890625 0.43203125 0.040625 0.0609375
1 0.13359375 0.56015625 0.10625 0.0953125
1 0.90390625 0.35625 0.0390625 0.0359375
1 0.06328125 0.6046875 0.059375 0.0546875
1 0.02265625 0.76953125 0.0453125 0.109375
0 0.77421875 0.4390625 0.146875 0.1484375
0 0.9296875 0.33046875 0.053125 0.071875