1 0.83828125 0.69140625 0.2828125 0.2609375
1 0.93671875 0.18125 0.125 0.096875
1 0.6 0.34609375 0.14375 0.1265625
1 0.43359375 0.39921875 0.15625 0.1359375
1 0.46953125 0.11796875 0.0765625 0.065625
1 0.93984375 0.278125 0.11875 0.1078125
1 0.775 0.5 0.225 0.175
1 0.321875 0.271875 0.103125 0.0890625
1 0.72109375 0.29375 0.15 0.109375
1 0.2453125 0.3265625 0.1015625 0.1140625
1 0.26796875 0.1359375 0.0609375 0.0578125
1 0.48984375 0.253125 0.1046875 0.09375
1 0.65 0.2296875 0.1296875 0.09375
1 0.63671875 0.11640625 0.09375 0.0703125
1 0.8453125 0.028125 0.096875 0.0515625
1 0.62421875 0.15625 0.1 0.071875
1 0.19453125 0.1359375 0.0484375 0.0453125
1 0.96640625 0.0453125 0.0546875 0.04375
1 0.0796875 0.303125 0.096875 0.0765625
1 0.234375 0.25625 0.0796875 0.0640625
1 0.11328125 0.11171875 0.0375 0.04375
1 0.103125 0.17109375 0.0375 0.05
1 0.925 0.346875 0.1484375 0.146875
1 0.828125 0.396875 0.225 0.1953125
1 0.16796875 0.24140625 0.0671875 0.06875
1 0.06484375 0.11640625 0.0296875 0.0375
1 0.07109375 0.21875 0.053125 0.059375
1 0.11484375 0.23203125 0.0625 0.0609375
1 0.23515625 0.11328125 0.053125 0.05625
1 0.73203125 0.025 0.08125 0.05
1 0.43359375 0.14453125 0.08125 0.0640625
1 0.05078125 0.2734375 0.0703125 0.071875
1 0.44609375 0.296875 0.13125 0.1140625
1 0.00546875 0.3 0.0109375 0.034375