1 0.32734375 0.33125 0.0875 0.078125
1 0.19140625 0.36484375 0.109375 0.08125
1 0.0390625 0.30546875 0.078125 0.0703125
1 0.203125 0.22421875 0.0609375 0.0484375
1 0.30859375 0.171875 0.0515625 0.0484375
1 0.27890625 0.12578125 0.04375 0.0296875
1 0.01328125 0.5609375 0.0265625 0.075
1 0.36015625 0.16875 0.03125 0.0515625
1 0.97109375 0.15078125 0.05625 0.04375
1 0.96875 0.5 0.0609375 0.059375
1 0.20859375 0.125 0.03125 0.028125
1 0.45078125 0.20703125 0.0453125 0.05625
1 0.13046875 0.1390625 0.0609375 0.0296875
3 0.6640625 0.26484375 0.075 0.11875
0 0.52890625 0.23203125 0.165625 0.1984375