1 0.634375 0.3609375 0.0734375 0.0859375
1 0.871875 0.428125 0.1375 0.115625
1 0.80859375 0.45703125 0.128125 0.11875
1 0.74296875 0.3453125 0.09375 0.0796875
1 0.65234375 0.303125 0.0671875 0.071875
1 0.31171875 0.284375 0.04375 0.0578125
1 0.6078125 0.1234375 0.015625 0.028125
1 0.5234375 0.2734375 0.0515625 0.0609375
1 0.46796875 0.22578125 0.0375 0.0546875
1 0.02578125 0.22890625 0.0515625 0.0359375
1 0.50078125 0.2140625 0.0375 0.046875
1 0.98125 0.21484375 0.0359375 0.040625
1 0.31796875 0.23203125 0.0390625 0.046875
1 0.09453125 0.2234375 0.0734375 0.0546875
1 0.234375 0.22109375 0.0484375 0.0390625
1 0.57421875 0.25546875 0.05625 0.075
1 0.13203125 0.20390625 0.0421875 0.0328125
1 0.24140625 0.184375 0.0296875 0.0359375
1 0.27578125 0.23671875 0.0390625 0.0640625
2 0.284375 0.36015625 0.0203125 0.0375
2 0.76171875 0.265625 0.025 0.0359375
0 0.32578125 0.2 0.146875 0.1
1 0.54375 0.221875 0.04375 0.071875
2 0.728125 0.296875 0.0234375 0.025
1 0.96796875 0.1859375 0.05 0.0328125
1 0.95859375 0.17578125 0.0546875 0.0359375
1 0.4875 0.15625 0.021875 0.0390625
1 0.45625 0.15859375 0.0234375 0.0328125
1 0.4265625 0.15625 0.01875 0.0296875
1 0.396875 0.15859375 0.01875 0.03125
0 0.3671875 0.134375 0.053125 0.0625