1 0.10078125 0.49296875 0.1 0.1671875
1 0.0171875 0.2515625 0.034375 0.078125
1 0.38984375 0.2359375 0.090625 0.0875
1 0.1515625 0.26796875 0.0765625 0.090625
1 0.06328125 0.1859375 0.046875 0.05625
1 0.11171875 0.1203125 0.0375 0.040625
1 0.84296875 0.1953125 0.109375 0.084375
1 0.43984375 0.315625 0.121875 0.1171875
1 0.55234375 0.128125 0.021875 0.05625
1 0.04453125 0.07890625 0.0203125 0.028125
1 0.69609375 0.15625 0.0859375 0.071875
1 0.071875 0.08671875 0.0234375 0.0296875
1 0.00390625 0.16796875 0.0078125 0.0328125
1 0.0078125 0.08515625 0.015625 0.0265625
0 0.44609375 0.1546875 0.203125 0.171875
0 0.14453125 0.08515625 0.0828125 0.0859375