1 0.95078125 0.925 0.096875 0.146875
1 0.01640625 0.93046875 0.0328125 0.1328125
1 0.684375 0.90625 0.309375 0.184375
1 0.721875 0.39140625 0.140625 0.1140625
1 0.08671875 0.2953125 0.0703125 0.090625
1 0.025 0.39921875 0.05 0.1171875
1 0.97265625 0.1234375 0.053125 0.046875
1 0.25703125 0.88515625 0.2953125 0.2265625
1 0.58203125 0.18671875 0.084375 0.059375
1 0.9734375 0.31953125 0.0515625 0.071875
1 0.68828125 0.20859375 0.10625 0.071875
1 0.43046875 0.25546875 0.0984375 0.075
1 0.4703125 0.23359375 0.0953125 0.0671875
1 0.96953125 0.2765625 0.059375 0.0609375
1 0.3796875 0.20859375 0.0515625 0.065625
1 0.57421875 0.290625 0.1125 0.09375
1 0.58671875 0.246875 0.103125 0.06875
1 0.57421875 0.359375 0.1078125 0.0859375
2 0.2140625 0.27890625 0.04375 0.0609375
2 0.46328125 0.14609375 0.03125 0.0515625
2 0.20859375 0.17109375 0.0203125 0.0453125
2 0.29921875 0.1765625 0.0359375 0.05
2 0.240625 0.20078125 0.021875 0.05
3 0.58984375 0.6640625 0.2890625 0.2609375
3 0.73828125 0.275 0.159375 0.128125
0 0.878125 0.04609375 0.084375 0.0921875
0 0.10390625 0.165625 0.15625 0.171875
0 0.83828125 0.25 0.1390625 0.15625
0 0.0265625 0.23671875 0.053125 0.1515625