1 0.07421875 0.25078125 0.0375 0.04375
1 0.353125 0.25703125 0.05 0.0515625
1 0.8 0.43984375 0.140625 0.1015625
1 0.4875 0.5015625 0.14375 0.1453125
1 0.0921875 0.9640625 0.184375 0.06875
1 0.25234375 0.24609375 0.0390625 0.040625
1 0.4203125 0.32109375 0.078125 0.046875
1 0.48984375 0.3265625 0.08125 0.0609375
1 0.21640625 0.28984375 0.0484375 0.0546875
1 0.1703125 0.20390625 0.0203125 0.021875
1 0.2 0.32421875 0.059375 0.0671875
1 0.03515625 0.203125 0.0203125 0.028125
1 0.71953125 0.2984375 0.09375 0.0546875
1 0.06484375 0.1859375 0.015625 0.025