1 0.47421875 0.346875 0.090625 0.0765625
1 0.5796875 0.42578125 0.1203125 0.1046875
1 0.27421875 0.4453125 0.09375 0.090625
1 0.28515625 0.33046875 0.0671875 0.0640625
1 0.453125 0.1703125 0.034375 0.0296875
1 0.33046875 0.19296875 0.0375 0.034375
1 0.21796875 0.1859375 0.03125 0.025
1 0.03359375 0.21875 0.028125 0.0375
1 0.36796875 0.16015625 0.034375 0.025
1 0.55 0.18828125 0.05 0.0359375
1 0.14296875 0.28046875 0.0375 0.04375
1 0.06640625 0.24375 0.0265625 0.0359375
1 0.08359375 0.2015625 0.025 0.025
1 0.64921875 0.19609375 0.05625 0.040625
1 0.69765625 0.634375 0.190625 0.1765625
1 0.13203125 0.2484375 0.03125 0.0375
2 0.08359375 0.7046875 0.0625 0.1390625
0 0.89609375 0.421875 0.20625 0.2453125