1 0.40234375 0.3640625 0.0890625 0.0796875
1 0.5453125 0.3609375 0.1015625 0.08125
1 0.62109375 0.5015625 0.1453125 0.1296875
1 0.30703125 0.20703125 0.0390625 0.0375
1 0.50546875 0.396875 0.103125 0.090625
1 0.1671875 0.184375 0.028125 0.0171875
1 0.67109375 0.3984375 0.121875 0.0890625
1 0.55078125 0.1859375 0.0515625 0.0359375
1 0.88671875 0.58125 0.225 0.234375
1 0.45546875 0.16875 0.0359375 0.0296875
1 0.67421875 0.4546875 0.134375 0.1140625
1 0.01953125 0.16796875 0.0140625 0.0203125
1 0.26484375 0.1796875 0.03125 0.0265625
1 0.9125 0.51484375 0.146875 0.115625
1 0.22265625 0.184375 0.028125 0.025
2 0.0109375 0.28359375 0.009375 0.0328125
0 0.8984375 0.4234375 0.2015625 0.246875