1 0.95703125 0.25859375 0.084375 0.0765625
1 0.78125 0.29375 0.1109375 0.0953125
1 0.5828125 0.31328125 0.115625 0.09375
1 0.36171875 0.36875 0.134375 0.1109375
1 0.496875 0.3984375 0.15625 0.1265625
1 0.16796875 0.5296875 0.1671875 0.1671875
1 0.09453125 0.2296875 0.1015625 0.0703125
1 0.09921875 0.47890625 0.1640625 0.1390625
1 0.0890625 0.421875 0.1640625 0.1265625
1 0.2984375 0.18125 0.084375 0.0515625
1 0.37578125 0.2015625 0.06875 0.0640625
1 0.6609375 0.1234375 0.05 0.025
1 0.246875 0.2109375 0.09375 0.0515625
1 0.14453125 0.20078125 0.0875 0.05
1 0.22890625 0.259375 0.1140625 0.0859375
1 0.43046875 0.16171875 0.0875 0.046875
1 0.83671875 0.04453125 0.028125 0.034375
1 0.13828125 0.175 0.09375 0.04375
1 0.46015625 0.20703125 0.1078125 0.078125
1 0.89375 0.01953125 0.028125 0.0359375
1 0.934375 0.03671875 0.0375 0.0296875
2 0.17421875 0.096875 0.015625 0.0390625
2 0.21328125 0.11875 0.015625 0.05625
3 0.58984375 0.65078125 0.290625 0.265625
0 0.66328125 0.20546875 0.259375 0.178125
0 0.86796875 0.1546875 0.246875 0.146875
0 0.253125 0.04921875 0.0921875 0.0984375