1 0.19921875 0.6 0.165625 0.1515625
1 0.25390625 0.41328125 0.096875 0.078125
1 0.065625 0.57890625 0.13125 0.1359375
1 0.71640625 0.30078125 0.0484375 0.0546875
1 0.5234375 0.41015625 0.0828125 0.0953125
1 0.11171875 0.78828125 0.2234375 0.2359375
1 0.48125 0.84921875 0.240625 0.2984375
1 0.96640625 0.184375 0.015625 0.025
1 0.7421875 0.396875 0.075 0.090625
1 0.9171875 0.171875 0.0125 0.01875
1 0.16171875 0.3984375 0.0609375 0.0640625
1 0.51953125 0.30078125 0.05 0.046875
1 0.63203125 0.259375 0.0375 0.040625
1 0.56171875 0.28671875 0.04375 0.0453125
1 0.40078125 0.34609375 0.071875 0.0671875
1 0.5984375 0.271875 0.0390625 0.040625