1 0.7765625 0.73828125 0.2265625 0.271875
1 0.44609375 0.61953125 0.225 0.215625
1 0.29296875 0.896875 0.35625 0.2015625
1 0.16015625 0.85390625 0.3203125 0.2765625
1 0.5546875 0.70703125 0.2265625 0.240625
1 0.71875 0.153125 0.075 0.071875
1 0.928125 0.14453125 0.075 0.078125
1 0.66953125 0.14609375 0.065625 0.0703125
1 0.62890625 0.13203125 0.0453125 0.05
1 0.47734375 0.16328125 0.084375 0.0640625
1 0.57109375 0.15546875 0.06875 0.0734375
1 0.78828125 0.13984375 0.046875 0.071875
1 0.8265625 0.159375 0.0703125 0.0703125
1 0.884375 0.12421875 0.0578125 0.0703125
1 0.93671875 0.10546875 0.0296875 0.059375
1 0.975 0.11640625 0.05 0.084375
1 0.9109375 0.08671875 0.0375 0.0390625
1 0.92109375 0.05859375 0.0421875 0.0359375
1 0.9546875 0.05390625 0.0328125 0.05625