1 0.3078125 0.678125 0.146875 0.175
1 0.77265625 0.528125 0.15625 0.1296875
1 0.95078125 0.6 0.096875 0.1140625
1 0.72421875 0.9359375 0.240625 0.125
1 0.36484375 0.184375 0.034375 0.025
1 0.66640625 0.43828125 0.128125 0.1015625
1 0.50546875 0.38671875 0.09375 0.08125
1 0.590625 0.4640625 0.128125 0.10625
1 0.44453125 0.40703125 0.0953125 0.08125
1 0.54609375 0.21953125 0.0515625 0.0359375
1 0.4515625 0.1984375 0.0375 0.0296875
1 0.16015625 0.5453125 0.096875 0.1203125
1 0.0890625 0.484375 0.078125 0.0984375
1 0.134375 0.43671875 0.0671875 0.0859375
1 0.03828125 0.4390625 0.0625 0.08125
1 0.2796875 0.184375 0.03125 0.028125
1 0.0203125 0.28046875 0.040625 0.046875
1 0.43515625 0.434375 0.084375 0.05
1 0.00859375 0.40859375 0.0171875 0.06875
2 0.13671875 0.76015625 0.04375 0.0953125
2 0.64453125 0.25390625 0.021875 0.034375
2 0.89453125 0.29375 0.028125 0.04375
0 0.80390625 0.784375 0.390625 0.428125
0 0.90859375 0.46484375 0.18125 0.2296875
0 0.36484375 0.553125 0.4109375 0.409375
0 0.07109375 0.36328125 0.1421875 0.1453125
0 0.290625 0.328125 0.1734375 0.1375
0 0.37734375 0.31953125 0.175 0.13125
0 0.05546875 0.17109375 0.0390625 0.0359375