1 0.4796875 0.38984375 0.1203125 0.1203125
1 0.0953125 0.3265625 0.0578125 0.0859375
1 0.18671875 0.41796875 0.084375 0.1171875
1 0.70859375 0.74140625 0.2640625 0.2984375
1 0.29140625 0.24296875 0.05625 0.0703125
1 0.28984375 0.38125 0.0890625 0.140625
1 0.8875 0.290625 0.109375 0.08125
1 0.73984375 0.90703125 0.2828125 0.18125
1 0.165625 0.18828125 0.0359375 0.04375
1 0.5828125 0.2140625 0.0515625 0.0578125
1 0.96953125 0.1890625 0.059375 0.078125
1 0.73828125 0.24921875 0.0859375 0.0765625
0 0.19921875 0.159375 0.090625 0.0859375