1 0.65234375 0.625 0.06875 0.109375
1 0.77578125 0.92109375 0.153125 0.1546875
1 0.97265625 0.440625 0.053125 0.0453125
1 0.21015625 0.50390625 0.0859375 0.05625
1 0.86328125 0.6140625 0.146875 0.1171875
1 0.1921875 0.621875 0.0875 0.096875
1 0.10078125 0.62890625 0.071875 0.109375
1 0.35546875 0.56015625 0.053125 0.075
1 0.9375 0.596875 0.103125 0.09375
1 0.334375 0.48828125 0.078125 0.0578125
1 0.8484375 0.440625 0.0875 0.040625
1 0.028125 0.55703125 0.05625 0.059375
1 0.73671875 0.371875 0.021875 0.0296875
1 0.4625 0.49921875 0.05625 0.06875
1 0.68828125 0.415625 0.034375 0.05
1 0.15234375 0.5703125 0.0609375 0.0703125
1 0.52265625 0.40546875 0.028125 0.034375
1 0.65703125 0.45078125 0.040625 0.05
1 0.87109375 0.41953125 0.08125 0.0390625
1 0.41328125 0.503125 0.0546875 0.065625
1 0.42265625 0.46328125 0.028125 0.0265625
1 0.028125 0.51015625 0.040625 0.0578125
2 0.271875 0.62421875 0.025 0.0625
0 0.428125 0.70546875 0.1984375 0.3640625
0 0.6171875 0.4109375 0.078125 0.1
0 0.53828125 0.55703125 0.1171875 0.2109375