1 0.9734375 0.45546875 0.0515625 0.0453125
1 0.5875 0.675 0.0734375 0.1140625
1 0.19375 0.63359375 0.0859375 0.11875
1 0.86640625 0.628125 0.146875 0.11875
1 0.58984375 0.56640625 0.053125 0.08125
1 0.28515625 0.51328125 0.075 0.059375
1 0.715625 0.40078125 0.025 0.0359375
1 0.103125 0.646875 0.0734375 0.109375
1 0.16875 0.52578125 0.084375 0.05625
1 0.93984375 0.6109375 0.1015625 0.096875
1 0.87421875 0.43359375 0.08125 0.040625
1 0.61171875 0.51015625 0.04375 0.0609375
1 0.35859375 0.57578125 0.05 0.078125
1 0.08203125 0.55625 0.0921875 0.0578125
1 0.85390625 0.45625 0.08125 0.04375
1 0.15703125 0.58671875 0.065625 0.075
1 0.42890625 0.55546875 0.059375 0.0703125
1 0.41328125 0.5203125 0.0484375 0.0625
1 0.67265625 0.484375 0.0390625 0.065625
0 0.32890625 0.775 0.378125 0.415625
0 0.51328125 0.509375 0.109375 0.1640625