1 0.49375 0.74453125 0.2296875 0.18125
1 0.14453125 0.765625 0.1953125 0.184375
1 0.68203125 0.91875 0.2796875 0.159375
1 0.71484375 0.52890625 0.08125 0.1578125
1 0.0359375 0.27578125 0.071875 0.05625
1 0.275 0.2765625 0.0875 0.0765625
1 0.7140625 0.37109375 0.071875 0.109375
1 0.415625 0.2203125 0.078125 0.0640625
1 0.16171875 0.1890625 0.053125 0.0453125
1 0.75390625 0.26796875 0.059375 0.090625
1 0.7328125 0.071875 0.0203125 0.0265625
1 0.7859375 0.22109375 0.04375 0.06875
1 0.60703125 0.14140625 0.05625 0.0390625
1 0.67265625 0.16875 0.071875 0.0515625
1 0.50078125 0.1703125 0.0625 0.0484375
1 0.3375 0.20546875 0.075 0.05625
1 0.8484375 0.178125 0.06875 0.05625
1 0.86953125 0.14921875 0.0671875 0.04375
1 0.871875 0.628125 0.1625 0.221875
1 0.66796875 0.2515625 0.075 0.115625
1 0.21484375 0.16328125 0.0484375 0.0328125
1 0.85234375 0.10078125 0.046875 0.0359375
1 0.45234375 0.16484375 0.059375 0.0515625
1 0.703125 0.09296875 0.0296875 0.040625
1 0.96953125 0.41328125 0.046875 0.0640625
1 0.96953125 0.103125 0.059375 0.04375
1 0.93515625 0.159375 0.0609375 0.0515625
1 0.990625 0.69140625 0.0171875 0.1140625
1 0.98828125 0.46796875 0.021875 0.046875