1 0.67421875 0.31171875 0.153125 0.1171875
1 0.859375 0.0484375 0.0921875 0.0515625
1 0.0953125 0.334375 0.08125 0.090625
1 0.87578125 0.203125 0.0890625 0.0875
1 0.9015625 0.1234375 0.103125 0.0609375
1 0.68515625 0.08046875 0.075 0.046875
1 0.96328125 0.61171875 0.071875 0.171875
1 0.91171875 0.3640625 0.175 0.146875
1 0.95 0.29453125 0.0984375 0.0953125
1 0.78984375 0.38046875 0.1859375 0.10625
1 0.365625 0.2765625 0.1046875 0.06875
1 0.36640625 0.0765625 0.05 0.0390625
1 0.97421875 0.209375 0.05 0.08125
1 0.1671875 0.3765625 0.090625 0.10625
1 0.2796875 0.22890625 0.0703125 0.071875
1 0.41953125 0.08203125 0.05625 0.0390625
1 0.9625 0.1765625 0.0734375 0.0640625
1 0.4859375 0.1203125 0.065625 0.034375
1 0.8609375 0.14921875 0.06875 0.0578125
1 0.2171875 0.2140625 0.059375 0.0578125
3 0.28515625 0.378125 0.18125 0.2453125
0 0.6828125 0.20703125 0.325 0.2265625
0 0.45078125 0.225 0.271875 0.190625
0 0.66796875 0.571875 0.5953125 0.5296875
0 0.14609375 0.26015625 0.1765625 0.1640625
0 0.03515625 0.278125 0.0703125 0.15
0 0.23203125 0.09375 0.128125 0.065625
0 0.18671875 0.1484375 0.1171875 0.096875
0 0.33984375 0.16328125 0.203125 0.134375
0 0.38359375 0.334375 0.0921875 0.0984375