1 0.5234375 0.0734375 0.0640625 0.046875
1 0.86171875 0.0484375 0.09375 0.0515625
1 0.9125 0.353125 0.1734375 0.125
1 0.87890625 0.203125 0.0890625 0.0875
1 0.6890625 0.08671875 0.08125 0.034375
1 0.16953125 0.375 0.090625 0.10625
1 0.0984375 0.33359375 0.08125 0.09375
1 0.71875 0.36015625 0.171875 0.090625
1 0.28359375 0.22890625 0.06875 0.071875
1 0.98046875 0.609375 0.0375 0.1703125
1 0.96015625 0.45703125 0.078125 0.140625
1 0.4734375 0.3 0.13125 0.0703125
1 0.6765625 0.303125 0.15625 0.0984375
1 0.9515625 0.29375 0.0953125 0.090625
1 0.9640625 0.18046875 0.0703125 0.0765625
1 0.97578125 0.21015625 0.046875 0.0796875
1 0.48671875 0.12109375 0.0625 0.03125
1 0.86484375 0.1484375 0.06875 0.0640625
3 0.28828125 0.3796875 0.18125 0.240625
0 0.6859375 0.20703125 0.3265625 0.2265625
0 0.671875 0.57421875 0.59375 0.521875
0 0.453125 0.225 0.271875 0.190625
0 0.14765625 0.259375 0.18125 0.165625
0 0.03671875 0.27890625 0.0734375 0.15
0 0.34375 0.1609375 0.2046875 0.1375
0 0.1671875 0.14921875 0.159375 0.0984375
0 0.23515625 0.0953125 0.1234375 0.065625
0 0.38671875 0.3359375 0.09375 0.1015625