1 0.5828125 0.5640625 0.125 0.14375
1 0.2625 0.4109375 0.096875 0.078125
1 0.05859375 0.59375 0.1171875 0.14375
1 0.80078125 0.65703125 0.125 0.18125
1 0.80390625 0.353125 0.05 0.0640625
1 0.38671875 0.44296875 0.1078125 0.1078125
1 0.77890625 0.46015625 0.0828125 0.109375
1 0.16953125 0.39609375 0.0609375 0.0625
1 0.97265625 0.21640625 0.021875 0.0265625
1 0.8984375 0.34609375 0.05625 0.0703125
1 0.98515625 0.25 0.028125 0.0375
1 0.8984375 0.3 0.0390625 0.040625
1 0.93046875 0.225 0.028125 0.0359375
1 0.52734375 0.303125 0.05 0.046875
1 0.93515625 0.18125 0.0140625 0.015625
1 0.40859375 0.34609375 0.071875 0.0671875
1 0.60625 0.271875 0.0390625 0.040625
1 0.94375 0.2515625 0.028125 0.0484375
1 0.56953125 0.28828125 0.04375 0.046875
1 0.50234375 0.28828125 0.01875 0.028125
1 0.475 0.30625 0.015625 0.0234375
1 0.9484375 0.16484375 0.009375 0.0140625
2 0.15 0.49375 0.040625 0.06875