1 0.87421875 0.28046875 0.1046875 0.0859375
1 0.703125 0.325 0.121875 0.0984375
1 0.9609375 0.2109375 0.075 0.075
1 0.35859375 0.44375 0.16875 0.1390625
1 0.51328125 0.33671875 0.121875 0.1109375
1 0.06796875 0.590625 0.1359375 0.1859375
1 0.2765625 0.3984375 0.14375 0.11875
1 0.1375 0.2234375 0.1 0.071875
1 0.5765625 0.13203125 0.0640625 0.03125
1 0.40859375 0.19609375 0.071875 0.0640625
1 0.33984375 0.178125 0.084375 0.0515625
1 0.02265625 0.30859375 0.0453125 0.0703125
1 0.04765625 0.50390625 0.09375 0.1109375
1 0.19140625 0.1953125 0.0859375 0.05
1 0.03984375 0.42890625 0.0796875 0.0609375
1 0.28671875 0.2390625 0.109375 0.0703125
1 0.30546875 0.15625 0.0859375 0.05
1 0.93046875 0.03515625 0.028125 0.0296875
1 0.6921875 0.1203125 0.053125 0.021875
1 0.8953125 0.01953125 0.0265625 0.0359375
1 0.784375 0.021875 0.078125 0.04375
1 0.2796875 0.20546875 0.09375 0.0453125
1 0.00703125 0.2375 0.0140625 0.034375
2 0.10703125 0.11484375 0.01875 0.040625
2 0.21328125 0.11796875 0.0171875 0.0578125
3 0.58984375 0.65078125 0.290625 0.26875
0 0.59140625 0.2203125 0.2734375 0.2
0 0.8453125 0.15859375 0.253125 0.15
0 0.25234375 0.0484375 0.090625 0.096875
0 0.98515625 0.128125 0.028125 0.1