1 0.01328125 0.5296875 0.0265625 0.075
1 0.26015625 0.80703125 0.14375 0.259375
1 0.7453125 0.7453125 0.125 0.190625
1 0.615625 0.31875 0.034375 0.040625
1 0.5359375 0.26953125 0.01875 0.03125
1 0.58515625 0.27890625 0.0203125 0.028125
1 0.64453125 0.38125 0.04375 0.078125
1 0.503125 0.23359375 0.015625 0.021875
1 0.6078125 0.25546875 0.015625 0.025
1 0.53046875 0.22578125 0.0125 0.01875
1 0.215625 0.365625 0.05 0.05625
1 0.97578125 0.5046875 0.046875 0.06875
1 0.11640625 0.434375 0.08125 0.09375
1 0.94609375 0.46796875 0.0875 0.0765625
1 0.48671875 0.21171875 0.009375 0.0140625
2 0.3015625 0.34140625 0.0125 0.0390625
3 0.09140625 0.4046875 0.0984375 0.084375