1 0.48515625 0.36953125 0.08125 0.1578125
1 0.52265625 0.734375 0.134375 0.325
1 0.74375 0.38828125 0.11875 0.16875
1 0.97421875 0.04453125 0.05 0.05625
1 0.75546875 0.89375 0.2 0.209375
1 0.6703125 0.553125 0.1125 0.1984375
1 0.01640625 0.19765625 0.0328125 0.0484375
1 0.621875 0.36484375 0.090625 0.1484375
1 0.8828125 0.74921875 0.2328125 0.3609375
1 0.40390625 0.03203125 0.028125 0.046875
1 0.21640625 0.065625 0.0375 0.05
1 0.28828125 0.0453125 0.034375 0.04375
1 0.35859375 0.04140625 0.034375 0.05
1 0.68046875 0.00859375 0.0234375 0.0171875
2 0.24453125 0.11640625 0.025 0.0453125
2 0.44140625 0.20625 0.04375 0.0546875
2 0.65390625 0.13515625 0.040625 0.0484375
2 0.43828125 0.1953125 0.028125 0.03125
2 0.15078125 0.13671875 0.0375 0.0484375
0 0.89609375 0.4453125 0.20625 0.571875