1 0.6890625 0.77890625 0.2453125 0.20625
1 0.34296875 0.75078125 0.19375 0.1796875
1 0.90390625 0.94296875 0.190625 0.1109375
1 0.2390625 0.278125 0.090625 0.075
1 0.05546875 0.35859375 0.1078125 0.090625
1 0.71484375 0.53359375 0.084375 0.159375
1 0.16171875 0.1890625 0.053125 0.0453125
1 0.828125 0.190625 0.0546875 0.059375
1 0.73828125 0.296875 0.0625 0.0953125
1 0.97265625 0.459375 0.053125 0.059375
1 0.70390625 0.40078125 0.0703125 0.1171875
1 0.74921875 0.05390625 0.01875 0.021875
1 0.89921875 0.103125 0.065625 0.04375
1 0.77265625 0.24296875 0.046875 0.075
1 0.5375 0.1953125 0.078125 0.065625
1 0.39765625 0.17421875 0.046875 0.0453125
1 0.4453125 0.18125 0.0703125 0.0453125
1 0.921875 0.16171875 0.0796875 0.046875
1 0.70234375 0.13203125 0.015625 0.03125
1 0.65859375 0.12578125 0.0421875 0.0453125
1 0.58203125 0.14609375 0.0546875 0.0375
1 0.1328125 0.2515625 0.075 0.0515625
1 0.2140625 0.16328125 0.05 0.0328125
1 0.72421875 0.07421875 0.0234375 0.0296875
1 0.66640625 0.25546875 0.075 0.1078125
1 0.87109375 0.628125 0.1625 0.221875
1 0.7703125 0.159375 0.06875 0.0484375
1 0.80390625 0.09140625 0.0390625 0.03125
1 0.99453125 0.70703125 0.009375 0.0703125
1 0.00546875 0.80078125 0.0109375 0.0796875
1 0.00859375 0.29375 0.0171875 0.0390625