1 0.13359375 0.884375 0.2671875 0.228125
1 0.58203125 0.203125 0.084375 0.065625
1 0.64921875 0.91484375 0.2734375 0.1671875
1 0.6890625 0.22890625 0.10625 0.0828125
1 0.9015625 0.84375 0.1953125 0.228125
1 0.44765625 0.18046875 0.0609375 0.05625
1 0.94453125 0.94609375 0.109375 0.1046875
1 0.06796875 0.15625 0.0625 0.05
1 0.97265625 0.334375 0.053125 0.071875
1 0.97890625 0.18125 0.040625 0.0515625
1 0.95703125 0.13359375 0.05 0.040625
1 0.89921875 0.12578125 0.04375 0.0453125
1 0.96953125 0.290625 0.059375 0.0625
1 0.9921875 0.11171875 0.0140625 0.028125
2 0.63203125 0.13828125 0.0265625 0.028125
3 0.59140625 0.675 0.290625 0.265625
0 0.83671875 0.253125 0.1421875 0.1359375
0 0.35625 0.04296875 0.0609375 0.0859375