1 0.309375 0.2640625 0.1046875 0.0953125
1 0.14453125 0.3484375 0.153125 0.11875
1 0.56796875 0.42578125 0.159375 0.1453125
1 0.6765625 0.23515625 0.1015625 0.1
1 0.1953125 0.81640625 0.3265625 0.29375
1 0.54921875 0.88046875 0.334375 0.2359375
1 0.9578125 0.44609375 0.0828125 0.1625
1 0.97578125 0.20078125 0.046875 0.0765625
1 0.08515625 0.73671875 0.1703125 0.2515625
1 0.47734375 0.7359375 0.2484375 0.2546875
1 0.81015625 0.44375 0.1375 0.1609375
1 0.709375 0.15078125 0.078125 0.0765625
1 0.46640625 0.1859375 0.071875 0.0609375
1 0.82109375 0.23828125 0.0703125 0.0984375
1 0.77421875 0.35390625 0.11875 0.1296875
1 0.80078125 0.13828125 0.065625 0.075
1 0.89921875 0.15546875 0.0734375 0.09375
1 0.98359375 0.12109375 0.03125 0.06875
1 0.39609375 0.3640625 0.159375 0.1609375
1 0.51171875 0.26640625 0.1125 0.1046875
1 0.88046875 0.09609375 0.05625 0.075
1 0.96953125 0.0859375 0.059375 0.0609375
1 0.91015625 0.10625 0.065625 0.05
1 0.4671875 0.22109375 0.0875 0.0875
1 0.79921875 0.1109375 0.0640625 0.059375
1 0.53515625 0.215625 0.0796875 0.0640625
1 0.93671875 0.0609375 0.0375 0.0421875
2 0.140625 0.2828125 0.0328125 0.040625
2 0.0796875 0.2703125 0.0390625 0.040625
0 0.9703125 0.028125 0.059375 0.05625