1 0.88046875 0.65078125 0.1015625 0.10625
1 0.86953125 0.7984375 0.134375 0.196875
1 0.3515625 0.43125 0.0390625 0.0484375
1 0.4265625 0.3609375 0.01875 0.025
1 0.7578125 0.515625 0.0515625 0.071875
1 0.590625 0.4609375 0.0421875 0.0703125
1 0.68515625 0.98125 0.0984375 0.034375
2 0.30859375 0.44140625 0.015625 0.0359375
2 0.04296875 0.56796875 0.028125 0.0578125
0 0.76171875 0.403125 0.090625 0.090625
0 0.84609375 0.48671875 0.1390625 0.1515625
0 0.9546875 0.5390625 0.0890625 0.1640625
0 0.4734375 0.5015625 0.0890625 0.259375