1 0.2828125 0.11484375 0.04375 0.0484375
1 0.36015625 0.34140625 0.1046875 0.128125
1 0.21953125 0.103125 0.0328125 0.0390625
1 0.88515625 0.61875 0.228125 0.2375
1 0.1640625 0.178125 0.04375 0.0671875
1 0.378125 0.16875 0.0625 0.05625
1 0.81953125 0.1546875 0.046875 0.0390625
1 0.18125 0.05859375 0.0234375 0.03125
1 0.36953125 0.21484375 0.0671875 0.0703125
1 0.25546875 0.06875 0.040625 0.040625
1 0.08359375 0.065625 0.0203125 0.028125
1 0.31171875 0.053125 0.028125 0.03125
1 0.49375 0.11484375 0.05 0.0484375
1 0.878125 0.16640625 0.0421875 0.0453125
1 0.60390625 0.07578125 0.05 0.034375
1 0.0765625 0.246875 0.025 0.0578125
0 0.85078125 0.35 0.296875 0.3375
0 0.17890625 0.4015625 0.190625 0.4078125
0 0.09296875 0.18984375 0.08125 0.171875