1 0.1609375 0.6640625 0.2125 0.1546875
1 0.05078125 0.809375 0.1015625 0.18125
1 0.76484375 0.69296875 0.2375 0.2
1 0.45234375 0.70390625 0.2171875 0.184375
1 0.56796875 0.8546875 0.19375 0.2015625
1 0.75078125 0.11171875 0.059375 0.0390625
1 0.10390625 0.25546875 0.075 0.0484375
1 0.16484375 0.184375 0.053125 0.04375
1 0.7203125 0.5109375 0.09375 0.18125
1 0.2640625 0.22109375 0.075 0.05
1 0.96953125 0.68671875 0.059375 0.125
1 0.90703125 0.15859375 0.08125 0.0609375
1 0.0265625 0.34375 0.053125 0.065625
1 0.20546875 0.2234375 0.05625 0.05
1 0.63984375 0.1734375 0.065625 0.0546875
1 0.52890625 0.1609375 0.059375 0.0453125
1 0.71796875 0.38984375 0.0734375 0.1140625
1 0.9734375 0.48203125 0.0515625 0.0609375
1 0.34921875 0.203125 0.075 0.0546875
1 0.66328125 0.13125 0.059375 0.040625
1 0.29375 0.19375 0.0671875 0.046875
1 0.98203125 0.11640625 0.034375 0.0296875
1 0.76171875 0.90078125 0.475 0.1953125
1 0.99140625 0.4234375 0.015625 0.05
0 0.8015625 0.0796875 0.146875 0.078125
0 0.33984375 0.09296875 0.1046875 0.0640625
0 0.06015625 0.1140625 0.06875 0.05