1 0.1578125 0.81171875 0.2390625 0.2140625
1 0.22578125 0.6703125 0.2140625 0.1640625
1 0.09765625 0.25625 0.0859375 0.0546875
1 0.7640625 0.690625 0.2390625 0.1953125
1 0.90390625 0.16328125 0.078125 0.0484375
1 0.85078125 0.9015625 0.26875 0.19375
1 0.52265625 0.7296875 0.2265625 0.203125
1 0.95390625 0.13046875 0.06875 0.0359375
1 0.96875 0.684375 0.0609375 0.125
1 0.1640625 0.18203125 0.05625 0.04375
1 0.63671875 0.121875 0.05625 0.0375
1 0.20390625 0.2203125 0.053125 0.0484375
1 0.71875 0.509375 0.09375 0.18125
1 0.26328125 0.21875 0.075 0.0515625
1 0.6796875 0.10859375 0.05 0.0359375
1 0.3484375 0.2 0.075 0.05625
1 0.29296875 0.19296875 0.065625 0.0484375
1 0.7171875 0.38671875 0.071875 0.1078125
1 0.465625 0.20859375 0.0734375 0.0609375
1 0.52734375 0.15703125 0.059375 0.0453125
1 0.975 0.409375 0.0484375 0.0671875
1 0.66953125 0.2515625 0.075 0.1078125
1 0.78515625 0.1515625 0.0609375 0.040625
1 0.00859375 0.29921875 0.0171875 0.0515625
0 0.33203125 0.09375 0.096875 0.065625
0 0.76015625 0.0640625 0.0953125 0.06875
0 0.05859375 0.1109375 0.065625 0.0484375