1 0.92890625 0.24453125 0.1125 0.1
1 0.04765625 0.2546875 0.09375 0.0984375
1 0.18203125 0.23359375 0.134375 0.1078125
1 0.56796875 0.159375 0.0796875 0.08125
1 0.44921875 0.090625 0.05625 0.0671875
1 0.63984375 0.0765625 0.034375 0.04375
1 0.50078125 0.0859375 0.046875 0.0609375
1 0.39921875 0.38125 0.175 0.1078125
1 0.58671875 0.08046875 0.0421875 0.046875
1 0.16015625 0.1765625 0.115625 0.0796875
1 0.32734375 0.21953125 0.13125 0.06875
1 0.46484375 0.178125 0.103125 0.0890625
1 0.39609375 0.5 0.3 0.334375
1 0.86484375 0.12421875 0.053125 0.053125
1 0.9171875 0.1171875 0.0484375 0.0515625
1 0.97109375 0.11171875 0.0578125 0.0484375