1 0.67265625 0.19921875 0.0890625 0.0765625
1 0.24453125 0.434375 0.15625 0.14375
1 0.04296875 0.29296875 0.0859375 0.08125
1 0.30390625 0.22890625 0.1171875 0.075
1 0.85 0.24921875 0.10625 0.0859375
1 0.60859375 0.29375 0.121875 0.1140625
1 0.90390625 0.08671875 0.0421875 0.0484375
1 0.97578125 0.14609375 0.046875 0.059375
1 0.51953125 0.23828125 0.08125 0.071875
1 0.85703125 0.0296875 0.03125 0.0375
1 0.43203125 0.3453125 0.1078125 0.13125
1 0.80078125 0.10859375 0.0734375 0.046875
1 0.8046875 0.17578125 0.059375 0.059375
1 0.98984375 0.19375 0.01875 0.04375
2 0.34296875 0.2453125 0.040625 0.071875
2 0.09609375 0.33828125 0.0453125 0.0546875
2 0.04765625 0.3859375 0.053125 0.0578125
2 0.46015625 0.2140625 0.0390625 0.04375
2 0.2140625 0.08515625 0.021875 0.0453125
2 0.22265625 0.28203125 0.065625 0.04375
2 0.21328125 0.26484375 0.0453125 0.0546875
2 0.89609375 0.13671875 0.021875 0.034375
3 0.590625 0.6296875 0.2921875 0.2640625
0 0.534375 0.13125 0.3 0.1453125
0 0.128125 0.1765625 0.25625 0.15
0 0.24921875 0.0390625 0.0875 0.078125