1 0.6859375 0.4046875 0.14375 0.0984375
1 0.71328125 0.56015625 0.203125 0.2171875
1 0.1109375 0.17421875 0.021875 0.021875
1 0.28125 0.2203125 0.046875 0.0453125
1 0.46953125 0.26484375 0.065625 0.059375
1 0.9328125 0.32890625 0.096875 0.071875
1 0.73828125 0.27890625 0.0828125 0.05625
1 0.1671875 0.25625 0.0484375 0.0609375
1 0.25078125 0.23125 0.040625 0.0375
1 0.55703125 0.23203125 0.0515625 0.0546875
1 0.46640625 0.21328125 0.05 0.040625
1 0.18828125 0.16484375 0.025 0.025
1 0.81953125 0.3 0.0890625 0.0703125
1 0.06640625 0.1640625 0.01875 0.025