1 0.56015625 0.43125 0.1609375 0.1453125
1 0.159375 0.85078125 0.31875 0.29375
1 0.32109375 0.259375 0.1015625 0.09375
1 0.94921875 0.46953125 0.1 0.1765625
1 0.5140625 0.8984375 0.3453125 0.2
1 0.02890625 0.5 0.0578125 0.1265625
1 0.4390625 0.34375 0.1515625 0.15
1 0.4359375 0.775 0.2640625 0.2609375
1 0.08515625 0.72890625 0.1703125 0.2359375
1 0.17109375 0.33671875 0.1484375 0.115625
1 0.69765625 0.228125 0.0984375 0.096875
1 0.78828125 0.46171875 0.14375 0.16875
1 0.96875 0.21171875 0.0609375 0.084375
1 0.7171875 0.1484375 0.075 0.075
1 0.82734375 0.2359375 0.059375 0.0953125
1 0.53828125 0.24453125 0.10625 0.11875
1 0.98203125 0.11953125 0.034375 0.06875
1 0.47109375 0.1890625 0.075 0.0671875
1 0.75625 0.3796875 0.1421875 0.1484375
1 0.90078125 0.153125 0.06875 0.090625
1 0.80859375 0.12890625 0.08125 0.0875
1 0.48046875 0.21640625 0.0921875 0.0890625
2 0.0765625 0.2765625 0.04375 0.0609375
2 0.1390625 0.290625 0.034375 0.046875
1 0.88984375 0.09296875 0.0625 0.071875
1 0.9734375 0.0859375 0.053125 0.05625
1 0.94140625 0.05625 0.0328125 0.0453125
0 0.96953125 0.028125 0.0609375 0.05625
1 0.91875 0.10625 0.0765625 0.05