1 0.6765625 0.44609375 0.15625 0.096875
1 0.4765625 0.3046875 0.0890625 0.0546875
1 0.0796875 0.31875 0.084375 0.0515625
1 0.30078125 0.48671875 0.165625 0.1140625
1 0.3171875 0.30078125 0.084375 0.0609375
1 0.18515625 0.3234375 0.090625 0.0578125
1 0.01796875 0.315625 0.0359375 0.0546875
1 0.89609375 0.2296875 0.053125 0.021875
1 0.18984375 0.296875 0.0640625 0.03125
1 0.83125 0.23515625 0.053125 0.0375
1 0.72265625 0.2203125 0.015625 0.0375
1 0.74609375 0.2796875 0.0328125 0.0328125
0 0.025 0.51171875 0.05 0.2390625