1 0.22109375 0.89609375 0.1421875 0.2046875
1 0.0453125 0.940625 0.090625 0.115625
1 0.5828125 0.7390625 0.1015625 0.1859375
1 0.09609375 0.78515625 0.140625 0.2109375
1 0.73515625 0.3546875 0.075 0.0765625
1 0.19765625 0.2859375 0.053125 0.065625
1 0.4296875 0.8484375 0.1078125 0.2296875
1 0.34609375 0.53046875 0.08125 0.1390625
1 0.43828125 0.6453125 0.0875 0.1609375
1 0.17578125 0.646875 0.084375 0.153125
1 0.23828125 0.5140625 0.0859375 0.1390625
1 0.07109375 0.434375 0.090625 0.0984375
1 0.59296875 0.9015625 0.134375 0.19375
1 0.28046875 0.21640625 0.04375 0.0484375
1 0.40234375 0.15390625 0.03125 0.0375
1 0.24921875 0.19375 0.0296875 0.04375
1 0.5390625 0.046875 0.0125 0.0171875
1 0.52578125 0.04296875 0.009375 0.015625
1 0.26796875 0.16953125 0.028125 0.0359375
1 0.084375 0.35078125 0.0859375 0.1203125
3 0.88984375 0.31953125 0.0625 0.090625
1 0.30234375 0.1765625 0.0296875 0.040625
1 0.23125 0.15390625 0.025 0.0390625
1 0.29453125 0.1390625 0.01875 0.0390625
0 0.39765625 0.11015625 0.0359375 0.0640625
0 0.44375 0.08515625 0.046875 0.0671875