1 0.01484375 0.39921875 0.0296875 0.0609375
1 0.45390625 0.21640625 0.059375 0.0515625
1 0.98359375 0.41796875 0.03125 0.046875
1 0.23359375 0.1984375 0.05625 0.0484375
1 0.27578125 0.19296875 0.053125 0.0453125
1 0.21640625 0.1296875 0.034375 0.0265625
1 0.35234375 0.16875 0.03125 0.040625
1 0.59296875 0.1609375 0.0375 0.040625
1 0.97421875 0.159375 0.05 0.0453125
3 0.6703125 0.2703125 0.075 0.121875
0 0.69453125 0.13984375 0.0984375 0.115625
0 0.57421875 0.1265625 0.078125 0.0875
0 0.23125 0.0890625 0.040625 0.0484375