1 0.76015625 0.61171875 0.146875 0.171875
1 0.39453125 0.51796875 0.09375 0.14375
1 0.14921875 0.48515625 0.0921875 0.1265625
1 0.5484375 0.85390625 0.2265625 0.2890625
1 0.4453125 0.38828125 0.0703125 0.090625
1 0.35546875 0.390625 0.0609375 0.096875
1 0.55390625 0.659375 0.1296875 0.1921875
1 0.621875 0.325 0.059375 0.06875
1 0.5640625 0.43046875 0.084375 0.1015625
1 0.18125 0.4 0.0625 0.09375
1 0.78359375 0.4390625 0.1 0.1
1 0.20546875 0.303125 0.0671875 0.0609375
1 0.13671875 0.31328125 0.0453125 0.0671875
1 0.52890625 0.49375 0.1125 0.1578125
1 0.43359375 0.2984375 0.0484375 0.0703125
1 0.95234375 0.93125 0.09375 0.134375
1 0.49765625 0.26015625 0.040625 0.0203125
1 0.83671875 0.4234375 0.0859375 0.0984375
1 0.60234375 0.278125 0.04375 0.0484375
1 0.99296875 0.540625 0.0125 0.059375
2 0.05 0.37421875 0.046875 0.059375
2 0.08671875 0.31328125 0.025 0.040625
0 0.83046875 0.31953125 0.20625 0.2203125
0 0.346875 0.2734375 0.0875 0.1390625
0 0.62734375 0.21953125 0.04375 0.1140625
0 0.5296875 0.0765625 0.0515625 0.06875
0 0.2921875 0.1765625 0.03125 0.05625
0 0.26015625 0.225 0.04375 0.0828125