1 0.67734375 0.31484375 0.15625 0.11875
1 0.91640625 0.10390625 0.1109375 0.0671875
1 0.9125 0.36171875 0.1734375 0.146875
1 0.87890625 0.20078125 0.0890625 0.090625
1 0.09921875 0.34140625 0.08125 0.09375
1 0.86015625 0.0453125 0.09375 0.0546875
1 0.17421875 0.38359375 0.0984375 0.1078125
1 0.2828125 0.234375 0.0703125 0.071875
1 0.95078125 0.28984375 0.096875 0.0953125
1 0.33515625 0.05703125 0.0203125 0.0265625
1 0.96328125 0.17890625 0.071875 0.06875
1 0.97578125 0.20703125 0.046875 0.08125
1 0.39921875 0.3640625 0.1015625 0.146875
3 0.303125 0.3890625 0.1890625 0.2484375
0 0.6859375 0.20703125 0.328125 0.2265625
0 0.71640625 0.6046875 0.565625 0.5578125
0 0.45390625 0.22890625 0.2703125 0.190625
0 0.03671875 0.28515625 0.0734375 0.15625
0 0.23515625 0.1 0.125 0.0640625
0 0.15 0.26796875 0.1796875 0.171875
0 0.34140625 0.16953125 0.2015625 0.1359375
0 0.16796875 0.15625 0.1625 0.1015625