1 0.71484375 0.7890625 0.1140625 0.19375
1 0.628125 0.51484375 0.059375 0.1
1 0.5015625 0.4765625 0.05 0.0796875
1 0.9703125 0.3859375 0.0578125 0.046875
1 0.1875 0.56796875 0.0859375 0.1015625
1 0.09609375 0.5734375 0.0734375 0.109375
1 0.85859375 0.55703125 0.146875 0.11875
1 0.9296875 0.54296875 0.1078125 0.096875
1 0.57109375 0.39375 0.05 0.0578125
1 0.40234375 0.48203125 0.06875 0.06875
1 0.68046875 0.38046875 0.0359375 0.046875
1 0.41015625 0.44453125 0.0515625 0.05625
1 0.1453125 0.4515625 0.084375 0.05625
1 0.03671875 0.45546875 0.05625 0.0515625
1 0.84375 0.3890625 0.0875 0.0453125
1 0.86796875 0.36484375 0.08125 0.040625
1 0.14921875 0.5140625 0.0625 0.071875
1 0.33203125 0.5203125 0.103125 0.1453125
0 0.6515625 0.34140625 0.0640625 0.0921875
1 0.74765625 0.35078125 0.03125 0.0375
1 0.72578125 0.34296875 0.025 0.03125
1 0.746875 0.32578125 0.0234375 0.015625
0 0.7765625 0.3015625 0.0546875 0.0609375