1 0.46640625 0.31015625 0.075 0.071875
1 0.76640625 0.6140625 0.1484375 0.1953125
1 0.71171875 0.44375 0.0703125 0.15
1 0.0984375 0.4890625 0.128125 0.1109375
1 0.365625 0.259375 0.06875 0.05625
1 0.07890625 0.2953125 0.06875 0.0765625
1 0.971875 0.1546875 0.0546875 0.04375
1 0.28828125 0.16640625 0.0390625 0.040625
1 0.3359375 0.31875 0.0875 0.078125
1 0.66640625 0.2703125 0.075 0.1078125
1 0.98515625 0.41875 0.028125 0.0453125
1 0.21171875 0.12578125 0.0328125 0.0265625
1 0.18046875 0.23359375 0.06875 0.0546875
1 0.9625 0.5046875 0.0734375 0.084375
1 0.9359375 0.07890625 0.03125 0.03125
1 0.00859375 0.40859375 0.0171875 0.084375
1 0.00703125 0.26875 0.0140625 0.040625
0 0.7328125 0.06328125 0.04375 0.0859375