1 0.27265625 0.64453125 0.134375 0.1640625
1 0.77109375 0.528125 0.15625 0.1296875
1 0.575 0.87421875 0.25625 0.2484375
1 0.66640625 0.43515625 0.128125 0.103125
1 0.58984375 0.46171875 0.1265625 0.10625
1 0.95234375 0.59609375 0.09375 0.10625
1 0.50546875 0.38515625 0.09375 0.08125
1 0.45078125 0.19609375 0.034375 0.0296875
1 0.153125 0.5390625 0.09375 0.11875
1 0.365625 0.18203125 0.0328125 0.025
1 0.54609375 0.21953125 0.05 0.0359375
1 0.44453125 0.40703125 0.096875 0.08125
1 0.13359375 0.43671875 0.065625 0.0859375
1 0.08828125 0.48203125 0.078125 0.0984375
1 0.02734375 0.18125 0.0171875 0.015625
1 0.03671875 0.4390625 0.059375 0.08125
1 0.0203125 0.27890625 0.040625 0.046875
1 0.43359375 0.43125 0.0859375 0.0453125
1 0.009375 0.4046875 0.01875 0.065625
2 0.0296875 0.60546875 0.025 0.0671875
2 0.76640625 0.2703125 0.0265625 0.0453125
0 0.80390625 0.784375 0.390625 0.428125
0 0.90859375 0.46484375 0.18125 0.2265625
0 0.07109375 0.3640625 0.1421875 0.146875
0 0.28984375 0.328125 0.171875 0.1375
0 0.36484375 0.5515625 0.409375 0.40625
0 0.37734375 0.31875 0.175 0.1328125
0 0.25859375 0.459375 0.196875 0.221875
0 0.06640625 0.171875 0.046875 0.0375