1 0.078125 0.325 0.125 0.090625
1 0.35546875 0.12578125 0.06875 0.0453125
1 0.29921875 0.153125 0.0828125 0.053125
1 0.1578125 0.26875 0.115625 0.0859375
1 0.05546875 0.19296875 0.090625 0.0640625
1 0.1359375 0.20859375 0.1 0.06875
1 0.178125 0.18125 0.0875 0.0640625
1 0.16015625 0.1453125 0.08125 0.0578125
1 0.44765625 0.29296875 0.059375 0.0859375
1 0.87890625 0.1234375 0.0953125 0.0609375
1 0.97890625 0.109375 0.040625 0.059375
1 0.98203125 0.15078125 0.034375 0.028125
1 0.87578125 0.01796875 0.0328125 0.0359375
1 0.93984375 0.01875 0.0375 0.034375
1 0.0078125 0.22578125 0.015625 0.040625
2 0.3546875 0.9015625 0.096875 0.09375
2 0.65234375 0.08203125 0.0265625 0.028125
2 0.503125 0.08515625 0.015625 0.021875
2 0.203125 0.09609375 0.025 0.0359375
3 0.59375 0.6296875 0.296875 0.2640625
0 0.73671875 0.35078125 0.525 0.2359375
0 0.89140625 0.19375 0.215625 0.1140625
0 0.253125 0.03671875 0.0875 0.0734375