1 0.11328125 0.5140625 0.0828125 0.10625
1 0.60390625 0.45390625 0.1296875 0.1078125
1 0.96953125 0.596875 0.059375 0.1140625
1 0.79140625 0.515625 0.159375 0.13125
1 0.44921875 0.4 0.096875 0.08125
1 0.57890625 0.3890625 0.10625 0.075
1 0.14609375 0.4359375 0.078125 0.0875
1 0.85 0.47578125 0.159375 0.121875
1 0.4921875 0.28828125 0.0578125 0.0546875
1 0.3640625 0.175 0.03125 0.025
1 0.45 0.18671875 0.034375 0.0296875
1 0.628125 0.90546875 0.275 0.1859375
1 0.05390625 0.2484375 0.03125 0.040625
1 0.54765625 0.20625 0.05 0.03125
1 0.2796875 0.1765625 0.03125 0.028125
1 0.23125 0.18203125 0.0234375 0.028125
2 0.4671875 0.21484375 0.015625 0.0265625
2 0.3734375 0.20078125 0.0203125 0.028125
2 0.65390625 0.23203125 0.0359375 0.0359375
2 0.52265625 0.2296875 0.021875 0.0296875
2 0.55625 0.2203125 0.0203125 0.034375
2 0.4125 0.209375 0.015625 0.025
2 0.4328125 0.20390625 0.0125 0.0296875
2 0.72421875 0.21796875 0.0265625 0.03125
0 0.53828125 0.65625 0.596875 0.5578125
0 0.29296875 0.321875 0.1703125 0.1375
0 0.07265625 0.3640625 0.1453125 0.146875
0 0.38125 0.31328125 0.18125 0.134375