1 0.83203125 0.93046875 0.1546875 0.1359375
1 0.58828125 0.60546875 0.0640625 0.1109375
1 0.6765625 0.51328125 0.0515625 0.0703125
1 0.82734375 0.590625 0.075 0.096875
1 0.39296875 0.3859375 0.025 0.0359375
1 0.61328125 0.5015625 0.053125 0.0859375
1 0.9796875 0.790625 0.0390625 0.1046875
1 0.44609375 0.340625 0.0140625 0.021875
2 0.17890625 0.57890625 0.040625 0.0796875
2 0.13125 0.509375 0.01875 0.0484375
0 0.91953125 0.559375 0.159375 0.215625
0 0.7625 0.40546875 0.0875 0.09375
0 0.475 0.50390625 0.0875 0.25625
0 0.87734375 0.45390625 0.159375 0.1078125