1 0.77734375 0.73828125 0.2265625 0.271875
1 0.20703125 0.2859375 0.10625 0.109375
1 0.24609375 0.634375 0.25 0.1953125
1 0.44765625 0.621875 0.2265625 0.215625
1 0.55625 0.71015625 0.228125 0.2390625
1 0.1609375 0.85703125 0.321875 0.278125
1 0.30234375 0.89921875 0.3375 0.1984375
1 0.5703125 0.15625 0.0765625 0.0609375
1 0.71953125 0.15390625 0.075 0.0703125
1 0.928125 0.14609375 0.075 0.078125
1 0.62890625 0.134375 0.046875 0.05
1 0.67109375 0.146875 0.0671875 0.071875
1 0.83203125 0.15703125 0.0625 0.075
1 0.88359375 0.12578125 0.0578125 0.0765625
1 0.9375 0.10546875 0.0390625 0.0484375
1 0.9765625 0.11484375 0.0453125 0.08125
1 0.91171875 0.0796875 0.04375 0.0359375
1 0.9203125 0.05625 0.0328125 0.028125
1 0.95234375 0.0640625 0.05 0.053125
1 0.7765625 0.128125 0.0515625 0.05625
1 0.79609375 0.14375 0.065625 0.0796875