1 0.31015625 0.31484375 0.06875 0.0546875
1 0.19609375 0.584375 0.11875 0.1390625
1 0.45234375 0.18046875 0.034375 0.03125
1 0.6625 0.91171875 0.2671875 0.171875
1 0.365625 0.16953125 0.0328125 0.025
1 0.09296875 0.20703125 0.025 0.0265625
1 0.02578125 0.3109375 0.03125 0.0484375
1 0.2296875 0.1859375 0.009375 0.0203125
1 0.02265625 0.375 0.0453125 0.0796875
1 0.36015625 0.19609375 0.0203125 0.021875
1 0.28203125 0.1703125 0.03125 0.025
1 0.99140625 0.3046875 0.015625 0.0359375
2 0.13828125 0.85703125 0.0546875 0.1140625
0 0.26953125 0.47578125 0.24375 0.2640625
0 0.78203125 0.75859375 0.434375 0.4796875
0 0.8234375 0.49140625 0.3515625 0.3171875