1 0.3203125 0.4109375 0.146875 0.1296875
1 0.221875 0.259375 0.125 0.078125
1 0.0609375 0.53046875 0.121875 0.1546875
1 0.93203125 0.2453125 0.103125 0.0796875
1 0.67421875 0.2890625 0.11875 0.1078125
1 0.73125 0.1984375 0.0859375 0.0703125
1 0.884375 0.10859375 0.059375 0.05
1 0.0296875 0.4390625 0.059375 0.0890625
1 0.8734375 0.1765625 0.071875 0.0609375
1 0.74921875 0.128125 0.0703125 0.0453125
1 0.58984375 0.2296875 0.0765625 0.0671875
1 0.87578125 0.0546875 0.0359375 0.0359375
1 0.734375 0.14453125 0.0734375 0.0515625
1 0.4953125 0.3359375 0.10625 0.125
1 0.89453125 0.01328125 0.025 0.0265625
2 0.51953125 0.209375 0.0375 0.0484375
2 0.915625 0.81328125 0.096875 0.121875
2 0.41640625 0.246875 0.040625 0.05
2 0.11953125 0.315625 0.0296875 0.0390625
2 0.82265625 0.165625 0.046875 0.04375
2 0.14375 0.35390625 0.053125 0.0625
2 0.31640625 0.26953125 0.0484375 0.0390625
2 0.925 0.13671875 0.01875 0.0296875
2 0.1796875 0.30546875 0.04375 0.0515625
3 0.58828125 0.63984375 0.2859375 0.2609375
0 0.47265625 0.1515625 0.3140625 0.1515625
0 0.0953125 0.19140625 0.190625 0.14375
0 0.25546875 0.04296875 0.0953125 0.0859375