1 0.1578125 0.3859375 0.115625 0.0875
1 0.30234375 0.3484375 0.09375 0.08125
1 0.05859375 0.29453125 0.0859375 0.0671875
1 0.2171875 0.21796875 0.05625 0.046875
1 0.3203125 0.16796875 0.05 0.046875
1 0.1390625 0.13828125 0.04375 0.028125
1 0.28671875 0.12421875 0.040625 0.0296875
1 0.6640625 0.265625 0.075 0.1171875
1 0.96953125 0.50078125 0.059375 0.065625
1 0.43984375 0.2140625 0.046875 0.0546875
1 0.97109375 0.15078125 0.05625 0.04375
1 0.971875 0.43203125 0.0546875 0.071875
1 0.20859375 0.12578125 0.0296875 0.0265625
1 0.36171875 0.16796875 0.03125 0.0546875
3 0.025 0.2515625 0.05 0.14375
0 0.51484375 0.24296875 0.171875 0.2078125