1 0.71953125 0.48984375 0.1765625 0.171875
1 0.17265625 0.203125 0.05 0.06875
1 0.346875 0.159375 0.05625 0.0671875
1 0.15078125 0.10546875 0.0328125 0.0375
1 0.21328125 0.0765625 0.025 0.03125
1 0.96640625 0.296875 0.065625 0.065625
1 0.796875 0.2234375 0.071875 0.0765625
1 0.2484375 0.0984375 0.034375 0.0453125
1 0.81796875 0.15390625 0.046875 0.040625
1 0.60234375 0.0765625 0.0515625 0.0390625
1 0.29140625 0.0703125 0.05 0.040625
1 0.875 0.165625 0.040625 0.04375
1 0.1796875 0.0515625 0.01875 0.021875
1 0.4921875 0.11328125 0.0515625 0.0484375
1 0.609375 0.16015625 0.0359375 0.05
0 0.17265625 0.39375 0.1875 0.4015625
0 0.06796875 0.1140625 0.0546875 0.1140625