1 0.578125 0.6890625 0.171875 0.215625
1 0.31640625 0.5359375 0.0875 0.15625
1 0.0375 0.54140625 0.075 0.125
1 0.54453125 0.50078125 0.1234375 0.1609375
1 0.2765625 0.359375 0.0515625 0.096875
1 0.47578125 0.34921875 0.05625 0.10625
1 0.36484375 0.359375 0.05 0.096875
1 0.475 0.24609375 0.0375 0.075
1 0.33984375 0.24609375 0.0375 0.059375
1 0.41796875 0.3015625 0.0375 0.0703125
1 0.87265625 0.87890625 0.2515625 0.2390625
1 0.91953125 0.73359375 0.159375 0.203125
1 0.6703125 0.284375 0.075 0.1140625
1 0.78203125 0.06953125 0.015625 0.0203125
1 0.97421875 0.171875 0.05 0.040625
1 0.26640625 0.15703125 0.0359375 0.0375
1 0.4359375 0.22109375 0.03125 0.0546875
1 0.3859375 0.2515625 0.034375 0.05625
1 0.97578125 0.4890625 0.046875 0.05625
1 0.44609375 0.18046875 0.03125 0.0453125
0 0.0453125 0.33203125 0.090625 0.165625
0 0.16484375 0.33359375 0.184375 0.2484375
0 0.3546875 0.1734375 0.065625 0.10625
0 0.19609375 0.2203125 0.11875 0.115625
0 0.49453125 0.096875 0.0671875 0.0609375
0 0.2328125 0.096875 0.040625 0.046875