1 0.41484375 0.72421875 0.16875 0.159375
1 0.659375 0.63359375 0.121875 0.11875
1 0.08671875 0.878125 0.1734375 0.2296875
1 0.4125 0.6484375 0.14375 0.115625
1 0.14296875 0.57109375 0.103125 0.09375
1 0.96953125 0.46171875 0.0484375 0.065625
1 0.83984375 0.53046875 0.0859375 0.090625
1 0.05625 0.78046875 0.1125 0.0796875
1 0.8328125 0.9765625 0.146875 0.04375
1 0.91171875 0.45546875 0.053125 0.059375
1 0.86484375 0.48984375 0.0671875 0.071875
0 0.6765625 0.48125 0.1828125 0.175
0 0.93984375 0.33125 0.0515625 0.0625
0 0.878125 0.40390625 0.115625 0.115625