1 0.171875 0.51484375 0.146875 0.2296875
1 0.23515625 0.26328125 0.0796875 0.1265625
1 0.828125 0.615625 0.178125 0.2578125
1 0.47109375 0.159375 0.053125 0.078125
1 0.61640625 0.36640625 0.0984375 0.159375
1 0.57578125 0.178125 0.053125 0.0859375
1 0.75703125 0.91171875 0.190625 0.171875
1 0.9671875 0.09609375 0.0640625 0.05625
1 0.37578125 0.14375 0.046875 0.0765625
1 0.53671875 0.0953125 0.04375 0.06875
1 0.365625 0.0890625 0.0359375 0.05625
1 0.69140625 0.26875 0.084375 0.11875
1 0.37734375 0.01796875 0.028125 0.03125
1 0.78359375 0.090625 0.034375 0.059375
1 0.40625 0.0203125 0.028125 0.0375
1 0.75234375 0.034375 0.0359375 0.04375
1 0.53984375 0.00703125 0.0203125 0.0140625
1 0.65390625 0.16796875 0.05625 0.0765625
1 0.71953125 0.0140625 0.028125 0.028125
1 0.68046875 0.0296875 0.0125 0.0296875
1 0.28515625 0.00546875 0.028125 0.0109375
0 0.0828125 0.365625 0.165625 0.3953125
0 0.92109375 0.5015625 0.15625 0.5109375
0 0.2765625 0.0953125 0.1078125 0.1578125
0 0.64375 0.03515625 0.05625 0.0703125
3 0.590625 0.0578125 0.0609375 0.1078125