1 0.43828125 0.34921875 0.0734375 0.1171875
1 0.31171875 0.22109375 0.0546875 0.075
1 0.43359375 0.0765625 0.025 0.0390625
1 0.96015625 0.19453125 0.078125 0.0671875
1 0.45390625 0.128125 0.034375 0.0484375
1 0.04765625 0.20625 0.0421875 0.06875
1 0.44140625 0.2640625 0.0609375 0.090625
1 0.9796875 0.2453125 0.0390625 0.09375
1 0.50703125 0.0265625 0.01875 0.03125
1 0.25078125 0.28125 0.08125 0.0890625
1 0.22265625 0.19921875 0.0484375 0.0609375
1 0.4796875 0.03828125 0.01875 0.0234375
1 0.5484375 0.03203125 0.015625 0.028125
1 0.1359375 0.20859375 0.0578125 0.0609375
1 0.88828125 0.175 0.05 0.071875
1 0.2578125 0.16171875 0.04375 0.0546875
1 0.43671875 0.165625 0.0375 0.0609375
1 0.42109375 0.21328125 0.046875 0.0890625
0 0.91484375 0.528125 0.16875 0.534375
0 0.12421875 0.76484375 0.2484375 0.465625
0 0.13125 0.46171875 0.2625 0.446875