1 0.69765625 0.55703125 0.0890625 0.0671875
1 0.49453125 0.67578125 0.1046875 0.1
1 0.08125 0.84921875 0.1625 0.15
1 0.36953125 0.85 0.15625 0.1515625
1 0.58203125 0.61796875 0.0984375 0.0828125
1 0.228125 0.78203125 0.14375 0.1359375
1 0.64609375 0.959375 0.178125 0.078125
1 0.9515625 0.5234375 0.0625 0.0578125
1 0.23515625 0.953125 0.1859375 0.090625
1 0.2953125 0.55625 0.1 0.075
1 0.984375 0.49375 0.0296875 0.05
1 0.5921875 0.5609375 0.0328125 0.040625
2 0.35390625 0.57890625 0.0390625 0.05
0 0.1578125 0.68984375 0.315625 0.23125
0 0.09453125 0.56640625 0.1890625 0.1515625