1 0.85234375 0.45078125 0.1 0.090625
1 0.9765625 0.56640625 0.0453125 0.075
1 0.18203125 0.38828125 0.065625 0.084375
1 0.63828125 0.321875 0.053125 0.0515625
1 0.490625 0.84375 0.19375 0.2765625
1 0.20546875 0.32890625 0.0671875 0.0609375
1 0.83828125 0.8859375 0.2375 0.2234375
1 0.734375 0.3765625 0.059375 0.06875
1 0.67890625 0.3890625 0.075 0.08125
1 0.13828125 0.340625 0.04375 0.0671875
1 0.85234375 0.28515625 0.05 0.0453125
1 0.55234375 0.3 0.0421875 0.0484375
1 0.26953125 0.425 0.0640625 0.0984375
1 0.57890625 0.28515625 0.025 0.0296875
2 0.08671875 0.3390625 0.025 0.0375
2 0.05 0.39921875 0.046875 0.0609375
0 0.36875 0.253125 0.08125 0.1578125
0 0.33984375 0.28828125 0.0828125 0.1140625
0 0.384375 0.51171875 0.1640625 0.3546875