1 0.46953125 0.47890625 0.09375 0.13125
1 0.43828125 0.32109375 0.0453125 0.09375
1 0.16171875 0.27578125 0.0625 0.05625
1 0.12109375 0.33203125 0.0875 0.06875
1 0.24765625 0.21796875 0.04375 0.046875
1 0.35078125 0.37421875 0.065625 0.1265625
1 0.315625 0.19296875 0.0375 0.040625
1 0.45625 0.22578125 0.0296875 0.0515625
1 0.66953125 0.2765625 0.075 0.1171875
1 0.3046875 0.24296875 0.034375 0.075
1 0.67109375 0.115625 0.0390625 0.03125
1 0.9640625 0.40390625 0.025 0.0484375
1 0.3546875 0.21875 0.0390625 0.0703125
1 0.4015625 0.23515625 0.0328125 0.05625
1 0.96015625 0.478125 0.025 0.05625
1 0.215625 0.13515625 0.03125 0.0265625
1 0.97421875 0.165625 0.05 0.04375
2 0.13515625 0.50546875 0.046875 0.0859375
0 0.23203125 0.09375 0.040625 0.05