1 0.584375 0.68046875 0.196875 0.15625
1 0.07890625 0.4734375 0.1390625 0.1015625
1 0.9421875 0.63359375 0.1140625 0.1453125
1 0.59765625 0.88828125 0.246875 0.190625
1 0.80625 0.24375 0.0515625 0.0578125
1 0.09765625 0.75625 0.1953125 0.15
1 0.428125 0.2953125 0.0671875 0.0640625
1 0.58125 0.46171875 0.0984375 0.1203125
1 0.21875 0.4015625 0.071875 0.0890625
1 0.6640625 0.30703125 0.0640625 0.075
1 0.89921875 0.2 0.059375 0.0453125
1 0.35390625 0.33515625 0.0859375 0.0625
1 0.9875 0.7265625 0.0234375 0.1015625
1 0.08515625 0.91171875 0.1703125 0.171875
1 0.55625 0.31640625 0.0796875 0.075
1 0.7859375 0.184375 0.0640625 0.0390625
1 0.36953125 0.45703125 0.1140625 0.1109375
1 0.55703125 0.38828125 0.084375 0.0984375
1 0.93515625 0.89296875 0.128125 0.2109375
1 0.82734375 0.1734375 0.0453125 0.0390625
1 0.71953125 0.16796875 0.059375 0.0390625
1 0.65546875 0.184375 0.0625 0.04375
1 0.66953125 0.2484375 0.0625 0.05625
1 0.1640625 0.865625 0.2890625 0.2359375
1 0.47734375 0.375 0.0875 0.0953125
1 0.63203125 0.22890625 0.046875 0.0546875
1 0.25546875 0.19296875 0.0546875 0.040625
1 0.8859375 0.16796875 0.0515625 0.0359375
1 0.31484375 0.19609375 0.0640625 0.0515625
1 0.6765625 0.984375 0.21875 0.028125
1 0.97421875 0.175 0.05 0.0390625
1 0.62578125 0.17109375 0.0421875 0.0359375
1 0.74765625 0.14609375 0.0515625 0.0328125
1 0.13671875 0.19296875 0.046875 0.0375
1 0.15546875 0.21171875 0.05625 0.05
1 0.97890625 0.25 0.040625 0.0640625
1 0.95859375 0.221875 0.0359375 0.0515625
2 0.15859375 0.58828125 0.053125 0.090625
2 0.284375 0.57421875 0.0625 0.096875
2 0.21328125 0.58125 0.0375 0.08125
0 0.54375 0.21171875 0.1359375 0.134375
0 0.40859375 0.1640625 0.146875 0.084375
2 0.23359375 0.59296875 0.0375 0.0703125
2 0.37265625 0.59765625 0.0453125 0.0828125
0 0.04765625 0.18515625 0.0953125 0.0640625
1 0.1828125 0.1890625 0.0421875 0.0390625
1 0.22421875 0.18046875 0.046875 0.0359375
1 0.28984375 0.159375 0.0296875 0.03125
1 0.32734375 0.15234375 0.01875 0.0328125
1 0.31015625 0.14140625 0.025 0.03125
1 0.490625 0.14375 0.0203125 0.0375
0 0.978125 0.1390625 0.04375 0.05625