1 0.65 0.0796875 0.0734375 0.0484375
1 0.67421875 0.31171875 0.15625 0.1203125
1 0.86015625 0.046875 0.0890625 0.0546875
1 0.87578125 0.2015625 0.090625 0.0890625
1 0.81796875 0.3890625 0.1953125 0.1078125
1 0.91328125 0.3640625 0.171875 0.146875
1 0.1671875 0.3765625 0.090625 0.10625
1 0.09609375 0.334375 0.08125 0.090625
1 0.28046875 0.22890625 0.0703125 0.071875
1 0.95 0.29375 0.0984375 0.0953125
1 0.37890625 0.28125 0.1078125 0.0703125
1 0.35078125 0.0765625 0.05 0.0390625
1 0.8578125 0.115625 0.0875 0.05
1 0.9625 0.1765625 0.0734375 0.06875
1 0.97421875 0.209375 0.05 0.08125
1 0.48671875 0.12109375 0.065625 0.03125
1 0.97734375 0.61171875 0.04375 0.171875
1 0.21796875 0.2140625 0.059375 0.0578125
3 0.2859375 0.378125 0.18125 0.2453125
0 0.68359375 0.20859375 0.328125 0.228125
0 0.66875 0.57109375 0.59375 0.528125
0 0.45078125 0.225 0.26875 0.190625
0 0.146875 0.2609375 0.178125 0.1671875
0 0.03671875 0.27890625 0.0734375 0.15
0 0.3375 0.16328125 0.196875 0.1375
0 0.18828125 0.146875 0.1140625 0.0953125
0 0.23359375 0.09453125 0.125 0.0640625
0 0.38359375 0.334375 0.09375 0.09375