1 0.64375 0.90546875 0.30625 0.1859375
1 0.70625 0.403125 0.1484375 0.1140625
1 0.21640625 0.91328125 0.29375 0.1703125
1 0.9421875 0.91328125 0.1140625 0.1703125
1 0.9734375 0.3203125 0.0515625 0.075
1 0.33671875 0.2703125 0.09375 0.078125
1 0.58203125 0.18828125 0.0828125 0.05625
1 0.6890625 0.21015625 0.10625 0.071875
1 0.4671875 0.23359375 0.096875 0.0671875
1 0.43046875 0.25625 0.096875 0.071875
1 0.94765625 0.13203125 0.053125 0.05
1 0.96953125 0.278125 0.059375 0.0640625
1 0.88515625 0.071875 0.0375 0.0359375
1 0.57421875 0.290625 0.1125 0.09375
1 0.97421875 0.09453125 0.05 0.0375
1 0.58671875 0.24609375 0.1046875 0.0671875
1 0.57421875 0.359375 0.1078125 0.0859375
1 0.38046875 0.21015625 0.053125 0.0609375
1 0.9890625 0.12109375 0.0203125 0.0390625
2 0.2140625 0.2859375 0.04375 0.046875
2 0.2046875 0.18828125 0.0328125 0.04375
2 0.26484375 0.18359375 0.025 0.0484375
2 0.38359375 0.15390625 0.03125 0.0453125
2 0.16953125 0.1546875 0.0234375 0.05
2 0.23671875 0.16640625 0.021875 0.0375
2 0.32265625 0.1703125 0.0390625 0.0453125
3 0.58984375 0.6640625 0.2875 0.2609375
3 0.73828125 0.275 0.159375 0.128125
0 0.07890625 0.19296875 0.1578125 0.1890625
0 0.83828125 0.25078125 0.1375 0.1578125