1 0.040625 0.9203125 0.08125 0.15625
1 0.684375 0.90390625 0.309375 0.1890625
1 0.95546875 0.92421875 0.0875 0.1484375
1 0.26875 0.884375 0.296875 0.228125
1 0.01328125 0.39296875 0.0265625 0.1078125
1 0.05390625 0.28125 0.078125 0.0859375
1 0.690625 0.20390625 0.10625 0.0703125
1 0.5828125 0.18125 0.0828125 0.059375
1 0.47734375 0.228125 0.084375 0.0671875
1 0.43046875 0.25078125 0.096875 0.071875
1 0.97421875 0.31484375 0.05 0.075
1 0.57578125 0.28515625 0.1140625 0.09375
1 0.16796875 0.184375 0.0453125 0.0609375
1 0.20546875 0.14375 0.04375 0.053125
1 0.13046875 0.2515625 0.059375 0.09375
1 0.38046875 0.2046875 0.0546875 0.0609375
1 0.3265625 0.225 0.09375 0.0796875
1 0.96953125 0.2703125 0.059375 0.0640625
1 0.58828125 0.24140625 0.103125 0.06875
1 0.16484375 0.04921875 0.03125 0.025
1 0.9921875 0.165625 0.0140625 0.0359375
2 0.2640625 0.20546875 0.0234375 0.0484375
2 0.21484375 0.28046875 0.04375 0.046875
2 0.465625 0.13203125 0.0296875 0.03125
2 0.25078125 0.18125 0.021875 0.040625
2 0.36015625 0.16875 0.021875 0.0296875
3 0.5875 0.65625 0.28125 0.2609375
3 0.73828125 0.26953125 0.1609375 0.128125
0 0.046875 0.215625 0.09375 0.184375
0 0.96796875 0.06953125 0.0625 0.1390625
0 0.14765625 0.1296875 0.134375 0.1484375
0 0.83984375 0.24453125 0.1375 0.15625