1 0.55234375 0.4296875 0.165625 0.1484375
1 0.9453125 0.75 0.1078125 0.2078125
1 0.95546875 0.07890625 0.0875 0.065625
1 0.97578125 0.58515625 0.046875 0.1328125
1 0.70859375 0.31640625 0.134375 0.11875
1 0.85859375 0.04296875 0.0921875 0.0515625
1 0.2796875 0.23203125 0.078125 0.0765625
1 0.95546875 0.20546875 0.0875 0.1046875
1 0.48359375 0.31484375 0.1375 0.1109375
1 0.73671875 0.08046875 0.0796875 0.05
1 0.70625 0.10078125 0.1015625 0.05
1 0.51640625 0.1359375 0.0765625 0.0578125
1 0.54296875 0.16015625 0.0484375 0.06875
1 0.42890625 0.1265625 0.046875 0.0546875
1 0.42265625 0.153125 0.034375 0.053125
1 0.3984375 0.3640625 0.1125 0.146875
1 0.85078125 0.12578125 0.075 0.034375
0 0.7390625 0.2265625 0.3625 0.2203125
0 0.22265625 0.39453125 0.334375 0.3046875
0 0.3046875 0.1734375 0.225 0.14375
0 0.1484375 0.23359375 0.178125 0.0890625
0 0.0234375 0.26640625 0.046875 0.165625
0 0.23359375 0.11875 0.125 0.096875