1 0.296875 0.26328125 0.121875 0.08125
1 0.38359375 0.37421875 0.153125 0.1109375
1 0.66171875 0.26953125 0.121875 0.084375
1 0.45234375 0.13359375 0.08125 0.05625
1 0.2796875 0.12421875 0.078125 0.0515625
1 0.71328125 0.13203125 0.0875 0.0578125
1 0.13671875 0.2046875 0.1 0.06875
1 0.97578125 0.16328125 0.046875 0.078125
1 0.05703125 0.1890625 0.0921875 0.0671875
1 0.8796875 0.21796875 0.0765625 0.028125
1 0.053125 0.30703125 0.10625 0.103125
1 0.66015625 0.11875 0.0765625 0.0515625
1 0.01640625 0.153125 0.0328125 0.05
1 0.17890625 0.171875 0.0875 0.0671875
1 0.98046875 0.23515625 0.0375 0.0453125
1 0.96796875 0.121875 0.0625 0.0515625
1 0.00859375 0.22109375 0.0171875 0.04375
2 0.8796875 0.06875 0.0203125 0.034375
3 0.59140625 0.61796875 0.284375 0.2609375
0 0.8578125 0.3296875 0.2828125 0.221875
0 0.603125 0.0765625 0.19375 0.1015625
0 0.96015625 0.0734375 0.078125 0.109375