1 0.40078125 0.48359375 0.078125 0.1375
1 0.29453125 0.37578125 0.0546875 0.1
1 0.73203125 0.72109375 0.2 0.209375
1 0.37421875 0.60546875 0.1328125 0.2265625
1 0.35234375 0.26640625 0.0359375 0.0671875
1 0.55 0.51328125 0.128125 0.1703125
1 0.7234375 0.85859375 0.2328125 0.2796875
1 0.6703125 0.28125 0.075 0.115625
1 0.43828125 0.34140625 0.05625 0.0984375
1 0.48515625 0.19453125 0.0328125 0.0515625
1 0.29609375 0.28984375 0.040625 0.071875
1 0.76640625 0.0796875 0.015625 0.021875
1 0.9625 0.48828125 0.0609375 0.065625
1 0.25078125 0.15859375 0.034375 0.03125
1 0.41875 0.24140625 0.03125 0.0578125
1 0.97421875 0.17109375 0.05 0.04375
1 0.44375 0.19296875 0.0296875 0.0453125
1 0.471875 0.15390625 0.03125 0.040625
1 0.9765625 0.4484375 0.0453125 0.059375
1 0.46171875 0.253125 0.040625 0.071875
1 0.39453125 0.2203125 0.03125 0.0453125
0 0.10703125 0.41796875 0.2140625 0.328125
0 0.11640625 0.28515625 0.16875 0.159375
0 0.23203125 0.0984375 0.040625 0.0484375
0 0.42890625 0.11015625 0.0625 0.06875
0 0.3703125 0.15078125 0.0625 0.0953125