1 0.92890625 0.70546875 0.140625 0.178125
1 0.4765625 0.30546875 0.0875 0.0546875
1 0.09140625 0.45390625 0.134375 0.096875
1 0.56484375 0.40859375 0.1046875 0.0953125
1 0.96953125 0.4953125 0.059375 0.0984375
1 0.07890625 0.3203125 0.084375 0.0515625
1 0.82890625 0.43203125 0.11875 0.10625
1 0.82890625 0.23828125 0.0546875 0.0359375
1 0.01796875 0.31640625 0.0359375 0.05625
1 0.31953125 0.3015625 0.090625 0.0625
1 0.18046875 0.321875 0.0921875 0.0625
1 0.1984375 0.29453125 0.0640625 0.025
2 0.97734375 0.29140625 0.025 0.0546875
0 0.025 0.515625 0.05 0.2359375