1 0.12265625 0.51484375 0.0875 0.1078125
1 0.15625 0.265625 0.0375 0.04375
1 0.01875 0.41015625 0.0375 0.06875
1 0.4515625 0.18203125 0.0375 0.03125
1 0.36484375 0.17109375 0.0328125 0.025
1 0.01328125 0.30625 0.0265625 0.05625
1 0.546875 0.2015625 0.05 0.0328125
1 0.64765625 0.396875 0.0984375 0.1140625
1 0.08359375 0.23515625 0.025 0.0296875
1 0.30546875 0.19375 0.015625 0.025
2 0.33671875 0.190625 0.009375 0.021875
2 0.4984375 0.21015625 0.0265625 0.0359375
0 0.32265625 0.5140625 0.2890625 0.30625
0 0.1125 0.38359375 0.14375 0.1703125
0 0.4984375 0.38125 0.259375 0.2046875
0 0.9546875 0.4515625 0.0890625 0.21875