1 0.30390625 0.7796875 0.23125 0.178125
1 0.09609375 0.26328125 0.0859375 0.0515625
1 0.97578125 0.75390625 0.046875 0.1375
1 0.78359375 0.92578125 0.30625 0.1453125
1 0.75390625 0.56953125 0.1390625 0.20625
1 0.6296875 0.75 0.2375 0.221875
1 0.903125 0.17109375 0.078125 0.0453125
1 0.1625 0.1890625 0.053125 0.0453125
1 0.26171875 0.22578125 0.075 0.0515625
1 0.70859375 0.4265625 0.071875 0.1359375
1 0.42578125 0.2203125 0.08125 0.0671875
1 0.9703125 0.503125 0.0578125 0.071875
1 0.5265625 0.16484375 0.059375 0.0453125
1 0.97109375 0.15078125 0.05625 0.046875
1 0.20390625 0.228125 0.05625 0.0484375
1 0.29296875 0.1984375 0.0671875 0.0484375
1 0.82734375 0.02890625 0.0140625 0.0203125
1 0.34765625 0.20859375 0.075 0.05
1 0.66875 0.2546875 0.075 0.1140625
1 0.746875 0.3265625 0.059375 0.1140625
0 0.73125 0.13515625 0.1875 0.1