1 0.03984375 0.92109375 0.078125 0.1546875
1 0.68359375 0.90546875 0.309375 0.1859375
1 0.8234375 0.2484375 0.1140625 0.08125
1 0.26640625 0.9 0.29375 0.196875
1 0.95703125 0.928125 0.084375 0.140625
1 0.01328125 0.25859375 0.0265625 0.0703125
1 0.68828125 0.21484375 0.10625 0.0859375
1 0.02578125 0.38828125 0.0515625 0.1046875
1 0.58125 0.18515625 0.0828125 0.059375
1 0.47734375 0.23125 0.0828125 0.0671875
1 0.4296875 0.253125 0.096875 0.0765625
1 0.9703125 0.26796875 0.0578125 0.046875
1 0.14609375 0.22890625 0.0640625 0.0796875
1 0.86640625 0.08046875 0.0375 0.0390625
1 0.57421875 0.28828125 0.1125 0.09375
1 0.57421875 0.35625 0.109375 0.0859375
1 0.975 0.13125 0.0484375 0.0484375
1 0.5859375 0.2453125 0.103125 0.06875
1 0.153125 0.18046875 0.059375 0.053125
1 0.071875 0.20078125 0.065625 0.090625
1 0.37734375 0.20859375 0.05625 0.0609375
2 0.265625 0.20859375 0.03125 0.0546875
2 0.21328125 0.28359375 0.04375 0.0484375
2 0.46484375 0.1359375 0.0296875 0.03125
2 0.9390625 0.18125 0.0375 0.0515625
3 0.5875 0.66015625 0.284375 0.2609375
3 0.95078125 0.35078125 0.096875 0.15
0 0.23359375 0.1265625 0.1171875 0.1453125