1 0.70078125 0.81640625 0.259375 0.2109375
1 0.1 0.76640625 0.2 0.18125
1 0.94765625 0.68671875 0.103125 0.15625
1 0.23203125 0.91484375 0.2625 0.1671875
1 0.703125 0.4140625 0.06875 0.1203125
1 0.721875 0.15625 0.06875 0.05
1 0.134375 0.31953125 0.103125 0.0796875
1 0.76171875 0.2890625 0.0609375 0.0859375
1 0.1625 0.1890625 0.053125 0.0453125
1 0.8890625 0.1703125 0.0765625 0.0515625
1 0.4328125 0.1890625 0.06875 0.0453125
1 0.6296875 0.184375 0.0703125 0.05625
1 0.29765625 0.21796875 0.071875 0.05
1 0.77890625 0.559375 0.11875 0.1953125
1 0.68203125 0.115625 0.0359375 0.0390625
1 0.1578125 0.2515625 0.0828125 0.0515625
1 0.7875 0.22109375 0.053125 0.071875
1 0.21953125 0.22578125 0.0703125 0.0484375
1 0.81328125 0.18515625 0.0421875 0.05625
1 0.31640625 0.19375 0.0671875 0.046875
1 0.21640625 0.16484375 0.05 0.0328125
1 0.97109375 0.4484375 0.05625 0.08125
1 0.92578125 0.1484375 0.075 0.0515625
1 0.66796875 0.25859375 0.075 0.10625
2 0.89765625 0.1203125 0.0203125 0.034375
0 0.08984375 0.11171875 0.1125 0.0578125