1 0.20703125 0.390625 0.078125 0.1109375
1 0.6171875 0.6765625 0.2078125 0.265625
1 0.33671875 0.25625 0.0671875 0.0640625
1 0.51953125 0.3359375 0.11875 0.0953125
1 0.19140625 0.184375 0.034375 0.0390625
1 0.10234375 0.221875 0.0375 0.0484375
1 0.97421875 0.16640625 0.05 0.08125
1 0.43125 0.359375 0.0984375 0.1046875
1 0.06640625 0.2484375 0.0375 0.0484375
1 0.21640625 0.1609375 0.03125 0.0296875
1 0.88671875 0.26484375 0.0875 0.0703125
1 0.60546875 0.20078125 0.0234375 0.0546875
1 0.08828125 0.30078125 0.0375 0.0578125
1 0.74765625 0.23203125 0.0859375 0.0765625
0 0.47890625 0.22578125 0.2421875 0.175
0 0.071875 0.41796875 0.14375 0.2984375