1 0.2703125 0.3453125 0.1078125 0.1015625
1 0.55078125 0.43359375 0.165625 0.1484375
1 0.9484375 0.08125 0.1015625 0.0671875
1 0.58984375 0.1734375 0.0984375 0.06875
1 0.1234375 0.46796875 0.103125 0.1609375
1 0.48125 0.325 0.115625 0.1015625
1 0.86796875 0.1984375 0.1265625 0.0890625
1 0.97578125 0.20625 0.046875 0.1015625
1 0.72109375 0.18359375 0.1125 0.078125
1 0.31171875 0.15390625 0.0625 0.05625
1 0.66328125 0.09921875 0.0859375 0.0546875
1 0.56484375 0.13203125 0.0671875 0.0578125
1 0.2359375 0.14921875 0.053125 0.05
1 0.853125 0.04375 0.08125 0.05
1 0.86796875 0.11953125 0.11875 0.065625
1 0.95625 0.1703125 0.0859375 0.0859375
1 0.33125 0.0609375 0.01875 0.0265625
1 0.66953125 0.14453125 0.096875 0.0703125
1 0.78828125 0.36875 0.2140625 0.125
1 0.8171875 0.1609375 0.1015625 0.0703125
0 0.440625 0.1296875 0.196875 0.1296875
0 0.83203125 0.628125 0.334375 0.5046875
0 0.14921875 0.28125 0.184375 0.1703125
0 0.609375 0.0515625 0.1875 0.103125
0 0.07734375 0.32421875 0.1546875 0.18125
0 0.2625 0.06484375 0.109375 0.0703125
0 0.06796875 0.08359375 0.0625 0.0484375
0 0.74140625 0.03203125 0.0796875 0.0640625
0 0.44140625 0.0515625 0.05 0.034375