1 0.12578125 0.9 0.2515625 0.196875
1 0.096875 0.5453125 0.121875 0.109375
1 0.58984375 0.19453125 0.065625 0.059375
1 0.78671875 0.078125 0.04375 0.0453125
1 0.4546875 0.25390625 0.065625 0.0671875
1 0.26796875 0.96796875 0.196875 0.0609375
1 0.51484375 0.1859375 0.059375 0.05625
1 0.66640625 0.1515625 0.053125 0.059375
1 0.64765625 0.421875 0.115625 0.140625
1 0.9484375 0.0203125 0.0390625 0.040625
1 0.96953125 0.1234375 0.059375 0.0828125
1 0.82734375 0.26171875 0.0859375 0.090625
1 0.46796875 0.06015625 0.0453125 0.0390625
1 0.1859375 0.18125 0.065625 0.0484375
1 0.84375 0.13359375 0.04375 0.040625
1 0.66484375 0.4890625 0.0546875 0.1515625
1 0.0625 0.2265625 0.08125 0.0609375
1 0.134375 0.1703125 0.071875 0.0484375
1 0.275 0.55625 0.0671875 0.0578125
1 0.27890625 0.1265625 0.046875 0.046875
1 0.87109375 0.01015625 0.040625 0.0203125
2 0.93671875 0.67109375 0.0453125 0.1609375
0 0.83984375 0.44296875 0.3125 0.4671875