1 0.36015625 0.56796875 0.09375 0.1546875
1 0.9453125 0.74609375 0.1078125 0.1640625
1 0.55625 0.53671875 0.13125 0.2
1 0.63046875 0.88828125 0.259375 0.2203125
1 0.97421875 0.42109375 0.05 0.06875
1 0.40703125 0.42109375 0.065625 0.10625
1 0.08515625 0.32421875 0.075 0.0640625
1 0.36171875 0.31875 0.04375 0.09375
1 0.03359375 0.31640625 0.0625 0.05625
1 0.97421875 0.1703125 0.05 0.0484375
1 0.4328125 0.33359375 0.046875 0.08125
1 0.66875 0.28125 0.075 0.115625
1 0.40703125 0.2703125 0.0421875 0.075
1 0.39609375 0.16640625 0.025 0.0375
1 0.46484375 0.27421875 0.0375 0.0671875
1 0.01171875 0.384375 0.0234375 0.04375
1 0.428125 0.20859375 0.034375 0.04375
1 0.21484375 0.13984375 0.0296875 0.028125
1 0.19375 0.32890625 0.046875 0.0609375
0 0.10703125 0.47421875 0.2140625 0.3859375
0 0.18359375 0.23203125 0.121875 0.1359375
0 0.2609375 0.2296875 0.115625 0.159375
0 0.49296875 0.09375 0.071875 0.065625
0 0.28828125 0.3046875 0.109375 0.228125