1 0.97265625 0.6 0.053125 0.1703125
1 0.5453125 0.4296875 0.165625 0.1484375
1 0.603125 0.359375 0.1421875 0.1296875
1 0.58359375 0.16953125 0.096875 0.06875
1 0.97265625 0.203125 0.053125 0.1015625
1 0.26484375 0.340625 0.1078125 0.1046875
1 0.715625 0.1796875 0.1125 0.08125
1 0.86171875 0.19453125 0.125 0.09375
1 0.45078125 0.30703125 0.128125 0.115625
1 0.83359375 0.409375 0.2203125 0.196875
1 0.59765625 0.1359375 0.09375 0.06875
1 0.30703125 0.22890625 0.08125 0.065625
1 0.04453125 0.28203125 0.0421875 0.06875
1 0.9296875 0.16796875 0.0953125 0.0765625
1 0.30625 0.15078125 0.0625 0.0546875
1 0.32578125 0.2796875 0.103125 0.0890625
1 0.5703125 0.08359375 0.075 0.0515625
1 0.1109375 0.18046875 0.0453125 0.04375
1 0.034375 0.21640625 0.0375 0.0515625
1 0.85234375 0.0390625 0.0890625 0.05625
1 0.09296875 0.1390625 0.028125 0.040625
1 0.73359375 0.14375 0.1015625 0.071875
1 0.10390625 0.09140625 0.03125 0.025
2 0.77421875 0.06484375 0.0234375 0.04375
0 0.4359375 0.12578125 0.196875 0.134375
0 0.14375 0.27890625 0.184375 0.16875