1 0.12421875 0.8609375 0.2484375 0.234375
1 0.86953125 0.871875 0.259375 0.215625
1 0.3609375 0.934375 0.25625 0.128125
1 0.75859375 0.96171875 0.3 0.071875
1 0.40703125 0.13203125 0.0578125 0.0453125
1 0.87578125 0.06796875 0.0390625 0.03125
1 0.940625 0.0703125 0.0359375 0.034375
2 0.26484375 0.2234375 0.0265625 0.04375
2 0.4125 0.23125 0.0296875 0.040625
2 0.78203125 0.353125 0.0515625 0.0640625
2 0.54921875 0.30078125 0.040625 0.05
2 0.58828125 0.29609375 0.0390625 0.0484375
3 0.59375 0.67578125 0.290625 0.2640625
3 0.85703125 0.4203125 0.1421875 0.1375
0 0.26484375 0.06640625 0.115625 0.1078125