1 0.778125 0.28671875 0.08125 0.0546875
1 0.27421875 0.659375 0.1359375 0.1671875
1 0.11953125 0.5109375 0.0875 0.1078125
1 0.771875 0.528125 0.1546875 0.1296875
1 0.590625 0.4640625 0.128125 0.10625
1 0.66640625 0.4359375 0.128125 0.1015625
1 0.50546875 0.3859375 0.09375 0.0796875
1 0.365625 0.184375 0.0328125 0.025
1 0.4453125 0.409375 0.0953125 0.08125
1 0.45234375 0.1984375 0.0359375 0.0296875
1 0.95078125 0.584375 0.096875 0.0828125
1 0.97734375 0.3640625 0.04375 0.0390625
1 0.65234375 0.29453125 0.0921875 0.0484375
1 0.040625 0.44375 0.0625 0.0796875
1 0.13515625 0.43671875 0.065625 0.08125
1 0.54765625 0.21953125 0.046875 0.0359375
1 0.6265625 0.2703125 0.075 0.0453125
1 0.38515625 0.41328125 0.078125 0.05625
1 0.98046875 0.25546875 0.0375 0.0515625
1 0.28046875 0.18515625 0.03125 0.025
1 0.63046875 0.9015625 0.2671875 0.19375
1 0.01171875 0.4078125 0.0234375 0.06875
2 0.39453125 0.221875 0.015625 0.0296875
2 0.9765625 0.290625 0.034375 0.040625
2 0.93203125 0.275 0.034375 0.0390625
2 0.52421875 0.24140625 0.015625 0.0234375
0 0.80390625 0.78515625 0.390625 0.4265625
0 0.909375 0.4640625 0.1796875 0.228125
0 0.07109375 0.36484375 0.1421875 0.1484375
0 0.28984375 0.3296875 0.175 0.140625
0 0.37734375 0.31953125 0.175 0.1359375
0 0.365625 0.5515625 0.4109375 0.40625