1 0.20859375 0.9234375 0.1328125 0.15
1 0.55078125 0.7390625 0.0859375 0.1671875
1 0.83984375 0.50546875 0.09375 0.09375
1 0.55546875 0.91953125 0.1125 0.1578125
1 0.97578125 0.81484375 0.046875 0.1109375
1 0.74296875 0.315625 0.0390625 0.05
1 0.77578125 0.39375 0.05625 0.065625
1 0.39375 0.93046875 0.125 0.1359375
1 0.415625 0.74453125 0.0875 0.1671875
1 0.05703125 0.72109375 0.1140625 0.153125
1 0.62265625 0.35703125 0.046875 0.0546875
1 0.05390625 0.9359375 0.1078125 0.121875
1 0.2796875 0.7640625 0.10625 0.1765625
1 0.86015625 0.40703125 0.0671875 0.075
1 0.13046875 0.79609375 0.1125 0.178125
1 0.446875 0.5859375 0.078125 0.15
1 0.04453125 0.4953125 0.078125 0.0984375
1 0.16953125 0.340625 0.04375 0.059375
1 0.80625 0.28515625 0.0359375 0.0484375
1 0.32578125 0.64140625 0.08125 0.1359375
1 0.19296875 0.6515625 0.096875 0.175
1 0.52734375 0.1203125 0.009375 0.015625
1 0.26015625 0.56015625 0.071875 0.109375
1 0.54921875 0.15 0.0125 0.01875
1 0.26171875 0.20390625 0.025 0.0375
1 0.35390625 0.55625 0.0703125 0.109375
1 0.2203125 0.23359375 0.0265625 0.0375
1 0.29765625 0.48203125 0.0609375 0.090625
1 0.39609375 0.43984375 0.053125 0.0796875
1 0.54140625 0.11953125 0.0109375 0.0171875
1 0.89453125 0.35859375 0.034375 0.0609375
1 0.36796875 0.490625 0.0609375 0.0859375
1 0.31796875 0.43515625 0.0484375 0.075
0 0.14453125 0.515625 0.215625 0.309375
0 0.34609375 0.2703125 0.084375 0.1265625
0 0.29140625 0.321875 0.08125 0.1328125
0 0.2421875 0.38515625 0.1 0.1703125
0 0.42734375 0.23828125 0.046875 0.0875
3 0.9359375 0.38828125 0.0625 0.1078125
1 0.3578125 0.36484375 0.0390625 0.0546875
1 0.334375 0.396875 0.0390625 0.0625
1 0.3703125 0.33671875 0.0375 0.0578125