1 0.72265625 0.24375 0.0875 0.0546875
1 0.65546875 0.3 0.09375 0.0671875
1 0.3609375 0.396875 0.0875 0.084375
1 0.67109375 0.4015625 0.121875 0.0890625
1 0.0265625 0.3796875 0.053125 0.096875
1 0.13671875 0.27109375 0.0359375 0.04375
1 0.67265625 0.459375 0.1375 0.1140625
1 0.48359375 0.39375 0.0984375 0.0875
1 0.49921875 0.35 0.09375 0.075
1 0.36953125 0.1609375 0.0328125 0.025
1 0.4546875 0.171875 0.034375 0.0296875
1 0.1140625 0.1765625 0.028125 0.025
1 0.88671875 0.58125 0.225 0.240625
1 0.5078125 0.196875 0.0515625 0.0359375
1 0.05703125 0.1765625 0.01875 0.0171875
1 0.55390625 0.190625 0.0421875 0.034375
1 0.28359375 0.16484375 0.03125 0.025
1 0.90546875 0.51953125 0.1625 0.1171875
0 0.8984375 0.42578125 0.2015625 0.240625