1 0.39609375 0.36171875 0.0875 0.0796875
1 0.36640625 0.21484375 0.0453125 0.040625
1 0.20703125 0.1859375 0.0328125 0.0203125
1 0.61640625 0.5 0.14375 0.1296875
1 0.5453125 0.3609375 0.1015625 0.08125
1 0.50546875 0.3984375 0.103125 0.09375
1 0.45546875 0.16875 0.0375 0.0296875
1 0.55078125 0.1859375 0.05 0.0359375
1 0.85390625 0.91640625 0.290625 0.1640625
1 0.88671875 0.5796875 0.225 0.2375
1 0.67109375 0.3984375 0.121875 0.0890625
1 0.67421875 0.45546875 0.134375 0.1140625
1 0.025 0.16875 0.015625 0.01875
1 0.36796875 0.15625 0.034375 0.025
1 0.27421875 0.19140625 0.034375 0.025
1 0.2875 0.1796875 0.0359375 0.0265625
1 0.8421875 0.171875 0.034375 0.0265625
1 0.90546875 0.51484375 0.1625 0.115625
2 0.05390625 0.484375 0.025 0.046875
0 0.89921875 0.4234375 0.2 0.2421875