1 0.10078125 0.90390625 0.2015625 0.1859375
1 0.42421875 0.93125 0.2515625 0.134375
1 0.08046875 0.2296875 0.0828125 0.075
1 0.72734375 0.86796875 0.25625 0.228125
1 0.5796875 0.2015625 0.0828125 0.0671875
1 0.8609375 0.9515625 0.275 0.09375
1 0.97265625 0.33125 0.053125 0.075
1 0.68828125 0.22578125 0.1046875 0.0859375
1 0.6515625 0.24609375 0.096875 0.078125
1 0.96796875 0.2890625 0.0625 0.0640625
1 0.96953125 0.1703125 0.059375 0.0515625
1 0.14765625 0.13125 0.0453125 0.0484375
1 0.84765625 0.08359375 0.034375 0.0375
1 0.19296875 0.125 0.05 0.065625
3 0.58984375 0.671875 0.2921875 0.259375
0 0.33671875 0.0703125 0.0625 0.115625
0 0.834375 0.2609375 0.140625 0.1546875
0 0.871875 0.05625 0.0734375 0.084375