1 0.26796875 0.4 0.1640625 0.115625
1 0.515625 0.31875 0.1359375 0.1
1 0.053125 0.3265625 0.10625 0.0859375
1 0.56953125 0.91484375 0.309375 0.1671875
1 0.96953125 0.13671875 0.059375 0.0515625
1 0.7453125 0.13515625 0.090625 0.0671875
1 0.13671875 0.2046875 0.103125 0.06875
1 0.0625 0.19375 0.0921875 0.075
1 0.80390625 0.1140625 0.05625 0.046875
1 0.2828125 0.12578125 0.078125 0.05625
1 0.81015625 0.01328125 0.0421875 0.0265625
2 0.65390625 0.07421875 0.028125 0.0296875
2 0.41796875 0.08359375 0.025 0.034375
2 0.82109375 0.5234375 0.0703125 0.0765625
2 0.56171875 0.08046875 0.025 0.028125
2 0.5140625 0.0734375 0.021875 0.025
3 0.59296875 0.6234375 0.2890625 0.265625
0 0.9203125 0.02890625 0.10625 0.0578125