1 0.8796875 0.82578125 0.23125 0.196875
1 0.2328125 0.87421875 0.2515625 0.1953125
1 0.05078125 0.696875 0.1015625 0.15
1 0.9734375 0.646875 0.0515625 0.14375
1 0.56640625 0.70703125 0.21875 0.175
1 0.11796875 0.43984375 0.13125 0.1015625
1 0.35078125 0.45 0.1234375 0.121875
1 0.01796875 0.840625 0.0359375 0.134375
1 0.23046875 0.43515625 0.128125 0.0953125
1 0.2453125 0.3609375 0.1078125 0.0703125
1 0.21640625 0.3359375 0.103125 0.0765625
1 0.35234375 0.31640625 0.0625 0.078125
1 0.55546875 0.45859375 0.10625 0.1546875
1 0.8203125 0.225 0.0515625 0.05625
1 0.29609375 0.17890625 0.0625 0.0390625
1 0.84765625 0.1953125 0.065625 0.04375
1 0.18984375 0.20703125 0.0390625 0.0453125
1 0.62421875 0.1734375 0.0625 0.04375
1 0.72109375 0.2953125 0.0703125 0.0859375
1 0.7015625 0.153125 0.046875 0.0359375
1 0.62578125 0.36484375 0.078125 0.11875
1 0.153125 0.1703125 0.04375 0.0375
1 0.47734375 0.42890625 0.103125 0.13125
1 0.7421875 0.23359375 0.05625 0.0484375
1 0.55546875 0.36484375 0.078125 0.09375
1 0.77265625 0.259375 0.0546875 0.0640625
1 0.32734375 0.16484375 0.0375 0.0375
1 0.09140625 0.16796875 0.0234375 0.03125
1 0.6859375 0.2640625 0.05625 0.0640625
1 0.628125 0.25625 0.059375 0.0609375
2 0.36484375 0.575 0.053125 0.0828125
0 0.4828125 0.30859375 0.203125 0.225
0 0.96484375 0.21015625 0.06875 0.1390625
0 0.0421875 0.16328125 0.084375 0.059375
0 0.8421875 0.13046875 0.0703125 0.0546875
1 0.1890625 0.17734375 0.0609375 0.04375
1 0.240625 0.14765625 0.0484375 0.0328125
1 0.38828125 0.16953125 0.059375 0.0390625
1 0.4375 0.17578125 0.0609375 0.04375
1 0.52578125 0.16796875 0.0625 0.0359375
1 0.5390625 0.14453125 0.0453125 0.021875
1 0.6703125 0.16484375 0.0484375 0.0390625
1 0.8046875 0.1765625 0.059375 0.0328125
1 0.840625 0.1625 0.0453125 0.0265625
1 0.46953125 0.1484375 0.0453125 0.0359375
1 0.42734375 0.1515625 0.04375 0.025
1 0.30859375 0.11953125 0.025 0.0328125
1 0.33515625 0.11875 0.0203125 0.0265625
1 0.396875 0.121875 0.021875 0.034375
1 0.428125 0.121875 0.021875 0.0296875
1 0.4890625 0.12109375 0.0234375 0.0265625
1 0.46015625 0.11875 0.0203125 0.021875
1 0.61953125 0.2171875 0.0515625 0.04375
1 0.575 0.1984375 0.0453125 0.0359375
1 0.6265625 0.296875 0.0671875 0.0796875