1 0.72421875 0.2234375 0.115625 0.090625
1 0.43671875 0.3890625 0.1140625 0.134375
1 0.59375 0.5015625 0.159375 0.178125
1 0.825 0.665625 0.284375 0.3359375
1 0.965625 0.63125 0.0671875 0.1515625
1 0.80859375 0.38203125 0.1640625 0.1171875
1 0.61171875 0.18984375 0.0875 0.075
1 0.63203125 0.30546875 0.125 0.1078125
1 0.3609375 0.325 0.078125 0.1015625
1 0.925 0.28828125 0.1484375 0.146875
1 0.65078125 0.421875 0.16875 0.1484375
1 0.72578125 0.09921875 0.0421875 0.0359375
1 0.61640625 0.0703125 0.034375 0.0296875
1 0.95234375 0.46640625 0.09375 0.175
1 0.52109375 0.25 0.0796875 0.1046875
1 0.88359375 0.146875 0.0703125 0.071875
1 0.83671875 0.49296875 0.1796875 0.21875
1 0.51953125 0.1984375 0.0640625 0.075
1 0.2984375 0.26953125 0.075 0.1015625
0 0.39921875 0.22890625 0.1875 0.20625