1 0.47421875 0.18203125 0.053125 0.0796875
1 0.5921875 0.2359375 0.0578125 0.0953125
1 0.55703125 0.10078125 0.0359375 0.0546875
1 0.3203125 0.190625 0.0578125 0.0890625
1 0.21328125 0.34921875 0.1125 0.16875
1 0.62109375 0.09296875 0.034375 0.0515625
1 0.98359375 0.10859375 0.03125 0.046875
1 0.6953125 0.821875 0.203125 0.3515625
1 0.4109375 0.0796875 0.034375 0.0453125
1 0.52265625 0.02890625 0.025 0.03125
1 0.75234375 0.05859375 0.034375 0.04375
1 0.72109375 0.03359375 0.028125 0.034375
1 0.54765625 0.0203125 0.0203125 0.0296875
1 0.38125 0.071875 0.03125 0.04375
1 0.48984375 0.0546875 0.025 0.0359375
1 0.459375 0.08125 0.0421875 0.0640625
1 0.5640625 0.01015625 0.01875 0.0203125
1 0.43203125 0.04375 0.01875 0.03125
3 0.77265625 0.334375 0.21875 0.3984375
0 0.19375 0.20703125 0.1984375 0.2640625
0 0.91640625 0.4953125 0.165625 0.54375
0 0.71640625 0.10625 0.134375 0.1578125
0 0.3078125 0.0890625 0.09375 0.1265625
0 0.36953125 0.0375 0.0546875 0.065625