1 0.67578125 0.31484375 0.15625 0.11875
1 0.628125 0.08671875 0.0859375 0.0375
1 0.91171875 0.365625 0.175 0.146875
1 0.8578125 0.04921875 0.096875 0.0546875
1 0.9671875 0.6109375 0.0640625 0.175
1 0.878125 0.2046875 0.0875 0.0875
1 0.16875 0.3796875 0.090625 0.1078125
1 0.95078125 0.2953125 0.096875 0.0953125
1 0.09765625 0.33671875 0.08125 0.09375
1 0.96328125 0.1796875 0.071875 0.078125
1 0.48515625 0.12421875 0.0703125 0.0375
1 0.975 0.209375 0.0484375 0.08125
1 0.86328125 0.15 0.0703125 0.0640625
1 0.28203125 0.23125 0.0703125 0.0703125
3 0.28671875 0.38125 0.18125 0.2453125
0 0.684375 0.21015625 0.328125 0.228125
0 0.45234375 0.228125 0.2703125 0.19375
0 0.67109375 0.5734375 0.59375 0.528125
0 0.14765625 0.26328125 0.178125 0.165625
0 0.03515625 0.2796875 0.0703125 0.153125
0 0.23515625 0.0984375 0.125 0.0640625
0 0.38828125 0.340625 0.1 0.1046875
0 0.33828125 0.165625 0.196875 0.1359375
0 0.74609375 0.0359375 0.08125 0.065625
0 0.165625 0.1515625 0.1609375 0.096875