1 0.75859375 0.23984375 0.04375 0.0578125
1 0.66015625 0.171875 0.034375 0.040625
1 0.96796875 0.36953125 0.0609375 0.0953125
1 0.80234375 0.275 0.046875 0.0640625
1 0.63671875 0.41796875 0.0890625 0.1015625
1 0.89765625 0.2296875 0.0390625 0.0546875
1 0.86484375 0.3515625 0.059375 0.0890625
1 0.55078125 0.25859375 0.05625 0.065625
1 0.69765625 0.49296875 0.0984375 0.1453125
1 0.74609375 0.14140625 0.03125 0.0359375
1 0.01328125 0.60078125 0.0265625 0.090625
1 0.3921875 0.3203125 0.071875 0.0703125
1 0.84453125 0.1265625 0.025 0.03125
1 0.52421875 0.22890625 0.046875 0.071875
1 0.76484375 0.0765625 0.015625 0.0203125
1 0.86875 0.159375 0.0296875 0.0375
1 0.97421875 0.24453125 0.0390625 0.0671875
1 0.840625 0.04375 0.0109375 0.0140625
1 0.05546875 0.4859375 0.1109375 0.14375
1 0.96484375 0.0640625 0.0140625 0.0203125
1 0.796875 0.08203125 0.015625 0.025
1 0.81328125 0.08828125 0.01875 0.025
1 0.93125 0.08984375 0.0171875 0.025
0 0.03515625 0.07421875 0.0703125 0.0765625