1 0.39453125 0.8765625 0.2421875 0.228125
1 0.8453125 0.89375 0.30625 0.209375
1 0.0953125 0.8796875 0.190625 0.221875
1 0.5625 0.10703125 0.084375 0.0640625
1 0.6671875 0.121875 0.0890625 0.078125
1 0.52109375 0.16484375 0.0984375 0.0703125
1 0.2640625 0.15078125 0.0875 0.0609375
1 0.73671875 0.1765625 0.10625 0.0765625
1 0.09765625 0.16640625 0.0859375 0.0640625
1 0.4625 0.08671875 0.071875 0.059375
1 0.87265625 0.209375 0.125 0.0890625
1 0.94765625 0.18984375 0.103125 0.0875
1 0.80390625 0.15546875 0.096875 0.0703125
1 0.47734375 0.228125 0.121875 0.0890625
1 0.27265625 0.11484375 0.078125 0.0484375
1 0.3921875 0.0703125 0.05625 0.05625
1 0.95 0.053125 0.05625 0.05
1 0.17734375 0.04609375 0.0328125 0.0453125
1 0.06484375 0.08359375 0.08125 0.05625
1 0.478125 0.290625 0.115625 0.0703125
1 0.34921875 0.05390625 0.0390625 0.0484375
1 0.98671875 0.02421875 0.025 0.0484375
1 0.92421875 0.01484375 0.04375 0.0296875
1 0.07578125 0.13671875 0.0734375 0.0515625
1 0.09296875 0.11015625 0.0734375 0.04375
1 0.26875 0.02109375 0.0359375 0.0390625
1 0.99140625 0.24453125 0.015625 0.0484375
1 0.99140625 0.35703125 0.015625 0.059375
2 0.06640625 0.57890625 0.0703125 0.0859375
2 0.36484375 0.11484375 0.0453125 0.0453125
3 0.59765625 0.5890625 0.2875 0.265625