1 0.25078125 0.41328125 0.146875 0.0890625
1 0.91875 0.88515625 0.1609375 0.2265625
1 0.771875 0.9046875 0.1671875 0.1875
1 0.32265625 0.3546875 0.1140625 0.071875
1 0.12578125 0.375 0.1140625 0.0765625
1 0.63046875 0.2109375 0.025 0.034375
1 0.6359375 0.28515625 0.0546875 0.075
1 0.67734375 0.26171875 0.034375 0.046875
1 0.12890625 0.303125 0.0609375 0.0609375
2 0.25234375 0.6140625 0.0515625 0.071875
2 0.81640625 0.63203125 0.078125 0.1015625
2 0.67109375 0.44296875 0.040625 0.0640625
0 0.41640625 0.16875 0.0453125 0.0640625