1 0.684375 0.3109375 0.1328125 0.0953125
1 0.35 0.13203125 0.08125 0.05
1 0.578125 0.13359375 0.0875 0.05625
1 0.93046875 0.1546875 0.0859375 0.065625
1 0.05703125 0.18984375 0.090625 0.065625
1 0.13671875 0.20546875 0.1 0.0703125
1 0.81015625 0.1359375 0.090625 0.053125
1 0.97578125 0.16484375 0.046875 0.078125
1 0.17890625 0.17421875 0.0875 0.0671875
1 0.7765625 0.11640625 0.075 0.0484375
1 0.9796875 0.29296875 0.0390625 0.0859375
1 0.8328125 0.059375 0.021875 0.034375
1 0.6 0.26171875 0.040625 0.0609375
1 0.00859375 0.221875 0.0171875 0.0453125
1 0.00703125 0.30546875 0.0140625 0.078125
2 0.25703125 0.56953125 0.0765625 0.0828125
2 0.440625 0.940625 0.115625 0.115625
3 0.59296875 0.62109375 0.2890625 0.2609375
0 0.92890625 0.08125 0.140625 0.1078125
0 0.58515625 0.0765625 0.19375 0.1015625
0 0.22265625 0.0953125 0.1984375 0.1140625
0 0.375 0.3484375 0.453125 0.3046875