1 0.16640625 0.90703125 0.29375 0.18125
1 0.89921875 0.909375 0.2 0.178125
1 0.59609375 0.9046875 0.3046875 0.1875
1 0.5828125 0.19140625 0.084375 0.065625
1 0.940625 0.38125 0.1171875 0.11875
1 0.1390625 0.23203125 0.0875 0.065625
1 0.97890625 0.159375 0.040625 0.0515625
1 0.4515625 0.31171875 0.10625 0.0859375
1 0.68828125 0.20859375 0.10625 0.065625
1 0.334375 0.2359375 0.0875 0.06875
1 0.25078125 0.259375 0.0953125 0.0703125
1 0.97421875 0.30703125 0.05 0.0453125
1 0.11640625 0.13359375 0.059375 0.0453125
1 0.96953125 0.27890625 0.059375 0.0609375
1 0.97734375 0.11484375 0.04375 0.040625
1 0.49140625 0.2703125 0.10625 0.0859375
1 0.51875 0.23671875 0.096875 0.075
1 0.38671875 0.21484375 0.071875 0.0640625
2 0.18203125 0.28671875 0.040625 0.0484375
2 0.13984375 0.1734375 0.025 0.0359375
3 0.58984375 0.66484375 0.2875 0.2625
3 0.72265625 0.271875 0.1609375 0.1265625
0 0.0375 0.25703125 0.075 0.19375
0 0.36640625 0.03359375 0.05625 0.0671875
0 0.83828125 0.2515625 0.1375 0.15625