1 0.66171875 0.5796875 0.065625 0.1
1 0.9734375 0.4359375 0.0515625 0.046875
1 0.86484375 0.60859375 0.146875 0.1171875
1 0.64609375 0.98359375 0.103125 0.0296875
1 0.19296875 0.61953125 0.0875 0.1015625
1 0.6796875 0.46796875 0.04375 0.0578125
1 0.35625 0.55390625 0.05 0.078125
1 0.93828125 0.59296875 0.103125 0.096875
1 0.10234375 0.625 0.0734375 0.109375
1 0.15390625 0.56484375 0.0625 0.0703125
1 0.4765625 0.4546875 0.0703125 0.04375
1 0.0296875 0.503125 0.040625 0.0578125
1 0.8734375 0.41484375 0.08125 0.040625
1 0.27578125 0.49296875 0.0796875 0.05625
1 0.84921875 0.43828125 0.0890625 0.04375
2 0.28046875 0.5859375 0.03125 0.0796875
0 0.4984375 0.5953125 0.1296875 0.2546875
0 0.55859375 0.51015625 0.096875 0.16875
0 0.690625 0.37890625 0.0515625 0.071875