1 0.91015625 0.884375 0.178125 0.228125
1 0.31328125 0.87109375 0.265625 0.2546875
1 0.76484375 0.49375 0.1671875 0.13125
1 0.3265625 0.3046875 0.103125 0.084375
1 0.05234375 0.47890625 0.1046875 0.15
1 0.084375 0.39375 0.1046875 0.10625
1 0.23203125 0.2953125 0.078125 0.05
1 0.2078125 0.24296875 0.06875 0.0515625
1 0.06484375 0.23046875 0.09375 0.0578125
1 0.09296875 0.23203125 0.0375 0.0546875
1 0.10078125 0.86953125 0.2015625 0.2578125
1 0.00234375 0.18828125 0.0046875 0.0390625
0 0.55625 0.31796875 0.13125 0.1203125