1 0.31015625 0.75078125 0.19375 0.1796875
1 0.26640625 0.26796875 0.090625 0.071875
1 0.09140625 0.34375 0.103125 0.0875
1 0.66015625 0.771875 0.24375 0.2
1 0.88359375 0.9390625 0.23125 0.11875
1 0.5578125 0.19375 0.075 0.0609375
1 0.71484375 0.53203125 0.084375 0.1609375
1 0.83046875 0.18828125 0.05625 0.05625
1 0.97421875 0.4609375 0.05 0.0515625
1 0.16171875 0.1890625 0.053125 0.0484375
1 0.43046875 0.18515625 0.0703125 0.0453125
1 0.77421875 0.2390625 0.046875 0.075
1 0.73984375 0.29140625 0.0625 0.0984375
1 0.7046875 0.3984375 0.071875 0.11875
1 0.74765625 0.05546875 0.01875 0.021875
1 0.65234375 0.128125 0.04375 0.0453125
1 0.72265625 0.07578125 0.025 0.034375
1 0.38671875 0.178125 0.046875 0.0453125
1 0.92421875 0.1609375 0.0765625 0.0484375
1 0.2140625 0.16328125 0.046875 0.0328125
1 0.909375 0.10390625 0.0671875 0.0453125
1 0.87109375 0.628125 0.1625 0.221875
1 0.57265625 0.146875 0.053125 0.0359375
1 0.6671875 0.253125 0.075 0.1140625
1 0.7859375 0.15625 0.06875 0.046875
1 0.11875 0.2546875 0.075 0.0546875
1 0.5140625 0.1484375 0.0578125 0.0484375
1 0.26953125 0.31171875 0.084375 0.0578125
1 0.99453125 0.703125 0.009375 0.071875
2 0.709375 0.140625 0.01875 0.0296875
3 0.95859375 0.37890625 0.08125 0.46875