1 0.15703125 0.66015625 0.115625 0.2015625
1 0.11484375 0.41171875 0.05625 0.09375
1 0.19609375 0.41328125 0.0640625 0.09375
1 0.20546875 0.32890625 0.0640625 0.0609375
1 0.65859375 0.3734375 0.075 0.06875
1 0.9125 0.55703125 0.14375 0.121875
1 0.603125 0.3 0.046875 0.0484375
1 0.96796875 0.5390625 0.0625 0.1078125
1 0.66875 0.3359375 0.059375 0.0546875
1 0.85390625 0.28515625 0.0515625 0.0453125
1 0.53203125 0.290625 0.028125 0.0328125
1 0.30546875 0.296875 0.034375 0.0546875
1 0.28203125 0.32421875 0.0203125 0.0640625
2 0.05078125 0.4 0.046875 0.059375
2 0.79453125 0.35078125 0.015625 0.0359375
2 0.08671875 0.33828125 0.025 0.0390625
0 0.45 0.70625 0.2546875 0.584375
0 0.3734375 0.34453125 0.121875 0.1625
0 0.43203125 0.31015625 0.121875 0.2046875
0 0.41484375 0.259375 0.0890625 0.103125