1 0.61640625 0.078125 0.0703125 0.0484375
1 0.67421875 0.31328125 0.15625 0.11875
1 0.859375 0.0484375 0.0921875 0.0515625
1 0.8765625 0.2015625 0.0890625 0.0890625
1 0.09609375 0.33359375 0.08125 0.09375
1 0.85234375 0.39921875 0.2 0.1140625
1 0.16796875 0.3765625 0.090625 0.10625
1 0.91328125 0.3640625 0.171875 0.146875
1 0.95 0.29375 0.0984375 0.0953125
1 0.9625 0.61171875 0.0734375 0.171875
1 0.4140625 0.0515625 0.046875 0.0375
1 0.39140625 0.28203125 0.109375 0.071875
1 0.8140625 0.1046875 0.075 0.0359375
1 0.33203125 0.0765625 0.04375 0.0390625
1 0.9625 0.1796875 0.0734375 0.075
1 0.4859375 0.1203125 0.065625 0.034375
1 0.28046875 0.22890625 0.0703125 0.071875
1 0.97421875 0.209375 0.05 0.08125
3 0.2859375 0.378125 0.18125 0.2453125
0 0.66953125 0.5703125 0.5953125 0.5296875
0 0.68359375 0.20703125 0.328125 0.2265625
0 0.4515625 0.22421875 0.2703125 0.19375
0 0.146875 0.26015625 0.178125 0.1640625
0 0.0359375 0.278125 0.071875 0.1515625
0 0.340625 0.1640625 0.203125 0.1359375
0 0.1875 0.1484375 0.115625 0.096875
0 0.23359375 0.09453125 0.125 0.0640625
0 0.38671875 0.334375 0.1015625 0.0984375