1 0.71640625 0.36015625 0.0953125 0.065625
1 0.21640625 0.33125 0.0921875 0.0546875
1 0.0734375 0.3453125 0.1 0.0640625
1 0.50234375 0.33203125 0.096875 0.0578125
1 0.31328125 0.31171875 0.084375 0.0609375
1 0.01640625 0.321875 0.0328125 0.0546875
1 0.465625 0.31640625 0.0734375 0.05625
1 0.74296875 0.29375 0.034375 0.0390625
1 0.8296875 0.2546875 0.0453125 0.0359375
1 0.18203125 0.31640625 0.0546875 0.0484375
1 0.94296875 0.4546875 0.1125 0.1359375
0 0.021875 0.51796875 0.04375 0.228125
1 0.796875 0.275 0.046875 0.06875
1 0.72421875 0.2359375 0.0203125 0.040625