1 0.68203125 0.3140625 0.15625 0.1203125
1 0.9125 0.36015625 0.1734375 0.146875
1 0.86171875 0.04453125 0.0890625 0.0515625
1 0.0984375 0.34140625 0.08125 0.09375
1 0.87890625 0.2 0.0890625 0.0890625
1 0.175 0.384375 0.1 0.10625
1 0.28203125 0.234375 0.071875 0.071875
1 0.42734375 0.08359375 0.05625 0.0453125
1 0.95390625 0.2890625 0.090625 0.096875
1 0.96328125 0.17578125 0.071875 0.075
1 0.97578125 0.20546875 0.046875 0.08125
1 0.86328125 0.1453125 0.071875 0.065625
1 0.41015625 0.3640625 0.0921875 0.14375
2 0.19140625 0.73828125 0.0640625 0.109375
3 0.31796875 0.39453125 0.196875 0.2515625
0 0.68515625 0.20625 0.328125 0.225
0 0.734375 0.61171875 0.5296875 0.55
0 0.4546875 0.228125 0.2703125 0.19375
0 0.15078125 0.26796875 0.18125 0.16875
0 0.03671875 0.28828125 0.0734375 0.1546875
0 0.34375 0.16953125 0.20625 0.1359375
0 0.23515625 0.10078125 0.1265625 0.0609375
0 0.16796875 0.1765625 0.165625 0.1390625