1 0.0609375 0.77578125 0.121875 0.1640625
1 0.36015625 0.7359375 0.2234375 0.171875
1 0.94140625 0.878125 0.115625 0.2
1 0.70703125 0.5015625 0.071875 0.1484375
1 0.51796875 0.91171875 0.26875 0.171875
1 0.40234375 0.23984375 0.08125 0.06875
1 0.72734375 0.34296875 0.0703125 0.1
1 0.521875 0.19375 0.075 0.05625
1 0.89765625 0.10546875 0.0484375 0.0375
1 0.2640625 0.228125 0.071875 0.0484375
1 0.97421875 0.4046875 0.05 0.0796875
1 0.1609375 0.18984375 0.053125 0.046875
1 0.75703125 0.1546875 0.0703125 0.0546875
1 0.71953125 0.08671875 0.021875 0.0296875
1 0.86328125 0.175 0.071875 0.0546875
1 0.7671875 0.25078125 0.05625 0.084375
1 0.79453125 0.20703125 0.0421875 0.0640625
1 0.296875 0.203125 0.059375 0.04375
1 0.66796875 0.2515625 0.075 0.11875
1 0.43203125 0.1859375 0.06875 0.04375
1 0.21484375 0.16484375 0.05 0.0328125
1 0.928125 0.1484375 0.06875 0.0453125
1 0.87109375 0.628125 0.1625 0.221875
1 0.67890625 0.11015625 0.0390625 0.04375
1 0.990625 0.69296875 0.0171875 0.10625
1 0.00859375 0.28515625 0.0171875 0.0375