1 0.89453125 0.31328125 0.134375 0.09375
1 0.0984375 0.90390625 0.196875 0.1890625
1 0.684375 0.11328125 0.0828125 0.0515625
1 0.45546875 0.13125 0.0953125 0.05625
1 0.8859375 0.134375 0.0875 0.0546875
1 0.54609375 0.30625 0.125 0.09375
1 0.03828125 0.18828125 0.0765625 0.0640625
1 0.38046875 0.22421875 0.1015625 0.040625
1 0.13828125 0.203125 0.0984375 0.06875
1 0.9859375 0.165625 0.0265625 0.065625
1 0.97890625 0.1234375 0.040625 0.05
1 0.1078125 0.1484375 0.0875 0.0671875
1 0.2015625 0.1203125 0.08125 0.0375
1 0.18046875 0.171875 0.0875 0.0671875
1 0.93203125 0.0234375 0.04375 0.028125
2 0.44453125 0.078125 0.0296875 0.0296875
2 0.290625 0.5484375 0.1296875 0.115625
2 0.2171875 0.078125 0.015625 0.040625
2 0.81171875 0.06640625 0.0234375 0.0265625
2 0.32734375 0.06484375 0.01875 0.0265625
3 0.59375 0.61953125 0.290625 0.265625
0 0.2484375 0.35625 0.496875 0.2546875
0 0.90859375 0.08046875 0.18125 0.0984375