1 0.22734375 0.26875 0.1171875 0.078125
1 0.75625 0.30546875 0.1296875 0.096875
1 0.49609375 0.3203125 0.1296875 0.096875
1 0.67109375 0.11875 0.090625 0.0640625
1 0.90390625 0.165625 0.09375 0.065625
1 0.97421875 0.175 0.05 0.0765625
1 0.13515625 0.20625 0.1 0.06875
1 0.178125 0.17578125 0.0875 0.0671875
1 0.465625 0.2546875 0.11875 0.0875
1 0.05625 0.19140625 0.0921875 0.065625
1 0.9453125 0.31171875 0.05 0.09375
1 0.06171875 0.13828125 0.0671875 0.046875
1 0.9421875 0.015625 0.040625 0.03125
1 0.021875 0.16484375 0.04375 0.0484375
1 0.0078125 0.22421875 0.015625 0.0453125
2 0.56015625 0.0796875 0.0265625 0.0296875
2 0.846875 0.61171875 0.0875 0.090625
3 0.590625 0.6265625 0.2890625 0.265625
0 0.88671875 0.1015625 0.225 0.1109375
0 0.97578125 0.33984375 0.046875 0.1984375
0 0.253125 0.034375 0.0859375 0.06875