1 0.83515625 0.60546875 0.153125 0.240625
1 0.890625 0.24140625 0.071875 0.090625
1 0.01640625 0.73125 0.0328125 0.1640625
1 0.62578125 0.24453125 0.0625 0.1046875
1 0.71796875 0.93203125 0.184375 0.13125
1 0.68203125 0.1734375 0.05 0.084375
1 0.959375 0.18671875 0.0609375 0.078125
1 0.609375 0.51640625 0.10625 0.2546875
1 0.04375 0.49609375 0.0875 0.1703125
1 0.65234375 0.078125 0.03125 0.0484375
1 0.80234375 0.103125 0.046875 0.05625
1 0.85234375 0.134375 0.053125 0.065625
1 0.5875 0.3765625 0.090625 0.1421875
1 0.60546875 0.11640625 0.0390625 0.0625
1 0.14140625 0.365625 0.096875 0.125
1 0.09296875 0.4265625 0.090625 0.1390625
1 0.75390625 0.1203125 0.046875 0.059375
1 0.19140625 0.31328125 0.084375 0.1109375
1 0.99140625 0.31796875 0.015625 0.071875
0 0.53671875 0.1296875 0.06875 0.1546875
1 0.23359375 0.2671875 0.0734375 0.1
1 0.2578125 0.23046875 0.05625 0.0828125
1 0.26171875 0.19296875 0.0703125 0.0390625
1 0.359375 0.18203125 0.09375 0.0671875
1 0.6015625 0.0765625 0.03125 0.04375
1 0.7515625 0.06953125 0.034375 0.0421875
1 0.85859375 0.08125 0.0328125 0.04375
1 0.78515625 0.03203125 0.0390625 0.0453125
1 0.73671875 0.04375 0.03125 0.0390625
1 0.725 0.028125 0.025 0.034375
1 0.59375 0.0484375 0.021875 0.04375