1 0.965625 0.375 0.0671875 0.1015625
1 0.43671875 0.3453125 0.1 0.109375
1 0.0703125 0.14921875 0.084375 0.0578125
1 0.31796875 0.215625 0.0875 0.071875
1 0.29609375 0.25859375 0.08125 0.0875
1 0.57265625 0.534375 0.1359375 0.184375
1 0.72265625 0.76796875 0.19375 0.309375
1 0.42890625 0.121875 0.04375 0.059375
1 0.490625 0.015625 0.0234375 0.03125
1 0.74140625 0.20078125 0.08125 0.0609375
1 0.5828125 0.1109375 0.0390625 0.05625
1 0.78203125 0.00859375 0.0203125 0.0171875
1 0.68515625 0.1609375 0.05625 0.0640625
1 0.62734375 0.1515625 0.046875 0.0375
2 0.1390625 0.3953125 0.05625 0.084375
2 0.22265625 0.1484375 0.025 0.0453125
2 0.7578125 0.0140625 0.015625 0.028125
2 0.315625 0.16328125 0.0234375 0.0375
2 0.3578125 0.1203125 0.015625 0.034375
2 0.9609375 0.08671875 0.0390625 0.0453125
2 0.53515625 0.23203125 0.0203125 0.0546875
2 0.43046875 0.19453125 0.015625 0.0453125
2 0.5109375 0.084375 0.0125 0.0359375
3 0.85859375 0.58359375 0.28125 0.4484375
0 0.6875 0.29375 0.303125 0.265625
1 0.646875 0.125 0.05 0.0546875
1 0.62734375 0.10234375 0.0328125 0.0484375
1 0.61796875 0.06796875 0.03125 0.0375
1 0.57421875 0.07578125 0.0296875 0.040625
1 0.565625 0.0421875 0.021875 0.03125
1 0.60703125 0.04453125 0.0234375 0.0390625
1 0.59765625 0.0203125 0.0203125 0.03125
1 0.56484375 0.02265625 0.028125 0.03125