1 0.78359375 0.8765625 0.146875 0.24375
1 0.90390625 0.25703125 0.0375 0.0515625
1 0.79765625 0.234375 0.034375 0.046875
1 0.71171875 0.3515625 0.059375 0.075
1 0.96796875 0.9046875 0.0625 0.1875
1 0.68828125 0.16875 0.0234375 0.0328125
1 0.85546875 0.18359375 0.028125 0.0375
1 0.78984375 0.3453125 0.0484375 0.0796875
1 0.6234375 0.24375 0.04375 0.05
1 0.92890625 0.13828125 0.0203125 0.028125
1 0.49609375 0.25078125 0.053125 0.05
1 0.80390625 0.13515625 0.01875 0.0265625
1 0.640625 0.178125 0.025 0.0296875
1 0.89375 0.14453125 0.01875 0.0296875
1 0.62578125 0.20625 0.0375 0.04375
1 0.79140625 0.11484375 0.015625 0.021875
1 0.76484375 0.146875 0.0203125 0.028125
1 0.50859375 0.28828125 0.0828125 0.09375
1 0.75234375 0.17578125 0.028125 0.0375
1 0.96171875 0.1140625 0.0140625 0.025
1 0.72890625 0.16953125 0.025 0.03125
0 0.1125 0.53984375 0.225 0.371875
0 0.03359375 0.08828125 0.0671875 0.0734375
0 0.40234375 0.0390625 0.1015625 0.059375
1 0.0859375 0.11171875 0.0703125 0.0421875
1 0.4734375 0.37890625 0.09375 0.1203125