1 0.9125 0.36796875 0.1734375 0.15
1 0.51484375 0.06953125 0.0671875 0.04375
1 0.87890625 0.20546875 0.0890625 0.0890625
1 0.0984375 0.33125 0.08125 0.09375
1 0.16953125 0.37578125 0.090625 0.1078125
1 0.69296875 0.34921875 0.1609375 0.090625
1 0.90390625 0.1265625 0.103125 0.0609375
1 0.67734375 0.30078125 0.15625 0.0953125
1 0.54375 0.08515625 0.06875 0.0453125
1 0.84375 0.08125 0.09375 0.05625
1 0.9515625 0.29609375 0.0953125 0.09375
1 0.9640625 0.18359375 0.0703125 0.078125
1 0.33671875 0.05 0.01875 0.0265625
1 0.37734375 0.2734375 0.10625 0.06875
1 0.28359375 0.228125 0.0703125 0.0703125
1 0.39765625 0.08828125 0.059375 0.0453125
1 0.86484375 0.0484375 0.090625 0.0484375
1 0.97578125 0.21171875 0.046875 0.0796875
1 0.9796875 0.61328125 0.0390625 0.1703125
1 0.69765625 0.08515625 0.0828125 0.0375
3 0.28828125 0.38046875 0.18125 0.2390625
0 0.68671875 0.20859375 0.328125 0.23125
0 0.671875 0.571875 0.59375 0.534375
0 0.45390625 0.22578125 0.26875 0.19375
0 0.15078125 0.26015625 0.1765625 0.1640625
0 0.03671875 0.27890625 0.0734375 0.15
0 0.34140625 0.16328125 0.2 0.134375
0 0.1671875 0.1484375 0.1640625 0.1
0 0.23671875 0.09453125 0.125 0.0671875