1 0.97578125 0.6015625 0.046875 0.1671875
1 0.55078125 0.43203125 0.165625 0.15
1 0.54375 0.34375 0.13125 0.1171875
1 0.5890625 0.1734375 0.096875 0.06875
1 0.80859375 0.07890625 0.0921875 0.0609375
1 0.86875 0.19921875 0.128125 0.0875
1 0.28515625 0.34453125 0.078125 0.1046875
1 0.68359375 0.10625 0.096875 0.05
1 0.72109375 0.18359375 0.1125 0.078125
1 0.8296875 0.40703125 0.2203125 0.1890625
1 0.97578125 0.20625 0.046875 0.1015625
1 0.22265625 0.5296875 0.1296875 0.1921875
1 0.56484375 0.13046875 0.065625 0.05625
1 0.95859375 0.1734375 0.08125 0.0796875
1 0.2671875 0.265625 0.071875 0.0796875
1 0.2390625 0.14921875 0.0515625 0.05
1 0.865625 0.04375 0.071875 0.05
1 0.67578125 0.1453125 0.0875 0.071875
1 0.31171875 0.15390625 0.0625 0.0515625
1 0.81640625 0.1609375 0.1 0.0703125
0 0.440625 0.12890625 0.196875 0.13125
0 0.5140625 0.046875 0.159375 0.090625
0 0.2078125 0.06953125 0.0953125 0.065625
0 0.1515625 0.35078125 0.2328125 0.2140625