1 0.678125 0.31484375 0.15625 0.11875
1 0.92890625 0.12109375 0.103125 0.065625
1 0.91328125 0.3640625 0.171875 0.146875
1 0.86328125 0.0484375 0.0890625 0.0515625
1 0.8796875 0.2015625 0.0890625 0.0890625
1 0.09921875 0.340625 0.08125 0.09375
1 0.9640625 0.60859375 0.0703125 0.171875
1 0.17109375 0.384375 0.090625 0.10625
1 0.55390625 0.08515625 0.08125 0.059375
1 0.9515625 0.29140625 0.0953125 0.0953125
1 0.9640625 0.18046875 0.0703125 0.0765625
1 0.28359375 0.234375 0.071875 0.071875
1 0.48515625 0.128125 0.0671875 0.0375
1 0.97578125 0.20859375 0.046875 0.0796875
2 0.01328125 0.52734375 0.0265625 0.1109375
3 0.28984375 0.38515625 0.18125 0.2453125
0 0.67421875 0.5734375 0.596875 0.528125
0 0.68671875 0.209375 0.328125 0.2265625
0 0.45390625 0.22890625 0.271875 0.190625
0 0.03671875 0.28671875 0.0734375 0.1515625
0 0.34140625 0.16953125 0.2 0.1359375
0 0.18828125 0.15625 0.11875 0.0984375
0 0.23671875 0.10078125 0.125 0.0609375
0 0.390625 0.33828125 0.103125 0.09375
0 0.15 0.26796875 0.178125 0.16875