1 0.76796875 0.36328125 0.11875 0.09375
1 0.1 0.21796875 0.0375 0.046875
1 0.35078125 0.36484375 0.090625 0.115625
1 0.64921875 0.5453125 0.190625 0.190625
1 0.39921875 0.26015625 0.06875 0.0609375
1 0.74140625 0.278125 0.0890625 0.0546875
1 0.93203125 0.32890625 0.096875 0.071875
1 0.46640625 0.21328125 0.05 0.040625
1 0.15 0.18359375 0.0234375 0.0265625
1 0.5578125 0.23125 0.0515625 0.0515625
1 0.390625 0.2859375 0.06875 0.0546875
1 0.81953125 0.3 0.0859375 0.0671875
1 0.1046875 0.171875 0.021875 0.0265625