1 0.634375 0.58046875 0.1484375 0.1578125
1 0.37109375 0.340625 0.046875 0.09375
1 0.346875 0.55703125 0.096875 0.184375
1 0.43046875 0.48984375 0.0875 0.13125
1 0.45703125 0.365625 0.059375 0.109375
1 0.2921875 0.4015625 0.0578125 0.1375
1 0.97734375 0.52578125 0.04375 0.059375
1 0.3203125 0.28515625 0.0453125 0.0703125
1 0.4234375 0.2453125 0.0390625 0.065625
1 0.35078125 0.21171875 0.0296875 0.05
1 0.97421875 0.171875 0.05 0.040625
1 0.74609375 0.09296875 0.0234375 0.0265625
1 0.18828125 0.25703125 0.05625 0.0484375
1 0.66953125 0.28125 0.075 0.11875
1 0.2046875 0.2765625 0.065625 0.0578125
1 0.2828125 0.209375 0.040625 0.0453125
1 0.30703125 0.24140625 0.0375 0.0609375
1 0.40234375 0.196875 0.028125 0.04375
1 0.478125 0.1890625 0.034375 0.05625
1 0.9625 0.45 0.028125 0.059375
1 0.215625 0.13671875 0.0296875 0.0265625
1 0.00546875 0.26171875 0.0109375 0.0390625
0 0.07890625 0.48984375 0.1578125 0.3390625
0 0.0453125 0.33359375 0.090625 0.1375
0 0.38671875 0.134375 0.065625 0.0875