1 0.12109375 0.7796875 0.140625 0.296875
1 0.896875 0.74296875 0.2 0.2484375
1 0.56953125 0.2640625 0.046875 0.05
1 0.37265625 0.4609375 0.075 0.1265625
1 0.68515625 0.89609375 0.221875 0.2046875
1 0.44921875 0.40078125 0.075 0.1015625
1 0.75859375 0.37890625 0.0875 0.084375
1 0.16640625 0.3265625 0.046875 0.0765625
1 0.4859375 0.33828125 0.065625 0.0765625
1 0.62890625 0.33828125 0.06875 0.06875
1 0.20703125 0.4765625 0.071875 0.128125
1 0.51171875 0.25703125 0.040625 0.034375
1 0.5609375 0.6265625 0.121875 0.1984375
1 0.31484375 0.28203125 0.04375 0.06875
1 0.6671875 0.3140625 0.0578125 0.05625
1 0.1671875 0.253125 0.040625 0.0609375
1 0.8796875 0.478125 0.140625 0.1453125
1 0.39140625 0.3203125 0.053125 0.078125
1 0.85546875 0.2515625 0.0453125 0.0453125
1 0.23359375 0.3015625 0.034375 0.0625
1 0.21875 0.36171875 0.05 0.109375
2 0.08671875 0.29921875 0.025 0.046875
0 0.90859375 0.3859375 0.18125 0.228125
0 0.66328125 0.24609375 0.109375 0.11875