1 0.9640625 0.2796875 0.0703125 0.0890625
1 0.73359375 0.3203125 0.11875 0.09375
1 0.35390625 0.39140625 0.134375 0.125
1 0.51171875 0.4015625 0.1515625 0.1265625
1 0.1515625 0.52578125 0.190625 0.1671875
1 0.78984375 0.24453125 0.0828125 0.08125
1 0.57109375 0.1265625 0.078125 0.04375
1 0.08671875 0.21796875 0.1 0.065625
1 0.24140625 0.18828125 0.084375 0.053125
1 0.13046875 0.45625 0.1578125 0.1359375
1 0.190625 0.21484375 0.0984375 0.0640625
1 0.92890625 0.1296875 0.0421875 0.0484375
1 0.02734375 0.20703125 0.0546875 0.0515625
1 0.37578125 0.16640625 0.08125 0.040625
1 0.88359375 0.08515625 0.034375 0.034375
1 0.19296875 0.265625 0.0828125 0.084375
1 0.6296875 0.128125 0.04375 0.0296875
1 0.32109375 0.2015625 0.0625 0.05625
1 0.49375 0.14609375 0.06875 0.0328125
1 0.89375 0.02109375 0.025 0.0359375
1 0.090625 0.125 0.040625 0.0359375
1 0.053125 0.35703125 0.05625 0.075
3 0.5859375 0.6515625 0.284375 0.265625
0 0.46875 0.246875 0.296875 0.2140625
0 0.76796875 0.17109375 0.284375 0.1578125
0 0.96953125 0.13125 0.059375 0.1109375
0 0.94296875 0.059375 0.0828125 0.1
0 0.253125 0.04921875 0.090625 0.0953125