1 0.63515625 0.48125 0.1578125 0.1109375
1 0.471875 0.303125 0.0875 0.0546875
1 0.93515625 0.3359375 0.0953125 0.0578125
1 0.05390625 0.4140625 0.1078125 0.0984375
1 0.31328125 0.3 0.0859375 0.0625
1 0.1890625 0.31953125 0.09375 0.0578125
1 0.01484375 0.3109375 0.0296875 0.05625
1 0.825 0.23671875 0.0546875 0.0375
1 0.18828125 0.29453125 0.06875 0.0375
1 0.7171875 0.221875 0.015625 0.034375
0 0.0234375 0.509375 0.04375 0.2375
1 0.753125 0.284375 0.059375 0.046875
1 0.06953125 0.31640625 0.078125 0.0515625
1 0.7953125 0.2140625 0.0515625 0.0390625
1 0.890625 0.23125 0.0546875 0.021875