1 0.47734375 0.3046875 0.0875 0.0546875
1 0.35625 0.3359375 0.0984375 0.06875
1 0.0796875 0.32109375 0.084375 0.0546875
1 0.19453125 0.3234375 0.0921875 0.0578125
1 0.83046875 0.23515625 0.0546875 0.0375
1 0.04296875 0.365625 0.0859375 0.0875
1 0.01796875 0.31328125 0.0359375 0.0484375
1 0.89609375 0.2296875 0.053125 0.021875
1 0.31796875 0.3015625 0.0859375 0.0625
1 0.72734375 0.2203125 0.025 0.0375
1 0.1953125 0.2984375 0.0703125 0.0375
1 0.7609375 0.284375 0.0625 0.04375
2 0.88515625 0.79609375 0.0828125 0.1046875