1 0.03359375 0.79609375 0.0671875 0.159375
1 0.7765625 0.73515625 0.2265625 0.2703125
1 0.2546875 0.62890625 0.2515625 0.1953125
1 0.7609375 0.384375 0.134375 0.13125
1 0.51875 0.93984375 0.28125 0.1171875
1 0.32421875 0.71953125 0.278125 0.23125
1 0.58515625 0.20703125 0.090625 0.0890625
1 0.453125 0.81015625 0.271875 0.271875
1 0.53828125 0.165625 0.0734375 0.06875
1 0.78203125 0.18046875 0.0796875 0.0796875
1 0.89375 0.16171875 0.059375 0.084375
1 0.6484375 0.1609375 0.0578125 0.0671875
1 0.63046875 0.1296875 0.0671875 0.0515625
1 0.765625 0.528125 0.203125 0.178125
1 0.7125 0.1296875 0.065625 0.05
1 0.7625 0.15859375 0.0734375 0.0765625
1 0.8703125 0.12734375 0.0671875 0.065625
1 0.92890625 0.10390625 0.040625 0.040625
1 0.96953125 0.1171875 0.059375 0.0796875
1 0.91015625 0.08515625 0.0359375 0.0390625
1 0.8734375 0.0765625 0.04375 0.028125
1 0.91796875 0.05546875 0.0390625 0.03125
1 0.95625 0.059375 0.04375 0.04375