1 0.4328125 0.78046875 0.23125 0.1953125
1 0.02265625 0.28046875 0.0453125 0.0515625
1 0.8390625 0.896875 0.3203125 0.2015625
1 0.16171875 0.18984375 0.053125 0.046875
1 0.05703125 0.36484375 0.1125 0.0859375
1 0.45 0.2234375 0.084375 0.0609375
1 0.71953125 0.54921875 0.090625 0.165625
1 0.8609375 0.17578125 0.0578125 0.0515625
1 0.79609375 0.23671875 0.046875 0.0671875
1 0.93359375 0.16171875 0.059375 0.05
1 0.696875 0.4265625 0.071875 0.125
1 0.71875 0.3296875 0.0671875 0.1078125
1 0.75546875 0.278125 0.053125 0.0859375
1 0.77890625 0.03203125 0.0171875 0.0234375
1 0.97421875 0.415625 0.05 0.0640625
1 0.46796875 0.15546875 0.065625 0.0515625
1 0.91640625 0.6546875 0.165625 0.2234375
1 0.8015625 0.1 0.0453125 0.034375
1 0.8203125 0.19921875 0.04375 0.0609375
1 0.665625 0.2515625 0.075 0.11875
1 0.72890625 0.07109375 0.0203125 0.028125
1 0.7296875 0.10859375 0.015625 0.0359375
1 0.97109375 0.38515625 0.040625 0.0515625
1 0.7546875 0.05546875 0.015625 0.021875
1 0.24453125 0.225 0.071875 0.05
0 0.62265625 0.07421875 0.075 0.09375