1 0.1046875 0.31640625 0.1 0.078125
1 0.4171875 0.68203125 0.2125 0.153125
1 0.0984375 0.25625 0.0875 0.0546875
1 0.9625 0.684375 0.0734375 0.125
1 0.76015625 0.68671875 0.2375 0.18125
1 0.125 0.66484375 0.215625 0.15625
1 0.16640625 0.18359375 0.0546875 0.0453125
1 0.7203125 0.51328125 0.09375 0.18125
1 0.80546875 0.11640625 0.0609375 0.0375
1 0.20546875 0.2234375 0.05625 0.05
1 0.26484375 0.2203125 0.075 0.0515625
1 0.52890625 0.16171875 0.059375 0.046875
1 0.70859375 0.165625 0.065625 0.05
1 0.2953125 0.19453125 0.065625 0.0453125
1 0.35078125 0.20078125 0.0734375 0.0546875
1 0.91484375 0.16875 0.08125 0.0484375
1 0.98515625 0.4984375 0.028125 0.0515625
1 0.71875 0.39140625 0.0734375 0.1140625
1 0.603125 0.121875 0.0484375 0.040625
1 0.72265625 0.13515625 0.059375 0.040625
1 0.63984375 0.11328125 0.04375 0.0375
1 0.6671875 0.86796875 0.6640625 0.2609375
1 0.89609375 0.83359375 0.20625 0.134375
1 0.2171875 0.159375 0.0453125 0.0328125
1 0.68359375 0.128125 0.05625 0.0375
1 0.74296875 0.06484375 0.015625 0.0265625
1 0.96484375 0.62578125 0.06875 0.0625
0 0.34296875 0.09375 0.1 0.065625
0 0.784375 0.0765625 0.075 0.06875
0 0.8765625 0.0890625 0.0828125 0.075