1 0.52109375 0.33515625 0.1203125 0.09375
1 0.24609375 0.9 0.29375 0.196875
1 0.68828125 0.2203125 0.10625 0.0859375
1 0.58125 0.19453125 0.0828125 0.0671875
1 0.02890625 0.221875 0.0578125 0.059375
1 0.984375 0.14921875 0.0296875 0.05
1 0.97265625 0.32421875 0.053125 0.075
1 0.596875 0.90078125 0.3046875 0.1953125
1 0.903125 0.09375 0.040625 0.0390625
1 0.96796875 0.28046875 0.0625 0.0609375
1 0.15234375 0.13125 0.01875 0.034375
1 0.96328125 0.09296875 0.0609375 0.0484375
2 0.33515625 0.2359375 0.03125 0.046875
3 0.58984375 0.66796875 0.2875 0.2609375
0 0.8359375 0.25390625 0.140625 0.15625
0 0.87109375 0.034375 0.065625 0.06875
0 0.3625 0.0359375 0.0546875 0.071875