1 0.59921875 0.08125 0.075 0.0453125
1 0.67734375 0.31484375 0.1578125 0.11875
1 0.8609375 0.046875 0.09375 0.0546875
1 0.9125 0.36328125 0.1734375 0.1453125
1 0.09921875 0.34140625 0.08125 0.09375
1 0.87890625 0.2015625 0.0890625 0.0890625
1 0.2828125 0.23515625 0.0703125 0.0703125
1 0.16953125 0.384375 0.090625 0.10625
1 0.97109375 0.60703125 0.05625 0.1703125
1 0.9515625 0.290625 0.0953125 0.09375
1 0.9640625 0.178125 0.0703125 0.0703125
1 0.48671875 0.128125 0.065625 0.0375
1 0.97578125 0.20859375 0.046875 0.0796875
1 0.86484375 0.1484375 0.06875 0.0640625
2 0.40390625 0.61328125 0.0828125 0.121875
2 0.34140625 0.9296875 0.08125 0.1375
2 0.665625 0.04375 0.025 0.0390625
2 0.45625 0.06484375 0.015625 0.0296875
3 0.290625 0.38515625 0.1859375 0.2453125
0 0.68515625 0.578125 0.60625 0.5296875
0 0.6859375 0.209375 0.328125 0.2265625
0 0.45390625 0.22890625 0.2703125 0.190625
0 0.03671875 0.28828125 0.0734375 0.15
0 0.1671875 0.15703125 0.1625 0.1
0 0.15 0.26640625 0.178125 0.165625
0 0.3421875 0.16875 0.2015625 0.134375
0 0.23515625 0.10078125 0.1234375 0.0609375
0 0.3875 0.35078125 0.096875 0.1203125