1 0.36171875 0.309375 0.103125 0.096875
1 0.88515625 0.32109375 0.096875 0.0796875
1 0.45703125 0.13515625 0.0875 0.05625
1 0.9296875 0.15390625 0.084375 0.0671875
1 0.05703125 0.18125 0.0921875 0.0515625
1 0.6640625 0.11171875 0.075 0.05
1 0.13671875 0.2015625 0.1 0.0671875
1 0.696875 0.134375 0.090625 0.0546875
1 0.17890625 0.1734375 0.0875 0.065625
1 0.97578125 0.16484375 0.046875 0.078125
1 0.221875 0.1390625 0.078125 0.0484375
2 0.61875 0.0765625 0.028125 0.03125
2 0.26171875 0.0859375 0.025 0.0390625
2 0.38828125 0.54921875 0.0765625 0.0875
2 0.2421875 0.93203125 0.1078125 0.1171875
3 0.0703125 0.2859375 0.140625 0.16875
3 0.5921875 0.62109375 0.2875 0.265625
0 0.48359375 0.078125 0.19375 0.1046875
0 0.12421875 0.1 0.2 0.1109375
0 0.62421875 0.3359375 0.4375 0.290625
0 0.88515625 0.07890625 0.228125 0.109375