1 0.725 0.225 0.1140625 0.0953125
1 0.825 0.66640625 0.284375 0.3375
1 0.43671875 0.38984375 0.1140625 0.13125
1 0.59453125 0.50390625 0.159375 0.178125
1 0.965625 0.63359375 0.0671875 0.1515625
1 0.80859375 0.384375 0.1640625 0.1171875
1 0.96171875 0.18359375 0.071875 0.0484375
1 0.6109375 0.190625 0.0875 0.078125
1 0.63203125 0.30703125 0.125 0.103125
1 0.3609375 0.32578125 0.078125 0.1
1 0.65 0.42421875 0.1671875 0.1484375
1 0.50703125 0.05546875 0.03125 0.0375
1 0.57265625 0.06328125 0.03125 0.0265625
1 0.925 0.2890625 0.1484375 0.1484375
1 0.95234375 0.46796875 0.09375 0.171875
1 0.81640625 0.11796875 0.0609375 0.0390625
1 0.52109375 0.253125 0.078125 0.10625
1 0.51953125 0.1515625 0.0734375 0.075
1 0.809375 0.14140625 0.0609375 0.04375
1 0.8359375 0.49453125 0.178125 0.21875
1 0.51953125 0.1984375 0.0640625 0.075
0 0.3984375 0.23046875 0.1875 0.209375