1 0.7421875 0.33046875 0.109375 0.1578125
1 0.48203125 0.3484375 0.0875 0.1546875
1 0.6390625 0.08515625 0.1140625 0.0703125
1 0.5125 0.71171875 0.159375 0.3609375
1 0.51484375 0.08359375 0.075 0.0640625
1 0.30546875 0.11796875 0.0890625 0.065625
1 0.46015625 0.18671875 0.065625 0.09375
1 0.32578125 0.15078125 0.0921875 0.0765625
1 0.975 0.0296875 0.0484375 0.05625
1 0.45859375 0.03984375 0.04375 0.046875
1 0.46640625 0.08828125 0.053125 0.065625
1 0.7359375 0.00859375 0.034375 0.0171875
2 0.771875 0.2015625 0.0546875 0.0703125
2 0.37265625 0.075 0.04375 0.071875
2 0.5578125 0.16328125 0.046875 0.05625