1 0.63125 0.35546875 0.10625 0.0671875
1 0.37109375 0.45 0.14375 0.1046875
1 0.47890625 0.30625 0.0875 0.0546875
1 0.8328125 0.2390625 0.0578125 0.0375
1 0.31953125 0.30390625 0.084375 0.0625
1 0.01875 0.3203125 0.0375 0.0515625
1 0.19140625 0.325 0.075 0.0578125
1 0.11015625 0.34296875 0.10625 0.0703125
1 0.0734375 0.3234375 0.06875 0.0546875
1 0.72421875 0.2234375 0.0171875 0.0359375
1 0.89765625 0.23125 0.053125 0.021875
1 0.759375 0.28984375 0.0625 0.0390625
1 0.20234375 0.2984375 0.0609375 0.0328125
0 0.17265625 0.12890625 0.1125 0.1578125