1 0.77421875 0.1203125 0.04375 0.0546875
1 0.86640625 0.24921875 0.0703125 0.09375
1 0.03359375 0.51875 0.0671875 0.16875
1 0.875 0.1984375 0.0625 0.075
1 0.07265625 0.44921875 0.090625 0.1390625
1 0.12109375 0.3890625 0.09375 0.121875
1 0.17109375 0.33515625 0.0875 0.1109375
1 0.21171875 0.29140625 0.06875 0.0984375
1 0.23515625 0.25859375 0.053125 0.0875
0 0.4265625 0.55 0.228125 0.6953125
1 0.71875 0.0640625 0.0296875 0.0390625
1 0.74765625 0.05 0.028125 0.0390625
1 0.68359375 0.0640625 0.0265625 0.0390625
1 0.69453125 0.03046875 0.025 0.034375
1 0.675 0.0265625 0.0203125 0.0296875
1 0.56796875 0.02421875 0.01875 0.0265625