1 0.20625 0.31953125 0.13125 0.090625
1 0.68359375 0.1265625 0.0828125 0.0546875
1 0.82734375 0.2703125 0.10625 0.09375
1 0.9671875 0.36796875 0.0640625 0.10625
1 0.48359375 0.1265625 0.08125 0.05625
1 0.90390625 0.16015625 0.09375 0.065625
1 0.97421875 0.16875 0.05 0.078125
1 0.20234375 0.13828125 0.0609375 0.046875
1 0.96484375 0.29375 0.06875 0.0765625
1 0.01484375 0.140625 0.0296875 0.040625
1 0.946875 0.11953125 0.0875 0.053125
1 0.96953125 0.04921875 0.0421875 0.0390625
1 0.9390625 0.01328125 0.0375 0.0265625
2 0.21484375 0.0890625 0.021875 0.0484375
2 0.01640625 0.678125 0.0328125 0.06875
2 0.9078125 0.96640625 0.11875 0.0640625
3 0.59375 0.625 0.29375 0.2609375
0 0.56171875 0.346875 0.465625 0.3015625
0 0.53046875 0.0796875 0.265625 0.1046875
0 0.10546875 0.08671875 0.20625 0.1296875
0 0.08359375 0.234375 0.1671875 0.171875