1 0.36953125 0.8609375 0.33125 0.275
1 0.0859375 0.734375 0.171875 0.25
1 0.67578125 0.32109375 0.0875 0.1140625
1 0.95234375 0.48203125 0.09375 0.1765625
1 0.47890625 0.253125 0.1125 0.1015625
1 0.071875 0.49921875 0.14375 0.1765625
1 0.3203125 0.425 0.1828125 0.1609375
1 0.2421875 0.3203125 0.11875 0.1109375
1 0.96484375 0.21171875 0.06875 0.0875
1 0.73984375 0.20546875 0.0875 0.09375
1 0.5796875 0.28359375 0.115625 0.115625
1 0.87578125 0.3953125 0.134375 0.146875
1 0.5875 0.53203125 0.1875 0.184375
1 0.0828125 0.40078125 0.15 0.0953125
1 0.80078125 0.3453125 0.1171875 0.125
1 0.72578125 0.1484375 0.0625 0.075
1 0.32890625 0.33203125 0.14375 0.1359375
1 0.60078125 0.17890625 0.0828125 0.071875
1 0.84765625 0.18671875 0.0703125 0.096875
1 0.9015625 0.09375 0.0578125 0.0578125
1 0.6 0.21875 0.0828125 0.05625
1 0.97890625 0.1109375 0.040625 0.0703125
1 0.8265625 0.240625 0.0578125 0.10625
2 0.79921875 0.825 0.06875 0.1796875
0 0.91171875 0.05546875 0.1765625 0.1109375
1 0.96171875 0.06875 0.053125 0.05625
2 0.15625 0.28359375 0.0359375 0.0671875
2 0.1390625 0.2921875 0.0421875 0.05625