1 0.1640625 0.31875 0.13125 0.09375
1 0.95078125 0.36796875 0.096875 0.10625
1 0.7796875 0.2734375 0.1078125 0.0953125
1 0.71328125 0.128125 0.084375 0.0515625
1 0.90390625 0.16015625 0.09375 0.065625
1 0.51484375 0.125 0.08125 0.0578125
1 0.234375 0.1359375 0.0609375 0.0453125
1 0.94765625 0.2953125 0.103125 0.084375
1 0.14453125 0.2015625 0.0828125 0.0703125
1 0.03046875 0.13828125 0.0609375 0.0390625
1 0.17734375 0.1765625 0.0890625 0.0609375
1 0.97421875 0.16875 0.05 0.078125
1 0.9390625 0.01328125 0.0375 0.0265625
1 0.97890625 0.053125 0.040625 0.04375
1 0.1859375 0.146875 0.0640625 0.0359375
1 0.9640625 0.1203125 0.0703125 0.0546875
2 0.45390625 0.5640625 0.071875 0.071875
2 0.84375 0.959375 0.1171875 0.078125
2 0.034375 0.67421875 0.06875 0.08125
3 0.59375 0.625 0.29375 0.2609375
0 0.50703125 0.3484375 0.4640625 0.3046875
0 0.55859375 0.0796875 0.2640625 0.1046875
0 0.13515625 0.08828125 0.2015625 0.13125
0 0.06796875 0.234375 0.1359375 0.1609375