1 0.7875 0.690625 0.2109375 0.1953125
1 0.65390625 0.8890625 0.26875 0.21875
1 0.66640625 0.20390625 0.059375 0.040625
1 0.7828125 0.240625 0.0828125 0.05625
1 0.58984375 0.58359375 0.1625 0.15625
1 0.36796875 0.16171875 0.034375 0.025
1 0.16328125 0.2859375 0.040625 0.046875
1 0.51640625 0.21796875 0.0625 0.04375
1 0.13203125 0.23359375 0.0328125 0.034375
1 0.45390625 0.1734375 0.034375 0.03125
1 0.978125 0.559375 0.0421875 0.1484375
1 0.79296875 0.359375 0.1171875 0.08125
1 0.0265625 0.209375 0.01875 0.0296875
1 0.77578125 0.3046875 0.11875 0.084375
1 0.16328125 0.1859375 0.025 0.0203125
1 0.08515625 0.2359375 0.028125 0.0359375
1 0.64921875 0.49453125 0.171875 0.178125
1 0.55078125 0.190625 0.05 0.034375
1 0.05 0.17890625 0.015625 0.0171875
1 0.2875 0.16484375 0.0234375 0.025
1 0.00703125 0.3609375 0.0140625 0.0296875
2 0.04609375 0.68671875 0.028125 0.075
0 0.54296875 0.3359375 0.3109375 0.1875