1 0.30390625 0.346875 0.09375 0.0796875
1 0.01640625 0.31015625 0.0328125 0.0453125
1 0.4984375 0.22109375 0.0578125 0.0546875
1 0.16796875 0.2359375 0.06875 0.0609375
1 0.2875 0.184375 0.053125 0.0453125
1 0.02265625 0.58046875 0.0453125 0.0953125
1 0.42265625 0.22421875 0.06875 0.05625
1 0.66484375 0.26640625 0.0734375 0.115625
1 0.57578125 0.16953125 0.03125 0.04375
1 0.971875 0.15390625 0.0546875 0.040625
1 0.971875 0.47421875 0.0546875 0.059375
1 0.203125 0.13046875 0.0375 0.03125
0 0.44140625 0.09453125 0.109375 0.075
0 0.64609375 0.1484375 0.1125 0.1265625