1 0.03984375 0.9203125 0.0796875 0.153125
1 0.68359375 0.90546875 0.309375 0.1859375
1 0.6890625 0.2140625 0.10625 0.084375
1 0.2671875 0.88671875 0.2953125 0.221875
1 0.82421875 0.240625 0.1140625 0.0703125
1 0.58203125 0.184375 0.084375 0.05625
1 0.09140625 0.28125 0.078125 0.096875
1 0.47265625 0.23125 0.09375 0.0671875
1 0.43046875 0.25390625 0.0984375 0.075
1 0.96953125 0.26875 0.059375 0.0515625
1 0.95390625 0.925 0.090625 0.146875
1 0.12265625 0.2046875 0.05625 0.065625
1 0.57421875 0.28828125 0.1125 0.09375
1 0.98359375 0.31328125 0.03125 0.0625
1 0.2890625 0.1015625 0.0328125 0.0453125
1 0.58671875 0.24453125 0.1046875 0.0703125
1 0.575 0.35546875 0.109375 0.0859375
1 0.32578125 0.2265625 0.09375 0.0796875
1 0.040625 0.21875 0.0734375 0.0890625
1 0.378125 0.209375 0.05625 0.059375
2 0.4640625 0.13515625 0.03125 0.034375
2 0.21328125 0.284375 0.04375 0.046875
2 0.26484375 0.20625 0.03125 0.0546875
2 0.96171875 0.20078125 0.0375 0.0546875
3 0.5890625 0.66015625 0.2875 0.2609375
3 0.89375 0.31484375 0.18125 0.1515625
0 0.2078125 0.146875 0.1375 0.165625