1 0.040625 0.92109375 0.08125 0.1546875
1 0.684375 0.9046875 0.309375 0.1875
1 0.95546875 0.92421875 0.0875 0.1484375
1 0.15 0.21015625 0.05 0.06875
1 0.43046875 0.253125 0.096875 0.071875
1 0.084375 0.303125 0.071875 0.10625
1 0.96484375 0.14296875 0.0578125 0.0515625
1 0.58203125 0.18359375 0.084375 0.059375
1 0.02890625 0.31796875 0.0578125 0.0921875
1 0.9734375 0.315625 0.0515625 0.071875
1 0.68984375 0.2046875 0.10625 0.06875
1 0.4734375 0.2296875 0.090625 0.0671875
1 0.18828125 0.1609375 0.0453125 0.05625
1 0.57421875 0.28828125 0.115625 0.090625
1 0.96953125 0.2734375 0.059375 0.0609375
1 0.32734375 0.2265625 0.09375 0.0796875
1 0.5875 0.24296875 0.103125 0.0671875
1 0.89921875 0.05703125 0.028125 0.034375
1 0.378125 0.20625 0.05625 0.0609375
1 0.26796875 0.884375 0.2953125 0.228125
2 0.21484375 0.28125 0.04375 0.0515625
2 0.24296875 0.18359375 0.021875 0.040625
2 0.29765625 0.1765625 0.0296875 0.0390625
2 0.26328125 0.21015625 0.0234375 0.05
2 0.46484375 0.134375 0.0296875 0.03125
2 0.35859375 0.1703125 0.021875 0.0296875
3 0.58984375 0.659375 0.2875 0.259375
3 0.73828125 0.27109375 0.159375 0.128125
0 0.95234375 0.06875 0.09375 0.1375
0 0.83828125 0.24609375 0.1375 0.15625
0 0.03828125 0.20859375 0.0765625 0.1359375