1 0.090625 0.89296875 0.18125 0.2109375
1 0.84921875 0.6765625 0.1984375 0.153125
1 0.1859375 0.62578125 0.146875 0.178125
1 0.54765625 0.5 0.115625 0.1671875
1 0.2828125 0.4265625 0.115625 0.090625
1 0.12578125 0.5015625 0.15 0.1109375
1 0.66796875 0.3609375 0.071875 0.0890625
1 0.55234375 0.39296875 0.0828125 0.096875
1 0.4421875 0.3984375 0.1 0.1
1 0.9140625 0.2015625 0.0453125 0.040625
1 0.83984375 0.209375 0.0625 0.040625
1 0.36171875 0.203125 0.059375 0.04375
1 0.24609375 0.38828125 0.10625 0.084375
1 0.56171875 0.0765625 0.015625 0.0203125
1 0.72578125 0.23046875 0.0625 0.0546875
1 0.19296875 0.225 0.0359375 0.04375
1 0.38203125 0.365625 0.0984375 0.0765625
1 0.76953125 0.27109375 0.059375 0.0640625
1 0.64375 0.31328125 0.0703125 0.075
1 0.521875 0.28359375 0.06875 0.059375
1 0.0375 0.19375 0.0421875 0.0390625
1 0.36171875 0.33515625 0.0796875 0.075
1 0.97578125 0.31484375 0.046875 0.103125
1 0.80390625 0.15625 0.0546875 0.03125
1 0.6109375 0.2765625 0.065625 0.0765625
1 0.80078125 0.18515625 0.065625 0.040625
1 0.08671875 0.45703125 0.14375 0.115625
1 0.46328125 0.31875 0.0796875 0.0625
1 0.3765625 0.290625 0.0765625 0.0484375
0 0.13515625 0.1859375 0.1609375 0.090625
0 0.96484375 0.22109375 0.06875 0.1390625
0 0.60390625 0.146875 0.1421875 0.0765625
0 0.284375 0.14140625 0.04375 0.0609375