1 0.7046875 0.78203125 0.1015625 0.1609375
1 0.575 0.91640625 0.1171875 0.1640625
1 0.5578125 0.5796875 0.0546875 0.08125
1 0.63359375 0.53671875 0.05 0.075
1 0.9671875 0.45546875 0.0640625 0.0484375
1 0.31640625 0.51484375 0.090625 0.0625
1 0.85390625 0.6265625 0.146875 0.1140625
1 0.01484375 0.58828125 0.0296875 0.0609375
1 0.74765625 0.3953125 0.0265625 0.03125
1 0.8609375 0.434375 0.08125 0.04375
1 0.090625 0.6515625 0.071875 0.10625
1 0.92734375 0.61171875 0.1 0.0953125
1 0.54921875 0.78671875 0.090625 0.15625
1 0.571875 0.48984375 0.0359375 0.0765625
1 0.1421875 0.59140625 0.0625 0.071875
1 0.8375 0.45703125 0.0875 0.0453125
1 0.24453125 0.64375 0.0671875 0.09375
1 0.1796875 0.64609375 0.08125 0.1
1 0.06796875 0.596875 0.0625 0.06875
1 0.67421875 0.46171875 0.0390625 0.0546875
1 0.65078125 0.48828125 0.04375 0.06875
1 0.53984375 0.69140625 0.071875 0.1203125
1 0.24296875 0.51328125 0.078125 0.0515625
3 0.15625 0.92578125 0.275 0.1453125
0 0.33046875 0.70390625 0.1875 0.334375