1 0.675 0.31015625 0.153125 0.1140625
1 0.91171875 0.365625 0.175 0.146875
1 0.87734375 0.2046875 0.0890625 0.0875
1 0.09765625 0.334375 0.08125 0.09375
1 0.16796875 0.3765625 0.090625 0.10625
1 0.78828125 0.3796875 0.1875 0.1078125
1 0.86328125 0.04921875 0.0859375 0.05
1 0.28125 0.22890625 0.071875 0.071875
1 0.96484375 0.6109375 0.06875 0.175
1 0.95078125 0.29453125 0.096875 0.0953125
1 0.96328125 0.18125 0.071875 0.075
1 0.40703125 0.0796875 0.0546875 0.0359375
1 0.334375 0.0515625 0.01875 0.0265625
1 0.975 0.209375 0.0484375 0.08125
1 0.48515625 0.1234375 0.0671875 0.0359375
1 0.86328125 0.15078125 0.06875 0.0609375
1 0.21953125 0.21484375 0.059375 0.059375
3 0.2875 0.37890625 0.18125 0.246875
0 0.684375 0.209375 0.328125 0.2265625
0 0.45234375 0.225 0.2703125 0.190625
0 0.14765625 0.26015625 0.178125 0.1640625
0 0.66953125 0.571875 0.59375 0.5296875
0 0.03515625 0.278125 0.0703125 0.15
0 0.340625 0.1640625 0.2 0.13125
0 0.23203125 0.09453125 0.1296875 0.0640625
0 0.7015625 0.06328125 0.103125 0.08125
0 0.16484375 0.146875 0.1625 0.1015625
0 0.38828125 0.3359375 0.1 0.0984375
0 0.75078125 0.03515625 0.071875 0.0671875