1 0.4203125 0.7109375 0.228125 0.1859375
1 0.09375 0.71171875 0.1875 0.190625
1 0.76328125 0.6765625 0.2375 0.1609375
1 0.98671875 0.38671875 0.025 0.0515625
1 0.853125 0.84609375 0.290625 0.2453125
1 0.66484375 0.13125 0.0578125 0.0375
1 0.90390625 0.16796875 0.078125 0.05
1 0.096875 0.26015625 0.0875 0.0546875
1 0.1625 0.18515625 0.05 0.0453125
1 0.96796875 0.68984375 0.0625 0.125
1 0.26328125 0.2234375 0.075 0.05
1 0.43359375 0.96953125 0.265625 0.0578125
1 0.71796875 0.5140625 0.09375 0.1796875
1 0.76484375 0.15859375 0.075 0.046875
1 0.52734375 0.16328125 0.059375 0.0484375
1 0.71484375 0.39375 0.075 0.10625
1 0.39609375 0.23125 0.08125 0.0703125
1 0.20390625 0.22421875 0.053125 0.0484375
1 0.921875 0.96484375 0.1546875 0.0671875
1 0.29296875 0.1953125 0.0671875 0.046875
1 0.66953125 0.2546875 0.075 0.109375
1 0.34375 0.2046875 0.0671875 0.05
0 0.26953125 0.096875 0.071875 0.0546875