1 0.2015625 0.4203125 0.096875 0.1375
1 0.3578125 0.2203125 0.0625 0.0703125
1 0.859375 0.84609375 0.2796875 0.3046875
1 0.6609375 0.4546875 0.20625 0.171875
1 0.23203125 0.1640625 0.0453125 0.0546875
1 0.1375 0.26953125 0.059375 0.0765625
1 0.06171875 0.15859375 0.03125 0.0390625
1 0.65625 0.34609375 0.1609375 0.1
1 0.128125 0.1390625 0.028125 0.034375
1 0.89140625 0.23671875 0.1140625 0.0859375
1 0.97109375 0.13671875 0.05625 0.078125
1 0.29296875 0.10546875 0.028125 0.034375
1 0.58359375 0.16171875 0.0515625 0.05625
1 0.05234375 0.09140625 0.015625 0.0203125
1 0.08359375 0.10390625 0.01875 0.021875
1 0.00625 0.13671875 0.0125 0.0375