1 0.978125 0.603125 0.0421875 0.109375
1 0.60546875 0.45546875 0.1296875 0.10625
1 0.45078125 0.40078125 0.096875 0.0796875
1 0.14921875 0.4359375 0.0796875 0.0875
1 0.1265625 0.52578125 0.0890625 0.1109375
1 0.79609375 0.51875 0.159375 0.1328125
1 0.50625 0.29140625 0.078125 0.0546875
1 0.6515625 0.9234375 0.234375 0.15
1 0.5875 0.39140625 0.109375 0.0765625
1 0.86796875 0.48203125 0.1625 0.128125
1 0.36484375 0.175 0.0328125 0.025
1 0.45078125 0.18671875 0.034375 0.0296875
1 0.05234375 0.246875 0.03125 0.04375
1 0.546875 0.20625 0.05 0.03125
1 0.2796875 0.1765625 0.03125 0.028125
2 0.45703125 0.21328125 0.015625 0.0265625
2 0.36796875 0.19921875 0.021875 0.028125
2 0.64140625 0.23359375 0.034375 0.034375
2 0.5078125 0.2265625 0.025 0.03125
2 0.54921875 0.2203125 0.0171875 0.034375
0 0.546875 0.66328125 0.60625 0.5671875
0 0.071875 0.36328125 0.14375 0.1453125
0 0.290625 0.321875 0.1734375 0.1375
0 0.384375 0.31171875 0.1796875 0.13125