1 0.3734375 0.58984375 0.103125 0.1609375
1 0.67734375 0.903125 0.259375 0.190625
1 0.58046875 0.55859375 0.1484375 0.20625
1 0.0171875 0.38046875 0.034375 0.05625
1 0.9765625 0.41171875 0.0453125 0.0609375
1 0.41171875 0.42890625 0.06875 0.109375
1 0.0546875 0.30390625 0.059375 0.0515625
1 0.66953125 0.28046875 0.075 0.1171875
1 0.97421875 0.16796875 0.05 0.046875
1 0.434375 0.3359375 0.05 0.084375
1 0.3625 0.32109375 0.04375 0.0984375
1 0.39453125 0.16640625 0.025 0.040625
1 0.40625 0.271875 0.0421875 0.075
1 0.465625 0.278125 0.0375 0.0640625
1 0.09140625 0.31875 0.071875 0.0625
1 0.98203125 0.7546875 0.034375 0.1171875
0 0.1046875 0.46953125 0.209375 0.3875
0 0.2875 0.31171875 0.109375 0.2359375
0 0.265625 0.225 0.1171875 0.1578125
0 0.18984375 0.225 0.125 0.13125
0 0.49296875 0.09296875 0.06875 0.0640625
0 0.23203125 0.096875 0.040625 0.05