1 0.36328125 0.35390625 0.1359375 0.1453125
1 0.56875 0.19453125 0.0875 0.1
1 0.1234375 0.3140625 0.115625 0.10625
1 0.03671875 0.37421875 0.0734375 0.1046875
1 0.2296875 0.25390625 0.1078125 0.09375
1 0.62890625 0.19921875 0.0921875 0.0984375
1 0.82265625 0.01171875 0.0390625 0.0234375
1 0.47109375 0.12109375 0.065625 0.065625
1 0.52265625 0.090625 0.0609375 0.059375
1 0.57109375 0.06875 0.046875 0.0515625
1 0.96328125 0.040625 0.071875 0.08125
1 0.0390625 0.159375 0.028125 0.0375
1 0.6109375 0.04609375 0.046875 0.0484375
1 0.42421875 0.1515625 0.046875 0.0671875
1 0.03203125 0.3046875 0.0625 0.0546875