1 0.91328125 0.36875 0.171875 0.1484375
1 0.6765625 0.3046875 0.15625 0.1015625
1 0.8640625 0.05078125 0.090625 0.05
1 0.8796875 0.20546875 0.0890625 0.0890625
1 0.09921875 0.33125 0.08125 0.09375
1 0.7546875 0.36796875 0.171875 0.1015625
1 0.16953125 0.37578125 0.090625 0.1078125
1 0.9515625 0.296875 0.0953125 0.0953125
1 0.50234375 0.084375 0.0640625 0.04375
1 0.64296875 0.08671875 0.0796875 0.0375
1 0.4796875 0.0703125 0.05625 0.040625
1 0.97890625 0.61171875 0.040625 0.16875
1 0.9640625 0.184375 0.0703125 0.0765625
1 0.7875 0.07578125 0.090625 0.05625
1 0.28359375 0.22578125 0.0703125 0.0671875
1 0.40859375 0.2796875 0.1109375 0.075
1 0.97578125 0.21328125 0.046875 0.078125
1 0.48828125 0.12109375 0.0640625 0.0359375
2 0.11640625 0.6734375 0.04375 0.0828125
3 0.28828125 0.37890625 0.18125 0.246875
0 0.68671875 0.20859375 0.328125 0.23125
0 0.671875 0.5734375 0.59375 0.53125
0 0.4546875 0.225 0.2703125 0.190625
0 0.03671875 0.27890625 0.0734375 0.15
0 0.15234375 0.26015625 0.1828125 0.16875
0 0.34453125 0.16328125 0.203125 0.1375
0 0.16640625 0.146875 0.1625 0.0984375
0 0.23671875 0.09375 0.125 0.065625