1 0.675 0.3140625 0.15625 0.1203125
1 0.91484375 0.11484375 0.1203125 0.0703125
1 0.91171875 0.3640625 0.175 0.146875
1 0.86171875 0.0484375 0.090625 0.0515625
1 0.96484375 0.6109375 0.06875 0.175
1 0.878125 0.203125 0.0875 0.090625
1 0.096875 0.33671875 0.08125 0.09375
1 0.16796875 0.37890625 0.090625 0.10625
1 0.28125 0.23046875 0.071875 0.071875
1 0.95078125 0.29296875 0.096875 0.09375
1 0.36796875 0.07578125 0.053125 0.04375
1 0.96328125 0.1796875 0.071875 0.0703125
1 0.97421875 0.209375 0.05 0.08125
3 0.28671875 0.38046875 0.18125 0.246875
0 0.68359375 0.20859375 0.3265625 0.228125
0 0.45234375 0.2265625 0.271875 0.190625
0 0.146875 0.26328125 0.178125 0.165625
0 0.03515625 0.28125 0.0703125 0.1484375
0 0.3375 0.165625 0.196875 0.13125
0 0.234375 0.09609375 0.125 0.0640625
0 0.18828125 0.1515625 0.115625 0.1
0 0.38828125 0.33828125 0.1 0.1015625
0 0.6703125 0.571875 0.5953125 0.5296875