1 0.11328125 0.76171875 0.125 0.24375
1 0.1921875 0.49921875 0.0796875 0.13125
1 0.4734375 0.771875 0.153125 0.2890625
1 0.52421875 0.44296875 0.08125 0.1078125
1 0.97265625 0.471875 0.053125 0.096875
1 0.8890625 0.928125 0.21875 0.140625
1 0.75859375 0.43203125 0.09375 0.0875
1 0.32890625 0.46796875 0.075 0.1203125
1 0.98125 0.603125 0.0359375 0.0796875
1 0.22890625 0.35625 0.04375 0.0796875
1 0.40546875 0.384375 0.0578125 0.0859375
1 0.44296875 0.32421875 0.05 0.0671875
1 0.58984375 0.31171875 0.053125 0.0609375
1 0.1515625 0.33125 0.05625 0.0859375
1 0.7671875 0.3765625 0.071875 0.071875
1 0.853125 0.26875 0.0484375 0.0453125
1 0.33515625 0.34453125 0.053125 0.0890625
1 0.5359375 0.26953125 0.040625 0.028125
1 0.60390625 0.28203125 0.04375 0.0546875
2 0.72734375 0.2953125 0.015625 0.03125
2 0.08671875 0.31796875 0.025 0.04375
2 0.0453125 0.38203125 0.0453125 0.0578125
0 0.53125 0.08203125 0.0484375 0.06875
0 0.63515625 0.24375 0.059375 0.1015625