1 0.725 0.61171875 0.15 0.1765625
1 0.34453125 0.38515625 0.0609375 0.1
1 0.52265625 0.5390625 0.1015625 0.15625
1 0.48359375 0.41171875 0.075 0.0984375
1 0.74296875 0.878125 0.23125 0.240625
1 0.2203125 0.390625 0.05625 0.09375
1 0.43046875 0.31484375 0.0484375 0.0625
1 0.78046875 0.38125 0.0828125 0.0640625
1 0.1609375 0.43359375 0.0640625 0.1046875
1 0.28203125 0.3296875 0.021875 0.0625
1 0.15234375 0.56015625 0.090625 0.1953125
1 0.50703125 0.26796875 0.0375 0.0359375
1 0.78828125 0.44609375 0.1015625 0.096875
1 0.65 0.334375 0.071875 0.0859375
1 0.1484375 0.296875 0.046875 0.071875
1 0.85390625 0.26484375 0.05 0.0453125
1 0.240625 0.275 0.0171875 0.0546875
1 0.3625 0.284375 0.0375 0.0578125
1 0.07734375 0.8984375 0.1546875 0.2
1 0.58203125 0.28046875 0.05 0.0578125
2 0.0875 0.315625 0.025 0.0390625
2 0.90859375 0.38984375 0.021875 0.05
3 0.53984375 0.209375 0.16875 0.1140625
0 0.73671875 0.29375 0.1421875 0.1390625
0 0.53125 0.078125 0.0484375 0.0703125