1 0.77578125 0.62578125 0.153125 0.1953125
1 0.0453125 0.47421875 0.090625 0.1
1 0.71015625 0.453125 0.0703125 0.15
1 0.4921875 0.2859375 0.06875 0.06875
1 0.16796875 0.44140625 0.1125 0.0984375
1 0.40078125 0.2390625 0.0640625 0.0515625
1 0.13984375 0.253125 0.071875 0.0578125
1 0.971875 0.15625 0.0546875 0.04375
1 0.26328125 0.178125 0.0359375 0.040625
1 0.94921875 0.50390625 0.05 0.059375
1 0.66640625 0.2734375 0.075 0.10625
1 0.2125 0.128125 0.03125 0.0265625
1 0.37578125 0.29375 0.078125 0.0765625
1 0.0265625 0.3203125 0.053125 0.075
1 0.9828125 0.47578125 0.0328125 0.0453125
1 0.00546875 0.39921875 0.0109375 0.0609375