1 0.8078125 0.43671875 0.1140625 0.1703125
1 0.646875 0.55078125 0.11875 0.20625
1 0.64609375 0.34140625 0.09375 0.171875
1 0.7546875 0.81640625 0.19375 0.3640625
1 0.3875 0.1765625 0.109375 0.071875
1 0.95234375 0.3203125 0.09375 0.121875
1 0.70859375 0.19375 0.05625 0.090625
1 0.8 0.1296875 0.046875 0.0703125
1 0.9453125 0.8203125 0.1078125 0.35625
1 0.94140625 0.15703125 0.0671875 0.075
1 0.61015625 0.19140625 0.059375 0.090625
1 0.04375 0.48984375 0.0875 0.171875
1 0.95703125 0.23203125 0.084375 0.090625
1 0.01640625 0.72109375 0.0328125 0.1671875
1 0.83671875 0.0890625 0.04375 0.059375
1 0.13984375 0.35625 0.09375 0.125
1 0.18984375 0.303125 0.0875 0.109375
1 0.62109375 0.103125 0.0375 0.05625
1 0.0921875 0.41875 0.090625 0.1375
1 0.603125 0.06015625 0.03125 0.05
1 0.23046875 0.25859375 0.0703125 0.0984375
1 0.5890625 0.125 0.0390625 0.0875
2 0.67890625 0.11328125 0.015625 0.0484375
0 0.38515625 0.771875 0.365625 0.4515625
1 0.778125 0.06171875 0.034375 0.0515625
1 0.81015625 0.05 0.0390625 0.034375
1 0.73984375 0.03125 0.0265625 0.0375
0 0.5546875 0.025 0.046875 0.05
1 0.2578125 0.22734375 0.059375 0.0828125
1 0.26171875 0.18984375 0.0734375 0.0484375