1 0.66875 0.43203125 0.075 0.084375
1 0.8078125 0.5296875 0.0859375 0.1109375
1 0.33984375 0.2390625 0.034375 0.0453125
1 0.42265625 0.1546875 0.025 0.03125
1 0.25078125 0.50546875 0.075 0.1078125
1 0.45390625 0.20078125 0.025 0.0390625
1 0.115625 0.76015625 0.0796875 0.1796875
1 0.75390625 0.42578125 0.075 0.08125
1 0.25546875 0.215625 0.028125 0.0390625
1 0.44296875 0.25390625 0.034375 0.0484375
1 0.5453125 0.10859375 0.015625 0.0203125
1 0.8015625 0.38828125 0.075 0.084375
1 0.4625 0.1234375 0.015625 0.025
1 0.95390625 0.265625 0.0484375 0.05
1 0.99296875 0.275 0.0125 0.046875
3 0.47421875 0.321875 0.053125 0.140625
0 0.24609375 0.728125 0.2265625 0.5046875
0 0.35859375 0.43046875 0.1234375 0.246875
0 0.096875 0.6296875 0.19375 0.49375
1 0.22421875 0.1875 0.0265625 0.0390625
1 0.25078125 0.1640625 0.0453125 0.034375
1 0.46640625 0.1 0.015625 0.0203125