1 0.103125 0.3765625 0.06875 0.0640625
1 0.29296875 0.33671875 0.06875 0.0671875
1 0.6078125 0.59140625 0.16875 0.1578125
1 0.78828125 0.6890625 0.2109375 0.196875
1 0.21328125 0.28046875 0.046875 0.046875
1 0.66328125 0.2 0.0546875 0.040625
1 0.3515625 0.19921875 0.0453125 0.03125
1 0.528125 0.21171875 0.05625 0.0390625
1 0.36796875 0.1609375 0.034375 0.021875
1 0.02421875 0.21328125 0.0140625 0.0296875
1 0.06640625 0.215625 0.025 0.028125
1 0.45390625 0.17109375 0.0359375 0.03125
1 0.13125 0.26953125 0.0359375 0.046875
1 0.82734375 0.56171875 0.21875 0.2140625
1 0.86171875 0.25078125 0.0296875 0.03125
1 0.55234375 0.18828125 0.04375 0.0359375
1 0.01875 0.175 0.0125 0.0140625
1 0.07890625 0.23203125 0.025 0.028125
1 0.7921875 0.178125 0.028125 0.0296875
1 0.07578125 0.18125 0.015625 0.015625
0 0.80703125 0.41328125 0.384375 0.278125