1 0.8421875 0.48984375 0.1578125 0.1015625
1 0.478125 0.3046875 0.0875 0.0546875
1 0.0796875 0.31953125 0.0875 0.0546875
1 0.01796875 0.315625 0.0359375 0.0546875
1 0.83046875 0.23828125 0.05625 0.0359375
1 0.89609375 0.35859375 0.103125 0.0609375
1 0.58359375 0.340625 0.103125 0.0671875
1 0.62265625 0.36796875 0.1109375 0.071875
1 0.19140625 0.321875 0.090625 0.059375
1 0.31796875 0.3015625 0.084375 0.0625
1 0.7234375 0.22421875 0.015625 0.034375
1 0.19375 0.29609375 0.065625 0.0375
1 0.896875 0.23125 0.053125 0.021875
1 0.75625 0.284375 0.059375 0.04375