1 0.91953125 0.703125 0.159375 0.2015625
1 0.36953125 0.2453125 0.071875 0.0578125
1 0.74921875 0.56484375 0.125 0.1921875
1 0.74921875 0.32421875 0.0625 0.1109375
1 0.2265625 0.19375 0.05625 0.046875
1 0.69921875 0.43046875 0.0765625 0.125
1 0.19140625 0.24375 0.075 0.065625
1 0.91484375 0.10546875 0.06875 0.0453125
1 0.47109375 0.22109375 0.0625 0.065625
1 0.96171875 0.49453125 0.075 0.0859375
1 0.66484375 0.2546875 0.0734375 0.1171875
1 0.95859375 0.421875 0.03125 0.0515625
1 0.09296875 0.278125 0.075 0.0640625
1 0.09921875 0.2453125 0.0671875 0.0546875
1 0.38828125 0.1359375 0.040625 0.0390625
1 0.42890625 0.15390625 0.0359375 0.040625
1 0.97109375 0.13984375 0.05625 0.0453125
1 0.04765625 0.44375 0.0953125 0.065625
1 0.00546875 0.3859375 0.0109375 0.0546875
2 0.38125 0.7953125 0.053125 0.109375
0 0.090625 0.6609375 0.18125 0.5
0 0.59140625 0.16953125 0.134375 0.1609375
0 0.73828125 0.059375 0.04375 0.0625