1 0.78203125 0.853125 0.31875 0.290625
1 0.19296875 0.50390625 0.1265625 0.1484375
1 0.97421875 0.60546875 0.05 0.1703125
1 0.10703125 0.371875 0.090625 0.096875
1 0.55 0.43203125 0.1671875 0.15
1 0.91953125 0.30625 0.159375 0.13125
1 0.26953125 0.34296875 0.10625 0.1046875
1 0.3875 0.215625 0.078125 0.071875
1 0.60703125 0.36171875 0.1421875 0.128125
1 0.97578125 0.0890625 0.046875 0.0640625
1 0.60546875 0.08671875 0.0796875 0.05625
1 0.58828125 0.171875 0.096875 0.0703125
1 0.72109375 0.18359375 0.1125 0.078125
1 0.86796875 0.19921875 0.128125 0.0875
1 0.07421875 0.1859375 0.03125 0.05
1 0.05078125 0.28359375 0.04375 0.0671875
1 0.97421875 0.209375 0.05 0.1
1 0.4546875 0.309375 0.128125 0.115625
1 0.83828125 0.4140625 0.2203125 0.1984375
1 0.59921875 0.13828125 0.09375 0.06875
1 0.3265625 0.24375 0.078125 0.0796875
1 0.09609375 0.12421875 0.034375 0.040625
1 0.3109375 0.153125 0.0625 0.053125
1 0.109375 0.08984375 0.028125 0.025
1 0.27734375 0.271875 0.0921875 0.08125
1 0.8921875 0.11796875 0.1078125 0.071875
1 0.021875 0.26953125 0.04375 0.0609375
1 0.86875 0.159375 0.128125 0.0640625
1 0.85703125 0.04453125 0.090625 0.0515625
1 0.70625 0.14296875 0.0984375 0.0671875
1 0.01015625 0.16875 0.0203125 0.040625
2 0.09296875 0.709375 0.0953125 0.1671875
0 0.44140625 0.12890625 0.2015625 0.13125
0 0.1484375 0.2765625 0.184375 0.171875
0 0.21484375 0.06953125 0.1078125 0.06875
0 0.740625 0.03203125 0.08125 0.0640625