1 0.61875 0.24296875 0.1046875 0.0671875
1 0.16328125 0.790625 0.31875 0.2265625
1 0.97109375 0.2265625 0.05625 0.06875
1 0.11015625 0.28359375 0.13125 0.0890625
1 0.48671875 0.20390625 0.0875 0.05625
1 0.0734375 0.23359375 0.0875 0.0546875
1 0.84453125 0.1296875 0.05625 0.0375
1 0.19453125 0.234375 0.09375 0.0578125
1 0.02109375 0.22578125 0.0421875 0.0546875
1 0.34609375 0.23984375 0.0859375 0.065625
1 0.31015625 0.2203125 0.0859375 0.05625
1 0.41328125 0.24453125 0.09375 0.078125
1 0.9125 0.1203125 0.0546875 0.021875
1 0.7546875 0.1734375 0.046875 0.0390625
2 0.15390625 0.2046875 0.0328125 0.0359375