1 0.2890625 0.49921875 0.071875 0.146875
1 0.64921875 0.86875 0.26875 0.259375
1 0.60703125 0.571875 0.14375 0.19375
1 0.4375 0.5609375 0.10625 0.178125
1 0.3015625 0.33046875 0.0453125 0.0796875
1 0.98359375 0.734375 0.03125 0.1390625
1 0.66953125 0.284375 0.075 0.1171875
1 0.46796875 0.3140625 0.05 0.0984375
1 0.45703125 0.4203125 0.0703125 0.1078125
1 0.384375 0.31015625 0.0390625 0.071875
1 0.01640625 0.31953125 0.021875 0.0390625
1 0.42578125 0.26328125 0.0375 0.059375
1 0.13046875 0.41796875 0.05625 0.090625
1 0.97421875 0.17421875 0.05 0.0453125
1 0.975 0.43671875 0.0484375 0.09375
1 0.45859375 0.16640625 0.03125 0.0375
1 0.48359375 0.21484375 0.0328125 0.0484375
1 0.43046875 0.21171875 0.034375 0.053125
1 0.37890625 0.246875 0.040625 0.071875
1 0.79453125 0.059375 0.0125 0.01875
0 0.06328125 0.52109375 0.1265625 0.290625
0 0.10390625 0.28125 0.171875 0.1640625
0 0.3296875 0.21953125 0.06875 0.125
0 0.21328125 0.278125 0.1421875 0.196875
0 0.49375 0.096875 0.0671875 0.0609375
0 0.240625 0.184375 0.096875 0.071875
0 0.23203125 0.0984375 0.040625 0.0484375