1 0.74921875 0.3265625 0.16875 0.128125
1 0.859375 0.04296875 0.09375 0.0515625
1 0.27265625 0.3390625 0.10625 0.1
1 0.09921875 0.34296875 0.0828125 0.09375
1 0.209375 0.39921875 0.10625 0.1140625
1 0.28203125 0.234375 0.071875 0.071875
1 0.9859375 0.05703125 0.0265625 0.0375
1 0.96484375 0.175 0.06875 0.0796875
1 0.9796875 0.2140625 0.0390625 0.0796875
3 0.4984375 0.45703125 0.2640625 0.31875
0 0.73984375 0.21171875 0.3484375 0.2359375
0 0.49453125 0.23515625 0.2859375 0.2046875
0 0.15078125 0.27109375 0.18125 0.1796875
0 0.3375 0.16953125 0.196875 0.1390625
0 0.03671875 0.2859375 0.0734375 0.1578125
0 0.96171875 0.67109375 0.075 0.4390625
0 0.234375 0.1 0.125 0.0640625
0 0.16640625 0.15703125 0.1625 0.1