1 0.16875 0.9046875 0.29375 0.1875
1 0.92109375 0.91171875 0.15625 0.171875
1 0.82421875 0.44453125 0.15 0.1265625
1 0.63671875 0.90546875 0.30625 0.1859375
1 0.40546875 0.29921875 0.109375 0.0796875
1 0.9734375 0.32109375 0.0515625 0.071875
1 0.225 0.246875 0.0828125 0.06875
1 0.6890625 0.2109375 0.10625 0.0703125
1 0.46015625 0.23125 0.0796875 0.0671875
1 0.58203125 0.18984375 0.084375 0.0609375
1 0.40546875 0.24609375 0.096875 0.0640625
1 0.96953125 0.2796875 0.059375 0.0640625
1 0.5734375 0.29140625 0.1125 0.0953125
1 0.33828125 0.203125 0.046875 0.0578125
1 0.56953125 0.23984375 0.0984375 0.0578125
1 0.90078125 0.10390625 0.0453125 0.0453125
2 0.21171875 0.28828125 0.04375 0.05
2 0.1703125 0.18828125 0.028125 0.0390625
2 0.2109375 0.178125 0.025 0.0328125
3 0.73828125 0.2765625 0.1609375 0.128125
3 0.58984375 0.665625 0.2875 0.265625
0 0.83828125 0.2515625 0.1375 0.15625
0 0.0609375 0.23828125 0.121875 0.228125
0 0.3765625 0.028125 0.0484375 0.05625