1 0.03984375 0.9203125 0.0796875 0.153125
1 0.684375 0.90546875 0.309375 0.1859375
1 0.95546875 0.92578125 0.0875 0.1453125
1 0.26796875 0.9109375 0.2953125 0.175
1 0.82578125 0.24609375 0.1125 0.08125
1 0.43046875 0.253125 0.096875 0.071875
1 0.4765625 0.23046875 0.084375 0.06875
1 0.96953125 0.2734375 0.059375 0.0609375
1 0.69453125 0.20546875 0.096875 0.0671875
1 0.19765625 0.19453125 0.05625 0.0671875
1 0.575 0.28828125 0.1125 0.090625
1 0.9859375 0.153125 0.0265625 0.0453125
1 0.97578125 0.11484375 0.046875 0.0453125
1 0.16875 0.178125 0.05 0.059375
1 0.22578125 0.12578125 0.034375 0.0484375
1 0.5875 0.24375 0.103125 0.06875
1 0.89375 0.08046875 0.0375 0.0359375
1 0.93828125 0.08203125 0.04375 0.0390625
1 0.37890625 0.20703125 0.0546875 0.059375
1 0.9734375 0.31796875 0.0515625 0.071875
2 0.2140625 0.28359375 0.04375 0.0484375
2 0.26640625 0.20625 0.03125 0.0546875
2 0.4640625 0.134375 0.03125 0.03125
3 0.5890625 0.66015625 0.284375 0.2609375
3 0.7375 0.27109375 0.159375 0.128125
0 0.075 0.2984375 0.15 0.259375
0 0.60703125 0.190625 0.115625 0.1265625
0 0.203125 0.09140625 0.078125 0.0953125
0 0.12421875 0.13203125 0.125 0.1140625