1 0.34453125 0.1953125 0.0375 0.05
1 0.60390625 0.95703125 0.1125 0.08125
1 0.60859375 0.24140625 0.046875 0.0546875
1 0.42421875 0.159375 0.028125 0.0515625
1 0.6328125 0.1765625 0.03125 0.04375
1 0.75625 0.2140625 0.040625 0.05
1 0.21640625 0.27421875 0.046875 0.059375
1 0.4765625 0.10078125 0.01875 0.028125
1 0.22578125 0.1515625 0.028125 0.0328125
1 0.59609375 0.1859375 0.034375 0.046875
1 0.83515625 0.35703125 0.0625 0.08125
1 0.40390625 0.1296875 0.025 0.0375
1 0.5453125 0.10859375 0.0203125 0.03125
1 0.51640625 0.1 0.01875 0.034375
1 0.69921875 0.13828125 0.025 0.0359375
1 0.478125 0.059375 0.0125 0.01875
1 0.71328125 0.11796875 0.0234375 0.03125
1 0.565625 0.078125 0.015625 0.0296875
1 0.45234375 0.0640625 0.0140625 0.0203125
1 0.99140625 0.23828125 0.015625 0.046875
3 0.38671875 0.8546875 0.1625 0.2859375
1 0.96875 0.15546875 0.05625 0.0484375
0 0.89921875 0.31015625 0.2 0.2015625
0 0.9546875 0.490625 0.0890625 0.2703125
0 0.60078125 0.0890625 0.03125 0.0640625