1 0.55234375 0.43125 0.165625 0.1484375
1 0.73046875 0.328125 0.159375 0.11875
1 0.36875 0.25078125 0.090625 0.084375
1 0.73359375 0.08828125 0.0875 0.0578125
1 0.96015625 0.06171875 0.078125 0.071875
1 0.859375 0.04375 0.0921875 0.05
1 0.2953125 0.33984375 0.0625 0.0984375
1 0.38828125 0.15546875 0.0703125 0.05625
1 0.96484375 0.20390625 0.06875 0.1109375
1 0.21171875 0.18515625 0.05625 0.0453125
1 0.47578125 0.13203125 0.065625 0.0609375
1 0.34921875 0.0859375 0.046875 0.0359375
1 0.65390625 0.096875 0.0328125 0.0390625
1 0.25234375 0.22578125 0.0640625 0.0703125
1 0.44921875 0.07890625 0.053125 0.04375
1 0.4015625 0.10390625 0.0625 0.0453125
1 0.36171875 0.1296875 0.0609375 0.0515625
0 0.16015625 0.33046875 0.25 0.2875
0 0.25234375 0.121875 0.13125 0.1046875
0 0.88046875 0.6609375 0.2375 0.4890625
0 0.71171875 0.2296875 0.4515625 0.2375
0 0.828125 0.2359375 0.21875 0.225
0 0.60703125 0.20390625 0.240625 0.184375