1 0.275 0.90546875 0.259375 0.1859375
1 0.61015625 0.93515625 0.2578125 0.1265625
1 0.68828125 0.22421875 0.10625 0.0859375
1 0.60078125 0.36328125 0.134375 0.115625
1 0.97265625 0.32890625 0.053125 0.071875
1 0.96484375 0.96328125 0.06875 0.0703125
1 0.59140625 0.2296875 0.090625 0.0703125
1 0.9125 0.12578125 0.046875 0.0453125
1 0.96953125 0.15859375 0.059375 0.0546875
1 0.58125 0.19140625 0.0828125 0.0546875
1 0.19375 0.1234375 0.046875 0.065625
1 0.96875 0.28515625 0.0609375 0.0640625
1 0.859375 0.85390625 0.253125 0.234375
1 0.009375 0.15859375 0.01875 0.04375
3 0.58828125 0.67421875 0.2859375 0.2671875
0 0.33984375 0.06484375 0.0609375 0.1109375
0 0.8359375 0.259375 0.140625 0.15625