0 0.98515625 0.13828125 0.028125 0.06875
1 0.23984375 0.3953125 0.1125 0.090625
1 0.78515625 0.64921875 0.1984375 0.1453125
1 0.14375 0.89296875 0.2875 0.2109375
1 0.10390625 0.45546875 0.1375 0.1
1 0.74296875 0.7796875 0.2375 0.1046875
1 0.36171875 0.8046875 0.23125 0.184375
1 0.35234375 0.33515625 0.0890625 0.075
1 0.76796875 0.278125 0.0578125 0.0671875
1 0.53046875 0.51640625 0.115625 0.1375
1 0.42890625 0.28984375 0.0671875 0.065625
1 0.71953125 0.178125 0.0625 0.040625
1 0.478125 0.36953125 0.0875 0.090625
1 0.6171875 0.41953125 0.09375 0.109375
1 0.48515625 0.4515625 0.1 0.11875
1 0.39765625 0.6484375 0.171875 0.1703125
1 0.1421875 0.2140625 0.05625 0.0390625
1 0.36953125 0.45 0.1140625 0.1109375
1 0.67890625 0.34296875 0.0671875 0.0859375
1 0.025 0.19921875 0.05 0.0359375
1 0.76640625 0.165625 0.046875 0.0359375
1 0.59375 0.36171875 0.078125 0.0875
1 0.89453125 0.15859375 0.0625 0.04375
1 0.33046875 0.20078125 0.0609375 0.046875
1 0.659375 0.29609375 0.0625 0.075
1 0.6328125 0.21796875 0.046875 0.04375
1 0.55546875 0.31328125 0.078125 0.078125
1 0.45625 0.190625 0.05 0.040625
1 0.38515625 0.1890625 0.0546875 0.040625
1 0.58671875 0.08984375 0.01875 0.025
1 0.23046875 0.2 0.0640625 0.0453125
1 0.02890625 0.7890625 0.0578125 0.0296875
1 0.62578125 0.265625 0.0625 0.065625
1 0.29140625 0.18984375 0.05625 0.0390625
1 0.41875 0.1765625 0.04375 0.0359375
1 0.97890625 0.24375 0.040625 0.065625
1 0.96171875 0.215625 0.040625 0.053125
1 0.99296875 0.7765625 0.0125 0.0796875
1 0.51796875 0.278125 0.0625 0.078125
1 0.340625 0.1515625 0.034375 0.0375
2 0.15703125 0.58046875 0.05625 0.090625
2 0.2078125 0.571875 0.025 0.078125
0 0.15546875 0.17421875 0.1484375 0.078125
0 0.5796875 0.14609375 0.140625 0.078125
0 0.54453125 0.203125 0.1359375 0.128125
0 0.81796875 0.19609375 0.0875 0.0890625
0 0.78125 0.90546875 0.4359375 0.1859375
1 0.5796875 0.23984375 0.0640625 0.071875
1 0.29375 0.15 0.03125 0.0359375
1 0.39765625 0.140625 0.0203125 0.03125
1 0.428125 0.13671875 0.021875 0.03125
1 0.45703125 0.13828125 0.0203125 0.0375
1 0.4890625 0.1375 0.0203125 0.040625
0 0.36953125 0.121875 0.046875 0.06875
2 0.23828125 0.58203125 0.0390625 0.0796875
2 0.284375 0.578125 0.0578125 0.0796875
2 0.33125 0.54140625 0.03125 0.0703125