1 0.80859375 0.8859375 0.1625 0.2234375
1 0.94921875 0.93125 0.1 0.134375
1 0.6453125 0.609375 0.0625 0.1
1 0.41171875 0.37890625 0.021875 0.025
1 0.64921875 0.3890625 0.0125 0.021875
1 0.62421875 0.525 0.04375 0.06875
1 0.71015625 0.48984375 0.0390625 0.05
2 0.05546875 0.59375 0.0265625 0.0578125
2 0.28046875 0.4953125 0.01875 0.04375
2 0.19609375 0.46875 0.0171875 0.05625
3 0.54921875 0.65546875 0.140625 0.2890625
0 0.49375 0.45390625 0.059375 0.1625
0 0.95078125 0.56328125 0.096875 0.175
0 0.7234375 0.409375 0.0546875 0.0671875