1 0.81328125 0.765625 0.23125 0.2015625
1 0.47578125 0.30546875 0.0875 0.0546875
1 0.80078125 0.4890625 0.1578125 0.1109375
1 0.078125 0.321875 0.0859375 0.0515625
1 0.31640625 0.30390625 0.0859375 0.0625
1 0.18359375 0.32578125 0.1 0.059375
1 0.33828125 0.41171875 0.109375 0.09375
1 0.82890625 0.23671875 0.0546875 0.0375
1 0.0171875 0.31953125 0.034375 0.0546875
1 0.60546875 0.4296875 0.121875 0.115625
1 0.72265625 0.221875 0.01875 0.0375
1 0.196875 0.2984375 0.0671875 0.0296875
0 0.025 0.515625 0.05 0.2390625
1 0.89609375 0.23203125 0.0546875 0.021875