1 0.94921875 0.26171875 0.1 0.084375
1 0.03203125 0.31015625 0.0640625 0.0640625
1 0.325 0.3015625 0.115625 0.0890625
1 0.7734375 0.296875 0.11875 0.0953125
1 0.5453125 0.33203125 0.128125 0.109375
1 0.0796875 0.21796875 0.0984375 0.0609375
1 0.16328125 0.378125 0.1375 0.115625
1 0.26953125 0.41171875 0.15 0.15
1 0.84765625 0.23671875 0.1015625 0.075
1 0.1515625 0.18359375 0.0921875 0.05625
1 0.64140625 0.2609375 0.1046875 0.08125
1 0.965625 0.1734375 0.0671875 0.065625
1 0.6765625 0.21328125 0.09375 0.0671875
1 0.54921875 0.14453125 0.03125 0.040625
1 0.98359375 0.21171875 0.03125 0.053125
1 0.934375 0.05078125 0.05 0.0390625
1 0.50546875 0.2484375 0.075 0.0671875
1 0.80390625 0.1890625 0.09375 0.0859375
1 0.0125 0.478125 0.025 0.134375
1 0.43359375 0.20703125 0.0875 0.0640625
1 0.82265625 0.01328125 0.028125 0.0265625
1 0.89609375 0.0109375 0.028125 0.021875
1 0.93515625 0.01875 0.0359375 0.0296875
1 0.621875 0.17109375 0.0984375 0.0609375
2 0.94140625 0.91328125 0.115625 0.121875
2 0.0828125 0.3546875 0.05625 0.0609375
2 0.2515625 0.275 0.04375 0.046875
2 0.40546875 0.246875 0.03125 0.0578125
2 0.5953125 0.19453125 0.034375 0.0375
2 0.88984375 0.1515625 0.021875 0.0375
2 0.47578125 0.95 0.196875 0.096875
3 0.5890625 0.63671875 0.2875 0.2640625
0 0.3796875 0.15390625 0.321875 0.1515625
0 0.81640625 0.11171875 0.2578125 0.128125
0 0.25390625 0.04140625 0.0890625 0.0828125