1 0.91484375 0.475 0.14375 0.0875
1 0.07890625 0.48203125 0.1265625 0.0984375
1 0.40625 0.34921875 0.0984375 0.05625
1 0.06875 0.34296875 0.0859375 0.0515625
1 0.46640625 0.33203125 0.08125 0.0546875
1 0.30859375 0.328125 0.0875 0.0640625
1 0.128125 0.3296875 0.0609375 0.0515625
1 0.19609375 0.3453125 0.0921875 0.0546875
1 0.95390625 0.365625 0.090625 0.0546875
1 0.81953125 0.26953125 0.0546875 0.0359375
1 0.184375 0.38828125 0.090625 0.06875
1 0.01328125 0.33984375 0.0265625 0.0546875
0 0.01953125 0.534375 0.0390625 0.228125
1 0.66484375 0.34609375 0.09375 0.078125
1 0.884375 0.2640625 0.053125 0.0203125
1 0.71171875 0.2546875 0.015625 0.03125
1 0.73828125 0.31328125 0.034375 0.0375