1 0.35390625 0.8453125 0.190625 0.30625
1 0.46328125 0.25859375 0.05625 0.0875
1 0.0484375 0.21015625 0.040625 0.06875
1 0.96015625 0.1984375 0.078125 0.0671875
1 0.44609375 0.06171875 0.021875 0.0359375
1 0.47890625 0.20078125 0.04375 0.071875
1 0.46171875 0.11015625 0.03125 0.046875
1 0.13671875 0.21171875 0.05625 0.0609375
1 0.2609375 0.1703125 0.040625 0.0515625
1 0.41015625 0.16484375 0.03125 0.05625
1 0.44609375 0.140625 0.034375 0.0515625
1 0.4375 0.1796875 0.0421875 0.075
2 0.05078125 0.34921875 0.0375 0.071875
0 0.91484375 0.53125 0.16875 0.5296875
0 0.3390625 0.4390625 0.15625 0.29375
0 0.2546875 0.31875 0.24375 0.29375