1 0.53671875 0.43046875 0.1859375 0.1578125
1 0.83203125 0.68515625 0.28125 0.2640625
1 0.903125 0.5609375 0.1921875 0.21875
1 0.93671875 0.2734375 0.125 0.109375
1 0.3015625 0.13359375 0.065625 0.059375
1 0.52265625 0.25546875 0.1125 0.1
1 0.53046875 0.115625 0.084375 0.071875
1 0.59375 0.33984375 0.14375 0.125
1 0.29375 0.3390625 0.115625 0.1265625
1 0.4828125 0.14453125 0.0875 0.0671875
1 0.43984375 0.29375 0.1296875 0.1171875
1 0.21171875 0.13359375 0.0515625 0.0484375
1 0.9140625 0.34140625 0.1703125 0.146875
1 0.315625 0.26875 0.1015625 0.09375
1 0.07734375 0.11953125 0.0328125 0.0390625
1 0.70546875 0.22890625 0.140625 0.090625
1 0.71484375 0.28984375 0.15 0.10625
1 0.09765625 0.2984375 0.0953125 0.078125
1 0.228125 0.25625 0.0796875 0.071875
1 0.75078125 0.121875 0.1046875 0.08125
1 0.7234375 0.16328125 0.1140625 0.0859375
1 0.12578125 0.17578125 0.05 0.0515625
1 0.13203125 0.109375 0.0375 0.0453125
1 0.0625 0.21328125 0.05 0.059375
1 0.82109375 0.3796875 0.225 0.1703125
1 0.0515625 0.271875 0.06875 0.075
1 0.253125 0.109375 0.05625 0.059375
1 0.31484375 0.04375 0.021875 0.028125
1 0.16015625 0.23828125 0.065625 0.065625
1 0.10625 0.22890625 0.059375 0.0578125
1 0.725 0.021875 0.08125 0.04375
1 0.0046875 0.30078125 0.009375 0.0359375