1 0.89921875 0.5703125 0.2 0.2
1 0.35859375 0.584375 0.1515625 0.20625
1 0.3640625 0.26640625 0.075 0.0703125
1 0.13671875 0.2515625 0.046875 0.05625
1 0.1625 0.16875 0.028125 0.0328125
1 0.26328125 0.22421875 0.05 0.0515625
1 0.0875 0.27578125 0.04375 0.059375
1 0.28671875 0.2734375 0.05625 0.0609375
1 0.0484375 0.22890625 0.0328125 0.046875
1 0.97421875 0.16953125 0.05 0.0796875
1 0.12109375 0.34453125 0.059375 0.0859375
1 0.07734375 0.203125 0.0296875 0.0390625
1 0.215625 0.16015625 0.0296875 0.03125
1 0.89765625 0.271875 0.1109375 0.08125
1 0.74765625 0.23125 0.0875 0.0703125
1 0.60390625 0.20078125 0.025 0.0546875
0 0.47890625 0.23125 0.24375 0.1859375
0 0.07109375 0.41484375 0.1421875 0.2984375