1 0.73671875 0.87578125 0.121875 0.2
1 0.57421875 0.91796875 0.1171875 0.1609375
1 0.96640625 0.45703125 0.065625 0.0484375
1 0.61796875 0.56171875 0.05625 0.0859375
1 0.7265625 0.4140625 0.028125 0.0359375
1 0.54609375 0.61171875 0.059375 0.090625
1 0.0890625 0.6546875 0.071875 0.109375
1 0.5671875 0.50625 0.0390625 0.0828125
1 0.92421875 0.6140625 0.1046875 0.09375
1 0.8359375 0.459375 0.0890625 0.0453125
1 0.140625 0.59375 0.0609375 0.071875
1 0.76328125 0.38125 0.021875 0.0296875
1 0.85234375 0.63046875 0.146875 0.1171875
1 0.015625 0.59375 0.03125 0.0578125
1 0.54921875 0.8046875 0.090625 0.1578125
1 0.240625 0.64921875 0.06875 0.0984375
1 0.06484375 0.596875 0.059375 0.06875
1 0.859375 0.43671875 0.0796875 0.040625
1 0.1796875 0.65 0.0828125 0.1
1 0.23203125 0.51484375 0.0625 0.0515625
1 0.63828125 0.51171875 0.0484375 0.0796875
1 0.6578125 0.48203125 0.0390625 0.0578125
1 0.27265625 0.52109375 0.0875 0.065625
1 0.53984375 0.71640625 0.075 0.1265625
0 0.33046875 0.70625 0.1859375 0.3359375