1 0.03984375 0.9203125 0.0796875 0.153125
1 0.68359375 0.90546875 0.3078125 0.1859375
1 0.9546875 0.92578125 0.0890625 0.1453125
1 0.82578125 0.246875 0.1125 0.084375
1 0.2671875 0.91015625 0.2953125 0.1765625
1 0.68828125 0.20625 0.10625 0.071875
1 0.96953125 0.2734375 0.059375 0.0609375
1 0.47421875 0.2296875 0.0875 0.0703125
1 0.43046875 0.25390625 0.096875 0.075
1 0.58671875 0.18515625 0.0734375 0.05625
1 0.57421875 0.28828125 0.1140625 0.090625
1 0.23046875 0.15859375 0.0484375 0.05625
1 0.03671875 0.2 0.0734375 0.071875
1 0.58671875 0.24375 0.1046875 0.06875
1 0.98671875 0.10703125 0.025 0.0296875
1 0.378125 0.20703125 0.0546875 0.059375
1 0.97265625 0.31875 0.053125 0.075
2 0.21328125 0.284375 0.04375 0.046875
2 0.265625 0.2046875 0.03125 0.0546875
2 0.3578125 0.1734375 0.0234375 0.028125
3 0.58828125 0.66015625 0.2859375 0.2609375
3 0.74296875 0.2734375 0.159375 0.128125
0 0.103125 0.24921875 0.20625 0.2546875
0 0.053125 0.13046875 0.10625 0.1140625
0 0.14140625 0.11796875 0.115625 0.1015625
0 0.51015625 0.165625 0.0953125 0.1203125
0 0.2296875 0.0734375 0.09375 0.10625