1 0.97265625 0.6 0.053125 0.1703125
1 0.54609375 0.4296875 0.165625 0.1484375
1 0.60390625 0.35859375 0.14375 0.128125
1 0.26640625 0.340625 0.1078125 0.1046875
1 0.584375 0.1703125 0.096875 0.0703125
1 0.8515625 0.04140625 0.09375 0.05
1 0.4515625 0.30859375 0.128125 0.1171875
1 0.71640625 0.18125 0.1140625 0.078125
1 0.80546875 0.0953125 0.096875 0.075
1 0.8625 0.19609375 0.125 0.084375
1 0.97265625 0.203125 0.053125 0.1015625
1 0.834375 0.409375 0.221875 0.196875
1 0.04609375 0.28359375 0.040625 0.0671875
1 0.9484375 0.0703125 0.046875 0.0484375
1 0.30703125 0.1515625 0.0625 0.0515625
1 0.3265625 0.28125 0.103125 0.0890625
1 0.59453125 0.1359375 0.090625 0.065625
1 0.07734375 0.1734375 0.034375 0.046875
1 0.08203125 0.1296875 0.028125 0.0375
1 0.70859375 0.1390625 0.1015625 0.0671875
1 0.91796875 0.16875 0.090625 0.084375
1 0.56640625 0.08359375 0.0796875 0.0515625
3 0.73671875 0.740625 0.1953125 0.2859375
0 0.4328125 0.12578125 0.2015625 0.134375
0 0.14375 0.27421875 0.184375 0.178125