1 0.77578125 0.734375 0.225 0.271875
1 0.30078125 0.89609375 0.3375 0.2046875
1 0.44609375 0.61953125 0.225 0.215625
1 0.16015625 0.853125 0.3203125 0.278125
1 0.5546875 0.70546875 0.2265625 0.2375
1 0.71796875 0.15078125 0.075 0.071875
1 0.025 0.203125 0.05 0.065625
1 0.21015625 0.18671875 0.05 0.040625
1 0.928125 0.14296875 0.0734375 0.078125
1 0.66796875 0.14453125 0.065625 0.0703125
1 0.8296875 0.15625 0.0640625 0.071875
1 0.56953125 0.15 0.075 0.075
1 0.62890625 0.13125 0.046875 0.0515625
1 0.97421875 0.11328125 0.05 0.078125
1 0.43671875 0.140625 0.021875 0.01875
1 0.88046875 0.125 0.0625 0.0765625
1 0.05859375 0.18828125 0.040625 0.053125
2 0.2203125 0.4109375 0.0703125 0.0859375
2 0.1796875 0.37578125 0.028125 0.0546875
0 0.19765625 0.13359375 0.09375 0.11875