1 0.37265625 0.39375 0.053125 0.109375
1 0.29921875 0.46875 0.0671875 0.1640625
1 0.66953125 0.284375 0.075 0.1171875
1 0.50234375 0.57421875 0.128125 0.159375
1 0.8375 0.7015625 0.2109375 0.2
1 0.4765625 0.4203125 0.0765625 0.1265625
1 0.98125 0.49921875 0.0359375 0.05
1 0.31171875 0.31796875 0.05 0.0796875
1 0.75546875 0.08984375 0.0203125 0.028125
1 0.30390625 0.26171875 0.0375 0.0609375
1 0.35078125 0.23203125 0.03125 0.0546875
1 0.42578125 0.28125 0.04375 0.078125
1 0.97421875 0.1734375 0.05 0.04375
1 0.46953125 0.21328125 0.034375 0.059375
1 0.2171875 0.240625 0.0515625 0.0484375
1 0.3984375 0.20703125 0.0265625 0.040625
1 0.42734375 0.2140625 0.0296875 0.046875
1 0.37734375 0.18515625 0.0296875 0.0453125
1 0.21640625 0.1390625 0.03125 0.025
1 0.95625 0.5203125 0.05625 0.0671875
3 0.43984375 0.66875 0.146875 0.2296875
0 0.07109375 0.3234375 0.1421875 0.16875
0 0.38046875 0.14140625 0.0625 0.0875
0 0.49453125 0.0984375 0.0671875 0.059375
0 0.08984375 0.47421875 0.1796875 0.3703125
0 0.4390625 0.10625 0.059375 0.06875