1 0.03984375 0.921875 0.078125 0.1515625
1 0.8453125 0.909375 0.30625 0.178125
1 0.2734375 0.9 0.2953125 0.196875
1 0.7703125 0.2359375 0.109375 0.0796875
1 0.58515625 0.19296875 0.096875 0.075
1 0.97265625 0.31875 0.053125 0.075
1 0.13671875 0.25546875 0.06875 0.08125
1 0.62421875 0.30390625 0.1171875 0.1
1 0.7359375 0.2984375 0.115625 0.0953125
1 0.4328125 0.25546875 0.1 0.0703125
1 0.4734375 0.23203125 0.096875 0.06875
1 0.44453125 0.15703125 0.0671875 0.05625
1 0.96875 0.27578125 0.0609375 0.059375
1 0.98203125 0.128125 0.034375 0.0453125
1 0.32578125 0.2265625 0.09375 0.0796875
1 0.22421875 0.16484375 0.0453125 0.05625
1 0.11796875 0.21484375 0.065625 0.0703125
1 0.38046875 0.20859375 0.05 0.0609375
1 0.109375 0.18828125 0.059375 0.0609375
1 0.16015625 0.14296875 0.0484375 0.059375
2 0.21640625 0.28203125 0.04375 0.05
2 0.26640625 0.20625 0.028125 0.0546875
2 0.46640625 0.13515625 0.025 0.034375
2 0.35703125 0.16953125 0.0234375 0.03125
2 0.88671875 0.128125 0.03125 0.040625
3 0.58671875 0.6609375 0.284375 0.259375
0 0.3046875 0.06796875 0.0828125 0.1015625
0 0.040625 0.29609375 0.08125 0.2859375