1 0.27421875 0.40859375 0.15625 0.13125
1 0.59609375 0.21796875 0.1 0.0796875
1 0.68828125 0.24921875 0.1140625 0.0859375
1 0.49296875 0.35546875 0.15 0.115625
1 0.11015625 0.359375 0.1375 0.1109375
1 0.9203125 0.24140625 0.103125 0.0765625
1 0.9671875 0.14453125 0.0640625 0.05625
1 0.88671875 0.0984375 0.0515625 0.0515625
1 0.97578125 0.0609375 0.046875 0.0375
1 0.909375 0.19140625 0.084375 0.0765625
1 0.5328125 0.15390625 0.0125 0.0375
1 0.93828125 0.02109375 0.0375 0.0359375
1 0.7125 0.1296875 0.071875 0.05625
1 0.87890625 0.03203125 0.0390625 0.0359375
2 0.5828125 0.90703125 0.1140625 0.1046875
2 0.84453125 0.13671875 0.021875 0.040625
2 0.78359375 0.16484375 0.03125 0.040625
2 0.67109375 0.16953125 0.040625 0.046875
2 0.21640625 0.1015625 0.01875 0.05625
2 0.74296875 0.15859375 0.0234375 0.0359375
2 0.80078125 0.1453125 0.01875 0.03125
3 0.5890625 0.6359375 0.284375 0.2609375
0 0.396875 0.19296875 0.26875 0.178125
0 0.07109375 0.19375 0.1421875 0.1390625
0 0.25390625 0.03984375 0.0875 0.0796875