1 0.97265625 0.45078125 0.053125 0.046875
1 0.8640625 0.621875 0.146875 0.11875
1 0.17578125 0.51953125 0.0875 0.0609375
1 0.28828125 0.5046875 0.08125 0.0609375
1 0.5703125 0.584375 0.04375 0.0828125
1 0.0609375 0.53671875 0.05 0.05625
1 0.01484375 0.553125 0.0296875 0.05
1 0.9375 0.60625 0.1046875 0.09375
1 0.59765625 0.5203125 0.0484375 0.0671875
1 0.73984375 0.3796875 0.021875 0.0296875
1 0.8484375 0.453125 0.0890625 0.04375
1 0.19296875 0.63515625 0.0875 0.1
1 0.10078125 0.6390625 0.0703125 0.1109375
1 0.42734375 0.546875 0.0625 0.06875
1 0.66171875 0.46328125 0.040625 0.059375
1 0.41328125 0.51328125 0.053125 0.0640625
1 0.35546875 0.56953125 0.0515625 0.075
1 0.62421875 0.4890625 0.04375 0.05625
1 0.67109375 0.42109375 0.034375 0.0390625
1 0.15390625 0.58046875 0.0625 0.071875
1 0.51953125 0.41640625 0.034375 0.034375
1 0.465625 0.5015625 0.05625 0.05625
1 0.87265625 0.4296875 0.08125 0.040625
0 0.4203125 0.68359375 0.271875 0.3375
0 0.54296875 0.47421875 0.0953125 0.1375
0 0.31171875 0.86796875 0.296875 0.2609375