1 0.4796875 0.30078125 0.0875 0.0546875
1 0.28125 0.35390625 0.1109375 0.0671875
1 0.08203125 0.3140625 0.084375 0.0546875
1 0.01953125 0.31015625 0.0390625 0.0546875
1 0.83359375 0.234375 0.0546875 0.0359375
1 0.32109375 0.29609375 0.0859375 0.059375
1 0.98671875 0.43515625 0.025 0.075
1 0.184375 0.31796875 0.0921875 0.05625
1 0.725 0.21796875 0.0171875 0.03125
1 0.89921875 0.2265625 0.053125 0.0203125
1 0.7625 0.28125 0.0625 0.0453125
1 0.20234375 0.29375 0.0625 0.03125
1 0.33125 0.246875 0.0609375 0.025