1 0.43671875 0.390625 0.1125 0.134375
1 0.8265625 0.66640625 0.28125 0.334375
1 0.96484375 0.63359375 0.06875 0.1515625
1 0.59296875 0.50390625 0.159375 0.178125
1 0.72421875 0.22578125 0.115625 0.09375
1 0.76953125 0.11328125 0.0453125 0.0375
1 0.6109375 0.19296875 0.0875 0.078125
1 0.80859375 0.38515625 0.1625 0.11875
1 0.36015625 0.32890625 0.078125 0.1015625
1 0.63046875 0.30703125 0.125 0.1078125
1 0.925 0.290625 0.1484375 0.1484375
1 0.6515625 0.08203125 0.0359375 0.03125
1 0.65 0.42578125 0.1671875 0.1484375
1 0.95234375 0.46875 0.09375 0.175
1 0.4953125 0.1390625 0.0703125 0.05625
1 0.8296875 0.165625 0.0625 0.04375
1 0.9421875 0.1796875 0.078125 0.0484375
1 0.5203125 0.2546875 0.078125 0.10625
1 0.57421875 0.06328125 0.03125 0.0265625
1 0.81640625 0.14296875 0.046875 0.0328125
1 0.70078125 0.10546875 0.046875 0.0296875
1 0.9453125 0.1484375 0.071875 0.0453125
1 0.8359375 0.49375 0.178125 0.2171875
1 0.51953125 0.2 0.0640625 0.075
2 0.14140625 0.36484375 0.025 0.059375
0 0.39765625 0.23046875 0.1875 0.209375