1 0.05078125 0.91875 0.1015625 0.159375
1 0.865625 0.91015625 0.2671875 0.1765625
1 0.76484375 0.35859375 0.134375 0.1171875
1 0.64453125 0.20625 0.096875 0.071875
1 0.41015625 0.909375 0.3 0.178125
1 0.98515625 0.16328125 0.028125 0.059375
1 0.4828125 0.26640625 0.103125 0.078125
1 0.45703125 0.16328125 0.078125 0.0640625
1 0.96640625 0.275 0.065625 0.0609375
1 0.97265625 0.31953125 0.053125 0.071875
1 0.52890625 0.24453125 0.103125 0.0703125
1 0.19375 0.19921875 0.0546875 0.06875
1 0.359375 0.125 0.040625 0.046875
1 0.3265625 0.2265625 0.09375 0.0796875
1 0.1984375 0.11171875 0.040625 0.05
1 0.38359375 0.21015625 0.0453125 0.0578125
2 0.26640625 0.26953125 0.04375 0.0578125
2 0.26484375 0.20546875 0.0296875 0.0515625
3 0.58828125 0.66171875 0.284375 0.2609375
0 0.084375 0.25078125 0.16875 0.265625