1 0.8578125 0.28515625 0.10625 0.0859375
1 0.68515625 0.33046875 0.125 0.10625
1 0.496875 0.34296875 0.1234375 0.1109375
1 0.05703125 0.59296875 0.1140625 0.1640625
1 0.33125 0.4515625 0.171875 0.140625
1 0.94375 0.2140625 0.075 0.0796875
1 0.25859375 0.40390625 0.1421875 0.121875
1 0.01640625 0.234375 0.0328125 0.05
1 0.58046875 0.13203125 0.0625 0.03125
1 0.03671875 0.30859375 0.0734375 0.090625
1 0.415625 0.19453125 0.071875 0.0640625
1 0.14453125 0.2234375 0.1 0.071875
1 0.19765625 0.19296875 0.0875 0.05625
1 0.02890625 0.4390625 0.0578125 0.05625
1 0.34609375 0.175 0.084375 0.0546875
1 0.03984375 0.503125 0.078125 0.090625
1 0.45859375 0.15703125 0.084375 0.0484375
1 0.33984375 0.14609375 0.0859375 0.0453125
1 0.296875 0.23515625 0.109375 0.0703125
1 0.9296875 0.03515625 0.028125 0.0296875
1 0.18046875 0.03359375 0.028125 0.0296875
1 0.78125 0.02109375 0.071875 0.0421875
1 0.69453125 0.1234375 0.04375 0.028125
1 0.89453125 0.01953125 0.0265625 0.0359375
1 0.28671875 0.2046875 0.0921875 0.0546875
2 0.10703125 0.11640625 0.0203125 0.0453125
2 0.21328125 0.115625 0.0171875 0.0578125
2 0.1421875 0.10625 0.028125 0.04375
3 0.58984375 0.65078125 0.290625 0.26875
0 0.57734375 0.2234375 0.2734375 0.2015625
0 0.83671875 0.16015625 0.259375 0.15
0 0.25234375 0.0484375 0.09375 0.096875
0 0.984375 0.1265625 0.0296875 0.1015625