1 0.634375 0.7765625 0.275 0.2859375
1 0.9734375 0.6046875 0.0515625 0.171875
1 0.9859375 0.109375 0.0265625 0.0484375
1 0.54921875 0.43203125 0.1671875 0.15
1 0.371875 0.484375 0.146875 0.1546875
1 0.60546875 0.36171875 0.14375 0.128125
1 0.85546875 0.04453125 0.090625 0.0515625
1 0.26796875 0.34375 0.1078125 0.1015625
1 0.58671875 0.171875 0.096875 0.0703125
1 0.87890625 0.29375 0.146875 0.1203125
1 0.71875 0.184375 0.1125 0.0796875
1 0.31484375 0.2796875 0.0984375 0.0859375
1 0.9734375 0.20703125 0.0515625 0.1046875
1 0.56171875 0.08203125 0.0625 0.046875
1 0.59765625 0.13828125 0.0921875 0.06875
1 0.7046875 0.14453125 0.096875 0.0703125
1 0.45390625 0.309375 0.128125 0.115625
1 0.865625 0.1984375 0.128125 0.0890625
1 0.83671875 0.39609375 0.2203125 0.234375
1 0.04921875 0.28359375 0.0390625 0.0671875
1 0.86796875 0.1609375 0.128125 0.0640625
2 0.27265625 0.94140625 0.128125 0.1140625
0 0.4390625 0.12890625 0.196875 0.13125
0 0.14609375 0.27578125 0.1828125 0.178125
0 0.7390625 0.03203125 0.08125 0.0640625
0 0.1328125 0.075 0.084375 0.0609375