1 0.16640625 0.9140625 0.29375 0.16875
1 0.896875 0.909375 0.2046875 0.178125
1 0.59609375 0.9046875 0.3046875 0.1875
1 0.09609375 0.23203125 0.0828125 0.0609375
1 0.5828125 0.19140625 0.0828125 0.065625
1 0.97265625 0.15 0.053125 0.0515625
1 0.9734375 0.32109375 0.0515625 0.071875
1 0.8390625 0.353125 0.14375 0.1140625
1 0.690625 0.20859375 0.1046875 0.065625
1 0.2171875 0.253125 0.096875 0.06875
1 0.37265625 0.28984375 0.0984375 0.0796875
1 0.30234375 0.23046875 0.0875 0.065625
1 0.48203125 0.22890625 0.090625 0.071875
1 0.96953125 0.27890625 0.059375 0.0609375
1 0.3453125 0.20703125 0.075 0.059375
1 0.45078125 0.26171875 0.1015625 0.0796875
1 0.10078125 0.14140625 0.065625 0.05
1 0.6890625 0.065625 0.0265625 0.0203125
2 0.16171875 0.284375 0.0390625 0.0609375
3 0.68125 0.26171875 0.153125 0.1203125
3 0.58984375 0.66484375 0.2859375 0.2625
0 0.02890625 0.2640625 0.0578125 0.16875
0 0.8375 0.24296875 0.1421875 0.140625