1 0.18046875 0.7890625 0.2328125 0.18125
1 0.0296875 0.3765625 0.059375 0.0765625
1 0.546875 0.90078125 0.28125 0.1953125
1 0.09609375 0.26171875 0.0859375 0.0546875
1 0.72421875 0.52890625 0.103125 0.190625
1 0.90234375 0.16796875 0.0796875 0.05
1 0.52734375 0.728125 0.2265625 0.2109375
1 0.7125 0.3984375 0.0734375 0.1109375
1 0.26171875 0.225 0.0734375 0.05
1 0.5671875 0.18046875 0.075 0.0609375
1 0.16171875 0.1890625 0.053125 0.0453125
1 0.97890625 0.11953125 0.040625 0.04375
1 0.81953125 0.034375 0.0171875 0.0203125
1 0.20234375 0.228125 0.05625 0.0484375
1 0.88359375 0.73359375 0.23125 0.2078125
1 0.34609375 0.20625 0.075 0.05
1 0.66796875 0.25625 0.075 0.109375
1 0.52578125 0.16484375 0.059375 0.0453125
1 0.66328125 0.10546875 0.0515625 0.034375
1 0.21484375 0.16328125 0.05 0.0328125
1 0.2921875 0.1984375 0.065625 0.0453125
0 0.85078125 0.12890625 0.190625 0.0953125