1 0.94921875 0.2765625 0.1 0.0859375
1 0.03828125 0.2328125 0.0765625 0.0625
1 0.8015625 0.29921875 0.1140625 0.090625
1 0.62578125 0.34375 0.1296875 0.10625
1 0.3234375 0.42109375 0.146875 0.1359375
1 0.04140625 0.5328125 0.0828125 0.140625
1 0.15234375 0.384375 0.13125 0.125
1 0.32421875 0.17421875 0.0546875 0.0515625
1 0.69765625 0.26953125 0.1109375 0.0796875
1 0.1703125 0.28046875 0.1125 0.0765625
1 0.86484375 0.23671875 0.1 0.078125
1 0.50234375 0.30390625 0.1125 0.09375
1 0.9734375 0.1546875 0.0515625 0.0765625
1 0.12265625 0.19453125 0.0859375 0.0671875
1 0.84296875 0.2046875 0.09375 0.06875
1 0.02265625 0.4484375 0.0453125 0.0640625
1 0.53359375 0.2515625 0.103125 0.0703125
1 0.22109375 0.209375 0.090625 0.059375
1 0.57265625 0.1953125 0.09375 0.0609375
1 0.66953125 0.1390625 0.0484375 0.0453125
1 0.8953125 0.01640625 0.028125 0.0328125
1 0.740625 0.165625 0.0734375 0.0546875
2 0.0828125 0.93828125 0.165625 0.1203125
2 0.809375 0.83046875 0.1 0.1015625
2 0.48828125 0.928125 0.11875 0.115625
2 0.721875 0.9609375 0.1625 0.075
2 0.4296875 0.23828125 0.040625 0.0390625
3 0.59140625 0.64609375 0.290625 0.2640625
0 0.49921875 0.14921875 0.303125 0.146875
0 0.25625 0.04609375 0.09375 0.0921875
0 0.90625 0.10703125 0.1859375 0.121875