1 0.54765625 0.790625 0.2484375 0.1921875
1 0.90078125 0.6734375 0.196875 0.215625
1 0.03359375 0.78125 0.0671875 0.134375
1 0.10859375 0.921875 0.2171875 0.1515625
1 0.90078125 0.16796875 0.0765625 0.05
1 0.7140625 0.37421875 0.071875 0.1046875
1 0.77265625 0.26953125 0.059375 0.0796875
1 0.37578125 0.20078125 0.0703125 0.05
1 0.3125 0.25859375 0.0875 0.065625
1 0.16171875 0.18984375 0.053125 0.046875
1 0.13203125 0.25625 0.084375 0.0546875
1 0.725 0.16640625 0.06875 0.0515625
1 0.26640625 0.225 0.0734375 0.05
1 0.740625 0.50546875 0.0859375 0.175
1 0.29609375 0.19921875 0.0671875 0.046875
1 0.20546875 0.2296875 0.059375 0.0484375
1 0.81875 0.146875 0.06875 0.046875
1 0.215625 0.1640625 0.0484375 0.0359375
1 0.79609375 0.21015625 0.0546875 0.06875
1 0.66796875 0.25546875 0.075 0.1078125
1 0.98828125 0.4546875 0.021875 0.065625
1 0.97421875 0.13828125 0.05 0.046875
1 0.64609375 0.13203125 0.046875 0.0390625
1 0.81484375 0.1796875 0.0515625 0.0515625
0 0.04609375 0.30703125 0.0921875 0.1484375
0 0.22890625 0.07109375 0.040625 0.05