1 0.2890625 0.2453125 0.0828125 0.084375
1 0.73359375 0.9046875 0.1875 0.1875
1 0.90703125 0.7734375 0.184375 0.2203125
1 0.83671875 0.278125 0.1046875 0.1
1 0.134375 0.15625 0.0828125 0.0609375
1 0.5578125 0.5 0.134375 0.2
1 0.17890625 0.18671875 0.065625 0.075
1 0.75390625 0.21484375 0.071875 0.078125
1 0.70234375 0.23046875 0.0734375 0.0765625
1 0.60703125 0.14921875 0.05 0.06875
1 0.45703125 0.3765625 0.10625 0.134375
1 0.6453125 0.13125 0.04375 0.059375
1 0.79140625 0.29140625 0.0875 0.0765625
1 0.584375 0.10546875 0.0359375 0.05625
1 0.484375 0.040625 0.028125 0.040625
1 0.57109375 0.06015625 0.028125 0.04375
1 0.69140625 0.16640625 0.0609375 0.0640625
1 0.99296875 0.4046875 0.0125 0.06875
2 0.1421875 0.39609375 0.05625 0.0890625
2 0.0484375 0.42109375 0.05625 0.0765625
2 0.01640625 0.12109375 0.0328125 0.0546875
2 0.16015625 0.09296875 0.040625 0.040625
2 0.9625 0.08671875 0.0375 0.0484375
3 0.74296875 0.43125 0.265625 0.3640625
0 0.4875 0.21171875 0.225 0.209375
1 0.634375 0.0953125 0.0328125 0.0453125
1 0.61796875 0.06640625 0.028125 0.0453125
1 0.60390625 0.04140625 0.0265625 0.0453125
1 0.56640625 0.0296875 0.025 0.0359375