1 0.18984375 0.49921875 0.096875 0.1203125
1 0.5125 0.63828125 0.109375 0.1875
1 0.76328125 0.81953125 0.1953125 0.2609375
1 0.44296875 0.44296875 0.065625 0.103125
1 0.1734375 0.28046875 0.0375 0.05
1 0.44765625 0.3453125 0.05 0.06875
1 0.20546875 0.32890625 0.065625 0.0609375
1 0.32578125 0.3390625 0.04375 0.0671875
1 0.37265625 0.32109375 0.040625 0.0609375
1 0.5609375 0.29609375 0.040625 0.0453125
1 0.85234375 0.284375 0.05 0.04375
1 0.5875 0.36328125 0.0734375 0.096875
1 0.58984375 0.48984375 0.084375 0.0984375
1 0.80703125 0.265625 0.034375 0.0390625
2 0.05 0.39921875 0.046875 0.0578125
2 0.15859375 0.35625 0.03125 0.0390625
3 0.64609375 0.5859375 0.134375 0.2203125
0 0.62578125 0.26171875 0.084375 0.0984375