1 0.10703125 0.8453125 0.159375 0.30625
1 0.58359375 0.66875 0.1375 0.221875
1 0.928125 0.81640625 0.1421875 0.28125
1 0.203125 0.4890625 0.08125 0.1375
1 0.37890625 0.47890625 0.078125 0.1359375
1 0.459375 0.4109375 0.078125 0.1078125
1 0.740625 0.3609375 0.0828125 0.08125
1 0.49609375 0.340625 0.06875 0.08125
1 0.165625 0.325 0.0484375 0.0796875
1 0.721875 0.94140625 0.19375 0.1140625
1 0.61640625 0.32421875 0.065625 0.0671875
1 0.31640625 0.2796875 0.04375 0.0703125
1 0.65703125 0.30078125 0.0515625 0.0578125
1 0.5625 0.2546875 0.046875 0.046875
1 0.16484375 0.25 0.04375 0.0640625
1 0.39765625 0.32421875 0.0546875 0.078125
1 0.50625 0.25 0.0375 0.0265625
1 0.215625 0.365625 0.053125 0.1140625
1 0.8546875 0.45546875 0.1296875 0.1375
1 0.85546875 0.246875 0.0453125 0.04375
1 0.23203125 0.303125 0.0359375 0.06875
2 0.08671875 0.29609375 0.025 0.040625
0 0.90078125 0.36953125 0.196875 0.228125
0 0.65703125 0.2390625 0.10625 0.1265625
0 0.53203125 0.0609375 0.05 0.0671875