1 0.6765625 0.31484375 0.15625 0.11875
1 0.91171875 0.365625 0.175 0.146875
1 0.859375 0.0484375 0.084375 0.0515625
1 0.87734375 0.2046875 0.0890625 0.0875
1 0.16796875 0.37890625 0.090625 0.10625
1 0.96484375 0.61015625 0.06875 0.171875
1 0.95078125 0.29375 0.096875 0.0953125
1 0.7421875 0.08984375 0.09375 0.03125
1 0.96328125 0.1796875 0.071875 0.075
1 0.096875 0.33671875 0.08125 0.09375
1 0.48515625 0.12421875 0.0671875 0.0375
1 0.86328125 0.15 0.0703125 0.0640625
1 0.97421875 0.209375 0.05 0.08125
1 0.28125 0.23046875 0.071875 0.071875
2 0.89453125 0.08203125 0.040625 0.0546875
2 0.665625 0.03984375 0.025 0.04375
3 0.28671875 0.38046875 0.18125 0.246875
0 0.684375 0.20703125 0.328125 0.2296875
0 0.6703125 0.5734375 0.5953125 0.528125
0 0.45234375 0.2265625 0.2703125 0.190625
0 0.14765625 0.26328125 0.178125 0.165625
0 0.03515625 0.28046875 0.0703125 0.1484375
0 0.18828125 0.1515625 0.115625 0.096875
0 0.23515625 0.09609375 0.1265625 0.0640625
0 0.3890625 0.33828125 0.1015625 0.1015625
0 0.33828125 0.165625 0.196875 0.1359375
0 0.109375 0.15078125 0.05 0.0765625
0 0.7453125 0.034375 0.08125 0.065625