1 0.4359375 0.1390625 0.0625 0.0671875
1 0.34375 0.23671875 0.090625 0.08125
1 0.64765625 0.42578125 0.1296875 0.1265625
1 0.67578125 0.640625 0.1375 0.1859375
1 0.68671875 0.19921875 0.078125 0.0796875
1 0.33359375 0.17890625 0.0828125 0.06875
1 0.528125 0.44140625 0.109375 0.1390625
1 0.83203125 0.9296875 0.2125 0.1375
1 0.59921875 0.14296875 0.046875 0.075
1 0.6640625 0.140625 0.0578125 0.059375
2 0.58203125 0.265625 0.0296875 0.0546875
2 0.14140625 0.39140625 0.053125 0.090625
2 0.52109375 0.24375 0.03125 0.046875
2 0.81953125 0.38203125 0.040625 0.065625
2 0.96171875 0.08828125 0.040625 0.0390625
2 0.12265625 0.075 0.028125 0.03125
2 0.7765625 0.3359375 0.0265625 0.0546875
2 0.51015625 0.20625 0.025 0.04375
2 0.87109375 0.36796875 0.025 0.0578125
3 0.95 0.76796875 0.0984375 0.4390625
0 0.0453125 0.090625 0.090625 0.1078125
1 0.6421875 0.1125 0.0328125 0.05
1 0.58203125 0.09921875 0.0328125 0.046875
1 0.62578125 0.0890625 0.0328125 0.046875
1 0.575 0.0734375 0.0328125 0.0484375
1 0.61796875 0.06640625 0.028125 0.0375
1 0.609375 0.04375 0.025 0.0296875
1 0.571875 0.04453125 0.0265625 0.0359375
1 0.6046875 0.02890625 0.0265625 0.0375
1 0.56640625 0.02109375 0.025 0.0328125
1 0.37265625 0.08203125 0.034375 0.0625
1 0.3546875 0.065625 0.025 0.0390625
2 0.721875 0.28046875 0.01875 0.028125