1 0.67578125 0.428125 0.159375 0.1109375
1 0.30546875 0.33046875 0.1078125 0.084375
1 0.16015625 0.31953125 0.10625 0.071875
1 0.53359375 0.3 0.0984375 0.078125
1 0.06015625 0.28515625 0.090625 0.05625
1 0.01484375 0.278125 0.0296875 0.05625
1 0.83046875 0.175 0.05 0.03125
1 0.2109375 0.26796875 0.06875 0.0609375
1 0.15390625 0.290625 0.1 0.0546875
1 0.89453125 0.16875 0.053125 0.021875
1 0.2984375 0.25703125 0.0546875 0.0546875
1 0.99140625 0.27578125 0.015625 0.0484375
0 0.4703125 0.2515625 0.3265625 0.1328125
0 0.81328125 0.2515625 0.2515625 0.125