1 0.21640625 0.48046875 0.0953125 0.10625
1 0.85546875 0.36015625 0.1125 0.0859375
1 0.09765625 0.496875 0.084375 0.1015625
1 0.68515625 0.48203125 0.1453125 0.1203125
1 0.78515625 0.45859375 0.140625 0.1140625
1 0.50625 0.42109375 0.10625 0.084375
1 0.64453125 0.928125 0.215625 0.140625
1 0.546875 0.20625 0.05 0.0359375
1 0.36484375 0.17421875 0.034375 0.021875
1 0.2828125 0.1765625 0.034375 0.028125
1 0.12265625 0.18203125 0.0203125 0.028125
2 0.46953125 0.20546875 0.0125 0.021875
2 0.43984375 0.20625 0.0125 0.028125
0 0.7046875 0.72421875 0.5890625 0.5484375
0 0.47578125 0.33046875 0.21875 0.15
0 0.08515625 0.371875 0.15 0.1546875
0 0.29609375 0.3265625 0.184375 0.146875