1 0.778125 0.73828125 0.225 0.271875
1 0.33203125 0.20390625 0.10625 0.075
1 0.4484375 0.621875 0.2265625 0.215625
1 0.16171875 0.85703125 0.321875 0.278125
1 0.55625 0.70859375 0.228125 0.2390625
1 0.296875 0.8984375 0.353125 0.2
1 0.81171875 0.390625 0.2078125 0.1453125
1 0.7203125 0.153125 0.075 0.071875
1 0.9296875 0.1453125 0.075 0.0765625
1 0.5640625 0.15625 0.0890625 0.06875
1 0.67265625 0.14609375 0.0671875 0.0703125
1 0.83359375 0.15625 0.065625 0.071875
1 0.63359375 0.12890625 0.059375 0.065625
1 0.7765625 0.12421875 0.0421875 0.0484375
1 0.79296875 0.14296875 0.0609375 0.06875
1 0.884375 0.128125 0.0546875 0.0765625
1 0.9375 0.103125 0.0390625 0.0359375
1 0.978125 0.1140625 0.04375 0.0796875
1 0.9109375 0.0765625 0.0390625 0.0453125
1 0.9484375 0.05859375 0.03125 0.04375