1 0.48671875 0.46796875 0.1640625 0.1875
1 0.64453125 0.18046875 0.090625 0.0609375
1 0.20390625 0.859375 0.234375 0.278125
1 0.05625 0.10390625 0.040625 0.0484375
1 0.3796875 0.2796875 0.1 0.1109375
1 0.25390625 0.265625 0.08125 0.1015625
1 0.6953125 0.50390625 0.2140625 0.21875
1 0.37421875 0.175 0.075 0.071875
1 0.1734375 0.21640625 0.065625 0.09375
1 0.1484375 0.12890625 0.0453125 0.05
1 0.14453125 0.16796875 0.04375 0.065625
1 0.60078125 0.12578125 0.0359375 0.034375
1 0.00546875 0.0359375 0.0109375 0.0234375
2 0.10234375 0.40625 0.03125 0.0875
0 0.28671875 0.0859375 0.115625 0.1140625
0 0.17421875 0.05703125 0.071875 0.075