1 0.07421875 0.90703125 0.1484375 0.18125
1 0.46484375 0.37578125 0.059375 0.08125
1 0.72734375 0.36484375 0.065625 0.075
1 0.85546875 0.45625 0.109375 0.090625
1 0.20625 0.3234375 0.065625 0.0609375
1 0.13984375 0.33125 0.0453125 0.0671875
1 0.61640625 0.34140625 0.0515625 0.0609375
1 0.828125 0.49140625 0.10625 0.0953125
1 0.853125 0.2796875 0.0484375 0.0453125
1 0.2765625 0.3046875 0.009375 0.0609375
1 0.63046875 0.54453125 0.0875 0.11875
1 0.27421875 0.51875 0.09375 0.1703125
1 0.16875 0.2890625 0.040625 0.0515625
2 0.05 0.39375 0.046875 0.0578125
2 0.08671875 0.328125 0.028125 0.0484375
0 0.60625 0.71484375 0.34375 0.5671875
0 0.671875 0.2765625 0.1359375 0.128125
0 0.33203125 0.36328125 0.1109375 0.2046875
0 0.31640625 0.234375 0.0578125 0.0765625