1 0.21171875 0.309375 0.096875 0.078125
1 0.36953125 0.76640625 0.225 0.18125
1 0.74375 0.88671875 0.3046875 0.221875
1 0.13984375 0.25703125 0.0765625 0.0515625
1 0.53984375 0.2015625 0.078125 0.05625
1 0.71640625 0.5453125 0.0875 0.1609375
1 0.159375 0.19375 0.053125 0.046875
1 0.86015625 0.1765625 0.0578125 0.053125
1 0.79609375 0.23828125 0.046875 0.065625
1 0.0125 0.30703125 0.025 0.0453125
1 0.97421875 0.41796875 0.05 0.065625
1 0.81953125 0.10390625 0.05 0.0359375
1 0.37890625 0.18203125 0.0734375 0.05625
1 0.75625 0.278125 0.0515625 0.0859375
1 0.72421875 0.0796875 0.01875 0.0296875
1 0.97265625 0.38515625 0.05 0.0484375
1 0.69765625 0.4234375 0.071875 0.125
1 0.22265625 0.16328125 0.046875 0.0328125
1 0.71796875 0.3296875 0.065625 0.1078125
1 0.93671875 0.16171875 0.05 0.046875
1 0.81953125 0.2 0.0421875 0.0640625
1 0.88046875 0.6359375 0.165625 0.2234375
0 0.5859375 0.0890625 0.09375 0.1