1 0.59765625 0.73359375 0.0828125 0.1328125
1 0.97265625 0.45859375 0.053125 0.046875
1 0.35390625 0.57890625 0.05625 0.075
1 0.86484375 0.63125 0.146875 0.11875
1 0.70078125 0.41171875 0.028125 0.0359375
1 0.19375 0.64453125 0.0859375 0.1
1 0.58671875 0.59296875 0.0578125 0.0890625
1 0.2828125 0.515625 0.075 0.0609375
1 0.66796875 0.49453125 0.0421875 0.0703125
1 0.93828125 0.61484375 0.103125 0.096875
1 0.1015625 0.64921875 0.071875 0.109375
1 0.03515625 0.578125 0.0703125 0.0640625
1 0.60390625 0.52578125 0.04375 0.0640625
1 0.85234375 0.459375 0.08125 0.040625
1 0.87265625 0.43671875 0.0796875 0.040625
1 0.1625 0.5265625 0.08125 0.05
1 0.525 0.42578125 0.0359375 0.034375
1 0.42109375 0.5609375 0.046875 0.075
1 0.4125 0.5234375 0.0484375 0.065625
1 0.6203125 0.45625 0.04375 0.046875
1 0.1546875 0.58984375 0.0640625 0.071875
1 0.1328125 0.55703125 0.09375 0.059375
0 0.49609375 0.525 0.121875 0.171875
0 0.28984375 0.79296875 0.415625 0.4109375