1 0.77734375 0.73984375 0.2265625 0.26875
1 0.2453125 0.6359375 0.2515625 0.1953125
1 0.02890625 0.79609375 0.0578125 0.1375
1 0.06015625 0.48359375 0.1203125 0.1890625
1 0.55546875 0.71171875 0.2265625 0.24375
1 0.44765625 0.621875 0.2265625 0.21875
1 0.1609375 0.85859375 0.321875 0.2765625
1 0.5640625 0.15859375 0.090625 0.06875
1 0.30234375 0.9 0.3375 0.196875
1 0.50859375 0.94375 0.296875 0.109375
1 0.71875 0.15546875 0.075 0.075
1 0.67109375 0.1484375 0.0671875 0.0703125
1 0.9265625 0.1484375 0.075 0.078125
1 0.83203125 0.15859375 0.0640625 0.071875
1 0.63046875 0.1359375 0.046875 0.05
1 0.79375 0.14921875 0.0609375 0.0640625
1 0.884375 0.1296875 0.0625 0.0796875
1 0.97734375 0.1171875 0.0453125 0.071875
1 0.934375 0.1 0.034375 0.0234375
1 0.90859375 0.08671875 0.0515625 0.0328125
1 0.91796875 0.06015625 0.03125 0.03125
1 0.95234375 0.0640625 0.046875 0.053125