1 0.059375 0.6859375 0.11875 0.2234375
1 0.9578125 0.36171875 0.0828125 0.0875
1 0.04453125 0.3390625 0.0828125 0.0890625
1 0.7609375 0.86484375 0.1640625 0.2640625
1 0.63359375 0.39453125 0.065625 0.096875
1 0.67734375 0.24140625 0.0375 0.0546875
1 0.37578125 0.4203125 0.0703125 0.11875
1 0.30703125 0.33125 0.0640625 0.0859375
1 0.72890625 0.390625 0.0625 0.096875
1 0.50546875 0.33203125 0.0625 0.0875
1 0.41015625 0.3046875 0.053125 0.0765625
1 0.77734375 0.3515625 0.059375 0.08125
1 0.2703125 0.51875 0.1140625 0.18125
1 0.14296875 0.44453125 0.0984375 0.1265625
1 0.621875 0.2984375 0.046875 0.0703125
1 0.11953125 0.27890625 0.059375 0.071875
1 0.21328125 0.46953125 0.096875 0.1359375
1 0.21328125 0.28828125 0.0609375 0.071875
1 0.75078125 0.29375 0.05 0.065625
1 0.12890625 0.38125 0.0796875 0.1046875
1 0.17109375 0.24609375 0.053125 0.059375
1 0.371875 0.25703125 0.046875 0.0625
1 0.48828125 0.28203125 0.04375 0.06875
3 0.83203125 0.5640625 0.1234375 0.20625