1 0.734375 0.53828125 0.109375 0.184375
1 0.7328125 0.3453125 0.0671875 0.10625
1 0.90234375 0.6859375 0.19375 0.209375
1 0.7890625 0.240625 0.0515625 0.0859375
1 0.12109375 0.27109375 0.0765625 0.06875
1 0.76328125 0.08671875 0.0375 0.0296875
1 0.1390625 0.37890625 0.1125 0.0765625
1 0.9625 0.42109375 0.040625 0.0578125
1 0.4 0.22578125 0.071875 0.0671875
1 0.13515625 0.44375 0.11875 0.0984375
1 0.52109375 0.1765625 0.053125 0.05
1 0.27890625 0.18046875 0.05 0.05
1 0.96484375 0.378125 0.034375 0.0484375
1 0.5015625 0.16171875 0.0375 0.0390625
1 0.32578125 0.1765625 0.046875 0.0453125
1 0.97109375 0.1359375 0.05625 0.04375
1 0.271875 0.12109375 0.01875 0.028125
2 0.50390625 0.91875 0.0421875 0.159375
2 0.55625 0.44375 0.0234375 0.0609375
0 0.15 0.65078125 0.3 0.5140625
0 0.14453125 0.2015625 0.2109375 0.1484375
0 0.628125 0.1390625 0.09375 0.121875