1 0.73515625 0.8015625 0.13125 0.1703125
1 0.5765625 0.909375 0.115625 0.178125
1 0.54765625 0.66640625 0.075 0.1140625
1 0.96796875 0.44921875 0.0625 0.046875
1 0.64921875 0.5515625 0.0515625 0.078125
1 0.85546875 0.6203125 0.146875 0.11875
1 0.07578125 0.525 0.084375 0.0578125
1 0.59765625 0.51328125 0.046875 0.0671875
1 0.56328125 0.58359375 0.0578125 0.08125
1 0.18046875 0.52421875 0.090625 0.0515625
1 0.503125 0.5296875 0.0546875 0.0671875
1 0.0171875 0.57890625 0.034375 0.0609375
1 0.625 0.45078125 0.0359375 0.046875
1 0.84140625 0.45 0.0828125 0.040625
1 0.79140625 0.3703125 0.0234375 0.0296875
1 0.2671875 0.5984375 0.046875 0.0703125
1 0.92578125 0.6046875 0.1 0.09375
1 0.28828125 0.496875 0.08125 0.046875
1 0.86328125 0.428125 0.08125 0.040625
0 0.3078125 0.82109375 0.2453125 0.3546875
0 0.334375 0.62109375 0.18125 0.184375
0 0.17265625 0.88125 0.34375 0.234375