1 0.27890625 0.415625 0.1578125 0.15625
1 0.525 0.2265625 0.0984375 0.109375
1 0.03671875 0.37421875 0.0734375 0.1046875
1 0.12265625 0.31328125 0.1140625 0.1046875
1 0.2296875 0.25390625 0.1078125 0.09375
1 0.80703125 0.01796875 0.0421875 0.0359375
1 0.5734375 0.246875 0.10625 0.1171875
1 0.52265625 0.090625 0.059375 0.059375
1 0.46953125 0.12109375 0.0671875 0.065625
1 0.57109375 0.06875 0.046875 0.0515625
1 0.03828125 0.1546875 0.0296875 0.03125
1 0.42265625 0.1453125 0.046875 0.05
1 0.6109375 0.04609375 0.046875 0.0484375
1 0.03125 0.303125 0.0625 0.0546875