1 0.42265625 0.234375 0.0625 0.0546875
1 0.01171875 0.3984375 0.0234375 0.065625
1 0.95625 0.50625 0.053125 0.065625
1 0.96015625 0.43359375 0.015625 0.0484375
1 0.27109375 0.18203125 0.0453125 0.04375
1 0.30390625 0.18046875 0.05 0.04375
1 0.21640625 0.13046875 0.034375 0.028125
1 0.97421875 0.159375 0.05 0.0453125
1 0.57734375 0.1734375 0.04375 0.04375
3 0.6703125 0.26875 0.075 0.121875
0 0.67578125 0.1515625 0.10625 0.1265625
0 0.55703125 0.1359375 0.0828125 0.090625
0 0.02109375 0.2796875 0.0421875 0.109375
0 0.23203125 0.0890625 0.040625 0.0484375