1 0.07265625 0.32421875 0.08125 0.0703125
1 0.16796875 0.29921875 0.0765625 0.06875
1 0.24609375 0.19921875 0.0546875 0.05
1 0.98359375 0.41640625 0.03125 0.0453125
1 0.96328125 0.51171875 0.071875 0.084375
1 0.37109375 0.19140625 0.028125 0.0546875
1 0.66875 0.26875 0.075 0.11875
1 0.97421875 0.15625 0.05 0.046875
1 0.43046875 0.23828125 0.034375 0.0609375
1 0.6390625 0.115625 0.028125 0.03125
1 0.28671875 0.13203125 0.04375 0.028125
1 0.21484375 0.12890625 0.0328125 0.028125
0 0.77890625 0.06796875 0.0515625 0.06875
0 0.2296875 0.0859375 0.040625 0.046875