1 0.12265625 0.9109375 0.2453125 0.175
1 0.92265625 0.3609375 0.140625 0.1078125
1 0.75234375 0.91328125 0.3140625 0.1703125
1 0.04375 0.33046875 0.0875 0.109375
1 0.78359375 0.15703125 0.0828125 0.0515625
1 0.9828125 0.140625 0.0328125 0.0484375
1 0.13046875 0.246875 0.06875 0.0796875
1 0.20859375 0.209375 0.05625 0.0703125
1 0.0328125 0.27890625 0.065625 0.084375
1 0.13515625 0.153125 0.05 0.05
1 0.91875 0.41875 0.1375 0.09375
1 0.0125 0.13046875 0.025 0.0390625
1 0.88515625 0.14609375 0.071875 0.05625
2 0.6171875 0.12109375 0.028125 0.03125
2 0.44609375 0.19375 0.028125 0.0390625
2 0.65234375 0.22578125 0.0375 0.040625
2 0.26875 0.2703125 0.0421875 0.0515625
2 0.38046875 0.4203125 0.046875 0.075
2 0.08046875 0.475 0.0578125 0.065625
2 0.1921875 0.44453125 0.0375 0.0671875
2 0.26796875 0.20625 0.015625 0.0359375
2 0.56953125 0.21953125 0.065625 0.053125
2 0.553125 0.2234375 0.03125 0.046875
2 0.3640625 0.19609375 0.021875 0.0453125
2 0.33828125 0.175 0.028125 0.0359375
3 0.58984375 0.65625 0.2921875 0.2609375