1 0.678125 0.31484375 0.159375 0.11875
1 0.55859375 0.08359375 0.0703125 0.0515625
1 0.9125 0.36171875 0.1734375 0.146875
1 0.8625 0.0484375 0.090625 0.0515625
1 0.09921875 0.340625 0.08125 0.09375
1 0.87890625 0.2015625 0.0890625 0.0890625
1 0.1703125 0.384375 0.090625 0.10625
1 0.2828125 0.234375 0.0703125 0.071875
1 0.9515625 0.29140625 0.0953125 0.0953125
1 0.33515625 0.05703125 0.021875 0.0265625
1 0.9640625 0.17890625 0.0703125 0.071875
1 0.48515625 0.128125 0.0671875 0.0375
1 0.97578125 0.20859375 0.046875 0.0796875
1 0.97421875 0.60625 0.05 0.171875
2 0.43984375 0.63359375 0.0875 0.121875
2 0.37109375 0.94609375 0.0859375 0.1046875
2 0.665625 0.03984375 0.025 0.04375
3 0.290625 0.38515625 0.1859375 0.2453125
0 0.68515625 0.209375 0.328125 0.2265625
0 0.68984375 0.5796875 0.6125 0.534375
0 0.45390625 0.22890625 0.2703125 0.190625
0 0.03671875 0.28828125 0.0734375 0.15
0 0.15 0.26796875 0.178125 0.16875
0 0.23359375 0.10078125 0.1203125 0.0609375
0 0.34296875 0.16953125 0.203125 0.1359375
0 0.3875 0.35078125 0.096875 0.1203125
0 0.1671875 0.15703125 0.1625 0.1