1 0.16328125 0.478125 0.1328125 0.1109375
1 0.65859375 0.67109375 0.1453125 0.190625
1 0.415625 0.3859375 0.0546875 0.084375
1 0.20546875 0.32578125 0.0671875 0.059375
1 0.45859375 0.47109375 0.078125 0.0609375
1 0.60703125 0.32578125 0.046875 0.0546875
1 0.3125 0.30859375 0.040625 0.0578125
1 0.53671875 0.4359375 0.075 0.0984375
1 0.18046875 0.26640625 0.034375 0.0484375
1 0.42109375 0.31171875 0.04375 0.0578125
1 0.5375 0.28203125 0.0375 0.0234375
1 0.3578125 0.29375 0.0375 0.0546875
1 0.90546875 0.3484375 0.05 0.0546875
1 0.85390625 0.28359375 0.05 0.0453125
2 0.05 0.396875 0.046875 0.0578125
2 0.93046875 0.94140625 0.075 0.1140625
2 0.16015625 0.3515625 0.034375 0.0453125
0 0.66796875 0.28046875 0.1078125 0.1171875
0 0.60859375 0.7484375 0.4640625 0.5