1 0.32578125 0.7046875 0.1578125 0.1765625
1 0.95234375 0.57890625 0.09375 0.1171875
1 0.1421875 0.43203125 0.078125 0.0875
1 0.6 0.45390625 0.1296875 0.1078125
1 0.7734375 0.51171875 0.15625 0.128125
1 0.44609375 0.39921875 0.096875 0.0796875
1 0.75859375 0.44140625 0.1484375 0.0953125
1 0.534375 0.38125 0.0984375 0.0859375
1 0.365625 0.175 0.0359375 0.025
1 0.03359375 0.44296875 0.0671875 0.08125
1 0.45078125 0.18671875 0.0328125 0.0296875
1 0.546875 0.20625 0.05 0.0359375
1 0.28203125 0.1765625 0.028125 0.028125
1 0.05625 0.23671875 0.025 0.0375
2 0.41328125 0.20546875 0.0234375 0.025
2 0.54453125 0.22109375 0.0171875 0.03125
2 0.74375 0.23671875 0.040625 0.0484375
2 0.60234375 0.221875 0.021875 0.0375
2 0.246875 0.20078125 0.0125 0.025
0 0.071875 0.3640625 0.14375 0.146875
0 0.29140625 0.321875 0.1734375 0.1375
0 0.96015625 0.83125 0.078125 0.3328125
0 0.50546875 0.6359375 0.5625 0.528125
0 0.3765625 0.31015625 0.178125 0.13125