1 0.578125 0.8640625 0.10625 0.184375
1 0.809375 0.73671875 0.1625 0.1484375
1 0.65625 0.5140625 0.046875 0.06875
1 0.93203125 0.6015625 0.1015625 0.096875
1 0.76328125 0.88359375 0.1421875 0.2296875
1 0.85859375 0.61953125 0.1453125 0.1171875
1 0.53984375 0.58984375 0.05625 0.0875
1 0.96953125 0.44609375 0.059375 0.0484375
1 0.55 0.9734375 0.115625 0.05
1 0.509375 0.521875 0.0546875 0.0671875
1 0.24296875 0.51875 0.0953125 0.059375
1 0.86640625 0.425 0.08125 0.04375
1 0.590625 0.4484375 0.046875 0.0515625
1 0.02421875 0.52421875 0.0484375 0.0515625
1 0.09609375 0.6390625 0.0703125 0.1109375
1 0.515625 0.46171875 0.059375 0.05
1 0.8453125 0.446875 0.0828125 0.04375
1 0.6703125 0.4109375 0.03125 0.0484375
1 0.6359375 0.4703125 0.040625 0.0515625
1 0.021875 0.57578125 0.04375 0.0640625
1 0.07578125 0.5890625 0.059375 0.0703125
1 0.1515625 0.51484375 0.08125 0.0546875
1 0.33671875 0.49296875 0.08125 0.0484375
1 0.58359375 0.53359375 0.05 0.0703125
0 0.33515625 0.6203125 0.1875 0.1890625
0 0.31015625 0.8203125 0.246875 0.35625
0 0.175 0.8796875 0.3484375 0.2375