1 0.79375 0.4890625 0.1734375 0.1296875
1 0.63828125 0.73125 0.246875 0.25625
1 0.18671875 0.26875 0.078125 0.0625
1 0.55859375 0.33828125 0.096875 0.06875
1 0.05 0.26640625 0.05625 0.0453125
1 0.790625 0.95 0.265625 0.096875
1 0.21171875 0.803125 0.19375 0.24375
1 0.48828125 0.034375 0.04375 0.015625
1 0.084375 0.41484375 0.090625 0.1265625
1 0.31875 0.3640625 0.078125 0.0390625
1 0.07421875 0.89921875 0.1484375 0.1953125
1 0.81484375 0.03515625 0.034375 0.0109375
1 0.88671875 0.0265625 0.034375 0.0203125
1 0.00234375 0.23828125 0.0046875 0.0484375
3 0.43984375 0.334375 0.1140625 0.0984375
0 0.3109375 0.021875 0.071875 0.04375