1 0.728125 0.85546875 0.11875 0.1890625
1 0.5734375 0.91796875 0.1171875 0.1609375
1 0.96640625 0.45703125 0.065625 0.0484375
1 0.61953125 0.559375 0.05625 0.08125
1 0.7296875 0.4109375 0.028125 0.034375
1 0.54765625 0.60546875 0.059375 0.0890625
1 0.27890625 0.51953125 0.090625 0.065625
1 0.0875 0.65390625 0.0734375 0.10625
1 0.56640625 0.503125 0.0375 0.0796875
1 0.8515625 0.63046875 0.146875 0.1171875
1 0.921875 0.61328125 0.10625 0.096875
1 0.01484375 0.59140625 0.0296875 0.0609375
1 0.83515625 0.46015625 0.0875 0.04375
1 0.54921875 0.8 0.0875 0.159375
1 0.178125 0.6484375 0.0828125 0.1
1 0.13984375 0.59375 0.0609375 0.071875
1 0.76328125 0.3796875 0.021875 0.0296875
1 0.23359375 0.51484375 0.06875 0.0515625
1 0.85859375 0.4359375 0.08125 0.0390625
1 0.06328125 0.596875 0.0609375 0.06875
1 0.65859375 0.478125 0.0421875 0.05625
1 0.240625 0.6484375 0.06875 0.096875
1 0.63984375 0.50703125 0.046875 0.078125
1 0.5390625 0.709375 0.0765625 0.1296875
0 0.32890625 0.7046875 0.1859375 0.33125