1 0.496875 0.4703125 0.1546875 0.096875
1 0.7140625 0.8734375 0.284375 0.2171875
1 0.66953125 0.51171875 0.15625 0.1015625
1 0.3109375 0.32421875 0.0859375 0.0640625
1 0.21171875 0.34375 0.0921875 0.0578125
1 0.74765625 0.33515625 0.075 0.075
1 0.06953125 0.33671875 0.084375 0.0484375
0 0.01953125 0.52890625 0.0390625 0.2296875
1 0.16484375 0.3265625 0.059375 0.046875
1 0.82109375 0.27109375 0.053125 0.0359375
1 0.07734375 0.378125 0.103125 0.0703125
1 0.47421875 0.346875 0.096875 0.0578125
1 0.01328125 0.33359375 0.0265625 0.0515625
1 0.50703125 0.37578125 0.0859375 0.075
1 0.71328125 0.25390625 0.0171875 0.034375
1 0.88671875 0.26484375 0.0546875 0.021875
1 0.46796875 0.32421875 0.08125 0.040625
1 0.115625 0.40546875 0.1125 0.0890625
2 0.22109375 0.39609375 0.0484375 0.0453125