1 0.04921875 0.91875 0.0984375 0.159375
1 0.865625 0.91015625 0.2671875 0.1765625
1 0.65625 0.209375 0.0984375 0.075
1 0.39921875 0.91171875 0.3 0.171875
1 0.7484375 0.35078125 0.1328125 0.1140625
1 0.47265625 0.2640625 0.1 0.0765625
1 0.53046875 0.24296875 0.084375 0.0703125
1 0.18984375 0.203125 0.0546875 0.06875
1 0.4671875 0.16484375 0.08125 0.0671875
1 0.98203125 0.159375 0.034375 0.059375
1 0.3640625 0.1265625 0.04375 0.05
1 0.96796875 0.275 0.0625 0.0609375
1 0.97265625 0.31875 0.053125 0.075
1 0.38359375 0.209375 0.046875 0.05625
1 0.98984375 0.40703125 0.01875 0.0546875
2 0.265625 0.2734375 0.04375 0.05
2 0.2640625 0.20546875 0.03125 0.0515625
3 0.58828125 0.66171875 0.284375 0.2609375
0 0.08359375 0.259375 0.1671875 0.2703125