1 0.59765625 0.43359375 0.178125 0.121875
1 0.71171875 0.125 0.0859375 0.05
1 0.26640625 0.31875 0.1390625 0.0890625
1 0.984375 0.31328125 0.0296875 0.0671875
1 0.75859375 0.25546875 0.075 0.08125
1 0.23828125 0.1484375 0.0890625 0.0515625
1 0.1359375 0.20546875 0.1 0.0703125
1 0.92734375 0.15625 0.084375 0.065625
1 0.05546875 0.18984375 0.090625 0.065625
1 0.178125 0.17578125 0.0875 0.0671875
1 0.975 0.16640625 0.0484375 0.078125
1 0.89921875 0.1296875 0.0875 0.0515625
1 0.27578125 0.259375 0.11875 0.075
1 0.2625 0.11796875 0.071875 0.0390625
1 0.0078125 0.22421875 0.015625 0.0453125
2 0.9203125 0.56640625 0.075 0.075
2 0.9109375 0.7796875 0.1 0.1078125
3 0.66875 0.28359375 0.190625 0.1859375
3 0.59296875 0.62421875 0.2890625 0.2640625
0 0.528125 0.084375 0.3125 0.1171875
0 0.08359375 0.40078125 0.1671875 0.2265625
0 0.08515625 0.1046875 0.1703125 0.10625
0 0.95546875 0.06875 0.0875 0.1375