1 0.47578125 0.58203125 0.109375 0.071875
1 0.08125 0.846875 0.1625 0.15
1 0.221875 0.784375 0.14375 0.1359375
1 0.4125 0.709375 0.1171875 0.10625
1 0.815625 0.56171875 0.078125 0.06875
1 0.29609375 0.5546875 0.096875 0.0765625
1 0.46015625 0.64453125 0.103125 0.0859375
1 0.8421875 0.53046875 0.065625 0.0546875
1 0.97578125 0.49609375 0.046875 0.0515625
1 0.0453125 0.971875 0.090625 0.0515625
3 0.58828125 0.48203125 0.1171875 0.1171875
0 0.1578125 0.684375 0.315625 0.228125
0 0.09453125 0.56484375 0.1890625 0.1515625