1 0.90234375 0.27109375 0.040625 0.05625
1 0.68828125 0.38359375 0.0671875 0.08125
1 0.76640625 0.92890625 0.146875 0.1390625
1 0.78828125 0.246875 0.0359375 0.046875
1 0.6390625 0.23203125 0.040625 0.046875
1 0.8515625 0.190625 0.0265625 0.0375
1 0.69609375 0.16484375 0.021875 0.0296875
1 0.77421875 0.378125 0.053125 0.0890625
1 0.51953125 0.2390625 0.046875 0.0484375
1 0.92734375 0.14140625 0.021875 0.028125
1 0.63828125 0.20078125 0.0359375 0.04375
1 0.76015625 0.1703125 0.028125 0.0375
1 0.80859375 0.13203125 0.01875 0.025
1 0.9625 0.115625 0.015625 0.025
1 0.89296875 0.1484375 0.021875 0.0296875
1 0.73828125 0.1640625 0.025 0.03125
1 0.65078125 0.171875 0.025 0.0296875
0 0.14609375 0.525 0.290625 0.409375
0 0.03984375 0.084375 0.0796875 0.08125
0 0.40546875 0.04140625 0.1078125 0.0546875
1 0.5359375 0.271875 0.0671875 0.084375
1 0.5171875 0.34765625 0.0796875 0.1046875
1 0.0859375 0.1046875 0.059375 0.0375