1 0.1984375 0.7859375 0.2328125 0.1796875
1 0.09609375 0.26171875 0.0859375 0.0546875
1 0.57109375 0.903125 0.284375 0.190625
1 0.90234375 0.16875 0.0796875 0.0484375
1 0.540625 0.728125 0.228125 0.2078125
1 0.7265625 0.53125 0.10625 0.19375
1 0.26171875 0.225 0.075 0.05
1 0.7125 0.403125 0.0734375 0.1171875
1 0.16171875 0.18828125 0.053125 0.0453125
1 0.203125 0.2265625 0.05625 0.05
1 0.82109375 0.03359375 0.0140625 0.01875
1 0.66796875 0.25546875 0.075 0.1078125
1 0.65234375 0.10703125 0.0515625 0.034375
1 0.346875 0.20859375 0.075 0.046875
1 0.21484375 0.16328125 0.05 0.0328125
1 0.89375 0.73828125 0.2109375 0.20625
1 0.96875 0.11953125 0.0546875 0.0390625
1 0.5234375 0.16484375 0.053125 0.0453125
1 0.2921875 0.1984375 0.065625 0.0453125
1 0.5515625 0.184375 0.075 0.0609375
1 0.00859375 0.3828125 0.0171875 0.059375
1 0.98828125 0.46875 0.021875 0.0453125
0 0.83515625 0.128125 0.1921875 0.0953125