1 0.25078125 0.5046875 0.18125 0.15
1 0.0203125 0.59296875 0.040625 0.11875
1 0.05546875 0.48515625 0.1109375 0.1421875
1 0.85234375 0.153125 0.0796875 0.05
1 0.3421875 0.19375 0.065625 0.05625
1 0.7609375 0.16640625 0.0890625 0.0671875
2 0.73125 0.421875 0.0546875 0.078125
2 0.52890625 0.46328125 0.05 0.075
2 0.86640625 0.20625 0.021875 0.04375
2 0.20546875 0.11484375 0.021875 0.040625
3 0.58671875 0.6546875 0.284375 0.2609375
0 0.5359375 0.221875 0.3515625 0.196875
0 0.1484375 0.3015625 0.296875 0.2296875
0 0.24453125 0.05859375 0.09375 0.0984375
0 0.01953125 0.39453125 0.0390625 0.18125