1 0.77421875 0.73203125 0.225 0.271875
1 0.4453125 0.61796875 0.2265625 0.2203125
1 0.27890625 0.90625 0.340625 0.184375
1 0.42265625 0.2203125 0.13125 0.09375
1 0.178125 0.234375 0.1109375 0.0765625
1 0.55390625 0.70390625 0.2265625 0.240625
1 0.12578125 0.88046875 0.2515625 0.2359375
1 0.56875 0.15 0.075 0.0640625
1 0.7171875 0.146875 0.075 0.071875
1 0.07265625 0.20625 0.090625 0.06875
1 0.6671875 0.1453125 0.0625 0.0609375
1 0.928125 0.140625 0.0734375 0.078125
1 0.7265625 0.08125 0.05625 0.0265625
1 0.82890625 0.1515625 0.0625 0.075
1 0.97265625 0.109375 0.053125 0.078125
1 0.21484375 0.18515625 0.06875 0.0484375
1 0.14453125 0.18359375 0.0421875 0.0453125
2 0.44453125 0.184375 0.028125 0.04375