1 0.48828125 0.5484375 0.1390625 0.1296875
1 0.65078125 0.4 0.11875 0.0953125
1 0.14140625 0.3046875 0.04375 0.05
1 0.61171875 0.196875 0.05625 0.0390625
1 0.30859375 0.33046875 0.06875 0.06875
1 0.53515625 0.409375 0.1109375 0.1
1 0.12421875 0.17890625 0.025 0.0171875
1 0.26953125 0.29296875 0.059375 0.0515625
1 0.55 0.1890625 0.05 0.034375
1 0.45390625 0.17109375 0.034375 0.03125
1 0.04765625 0.215625 0.025 0.025
1 0.04921875 0.25859375 0.03125 0.0546875
1 0.88671875 0.58671875 0.225 0.2265625
1 0.36640625 0.16015625 0.03125 0.025
1 0.196875 0.184375 0.025 0.025
1 0.27578125 0.18359375 0.0125 0.021875
1 0.81640625 0.49296875 0.15 0.1046875
1 0.28515625 0.16484375 0.0265625 0.021875
1 0.23046875 0.22421875 0.040625 0.0375
2 0.26484375 0.87109375 0.046875 0.128125
0 0.89921875 0.42421875 0.2 0.240625
0 0.05234375 0.159375 0.0375 0.0328125