1 0.24453125 0.53828125 0.14375 0.1640625
1 0.97421875 0.6046875 0.05 0.16875
1 0.8875 0.89140625 0.2234375 0.2140625
1 0.14375 0.38671875 0.0953125 0.1
1 0.54921875 0.43203125 0.165625 0.15
1 0.60703125 0.36171875 0.1421875 0.128125
1 0.26875 0.34375 0.10625 0.1015625
1 0.553125 0.08671875 0.05625 0.0515625
1 0.58828125 0.171875 0.096875 0.0703125
1 0.909375 0.0859375 0.1109375 0.065625
1 0.28828125 0.275 0.09375 0.084375
1 0.8671875 0.1984375 0.1265625 0.09375
1 0.44765625 0.22109375 0.0890625 0.071875
1 0.5984375 0.1359375 0.090625 0.065625
1 0.975 0.209375 0.0484375 0.1
1 0.71953125 0.184375 0.1125 0.0796875
1 0.8375 0.41484375 0.221875 0.196875
1 0.05078125 0.28359375 0.040625 0.0671875
1 0.07734375 0.19140625 0.03125 0.046875
1 0.86875 0.1609375 0.128125 0.0640625
1 0.01171875 0.16875 0.0234375 0.04375
1 0.375 0.253125 0.0875 0.0859375
1 0.79921875 0.11640625 0.0984375 0.0703125
1 0.3109375 0.153125 0.0625 0.053125
1 0.85546875 0.04453125 0.084375 0.0515625
1 0.10390625 0.12421875 0.0359375 0.040625
1 0.45390625 0.31015625 0.1296875 0.1140625
1 0.97421875 0.175 0.05 0.0765625
1 0.02265625 0.27109375 0.0453125 0.0609375
1 0.0984375 0.090625 0.0265625 0.0265625
1 0.7078125 0.14140625 0.1015625 0.065625
2 0.1203125 0.73984375 0.1015625 0.1796875
0 0.14765625 0.2765625 0.184375 0.171875
0 0.4375 0.12890625 0.2 0.13125
0 0.196875 0.0703125 0.103125 0.0671875
0 0.7390625 0.03203125 0.08125 0.0640625