1 0.33984375 0.78046875 0.23125 0.1796875
1 0.09609375 0.2640625 0.0859375 0.0546875
1 0.86875 0.94296875 0.259375 0.1109375
1 0.90234375 0.16953125 0.078125 0.05
1 0.67109375 0.76953125 0.2421875 0.24375
1 0.70703125 0.43984375 0.071875 0.1390625
1 0.16171875 0.190625 0.0546875 0.0484375
1 0.26171875 0.2265625 0.075 0.05
1 0.36015625 0.23984375 0.084375 0.071875
1 0.96328125 0.5015625 0.071875 0.075
1 0.77734375 0.590625 0.1609375 0.215625
1 0.5265625 0.16640625 0.059375 0.0453125
1 0.20390625 0.2296875 0.05625 0.0484375
1 0.66875 0.25390625 0.075 0.115625
1 0.2921875 0.19921875 0.065625 0.046875
1 0.74609375 0.328125 0.059375 0.1109375
1 0.3375 0.209375 0.0546875 0.0484375
1 0.00546875 0.82265625 0.0109375 0.0828125
0 0.68671875 0.13984375 0.1828125 0.10625
0 0.22890625 0.0734375 0.040625 0.05