1 0.6890625 0.221875 0.10625 0.0859375
1 0.6171875 0.91171875 0.271875 0.171875
1 0.58203125 0.1953125 0.084375 0.065625
1 0.11484375 0.88125 0.2296875 0.234375
1 0.45859375 0.1796875 0.0625 0.0640625
1 0.0375 0.159375 0.0671875 0.0515625
1 0.8953125 0.83671875 0.2078125 0.221875
1 0.91796875 0.93984375 0.1625 0.1171875
1 0.98515625 0.09921875 0.028125 0.0359375
1 0.94453125 0.11875 0.046875 0.040625
1 0.96953125 0.1640625 0.059375 0.0546875
1 0.96953125 0.2859375 0.059375 0.065625
1 0.97421875 0.3265625 0.05 0.071875
1 0.19609375 0.11953125 0.0515625 0.065625
2 0.65546875 0.13125 0.028125 0.0296875
3 0.58828125 0.6703125 0.2859375 0.2671875
0 0.35546875 0.05 0.0625 0.1
0 0.83671875 0.25625 0.140625 0.15625
0 0.26015625 0.0640625 0.115625 0.109375