1 0.484375 0.3703125 0.08125 0.15625
1 0.12109375 0.31953125 0.075 0.13125
1 0.52109375 0.734375 0.134375 0.325
1 0.6203125 0.36484375 0.090625 0.1484375
1 0.88203125 0.74921875 0.234375 0.3609375
1 0.74296875 0.38828125 0.11875 0.16875
1 0.12265625 0.19453125 0.075 0.096875
1 0.66875 0.55390625 0.109375 0.1953125
1 0.75234375 0.89375 0.196875 0.209375
1 0.91796875 0.059375 0.109375 0.0546875
1 0.97578125 0.04375 0.046875 0.05
1 0.73203125 0.0140625 0.034375 0.028125
1 0.21484375 0.065625 0.0359375 0.05
1 0.40234375 0.03359375 0.0296875 0.0484375
1 0.23828125 0.046875 0.034375 0.046875
1 0.28671875 0.0453125 0.034375 0.04375
1 0.44296875 0.02421875 0.028125 0.0484375
1 0.321875 0.04921875 0.0359375 0.046875
1 0.35703125 0.040625 0.0328125 0.0484375
1 0.1234375 0.03046875 0.0265625 0.04375
1 0.6796875 0.009375 0.021875 0.01875
2 0.68515625 0.128125 0.040625 0.0515625
0 0.89296875 0.440625 0.2125 0.578125