1 0.0984375 0.49375 0.1015625 0.1015625
1 0.2796875 0.41328125 0.1 0.0859375
1 0.64375 0.59453125 0.153125 0.15625
1 0.5703125 0.5015625 0.1625 0.15625
1 0.45234375 0.30625 0.071875 0.084375
1 0.73984375 0.08671875 0.046875 0.0484375
1 0.2796875 0.3390625 0.0828125 0.075
1 0.95703125 0.03515625 0.034375 0.0375
1 0.64375 0.1796875 0.0546875 0.05625
1 0.79453125 0.06875 0.046875 0.040625
1 0.8625 0.23515625 0.0796875 0.0953125
1 0.40390625 0.08671875 0.0515625 0.040625
1 0.640625 0.2703125 0.0671875 0.05625
1 0.22265625 0.1515625 0.05625 0.05625
1 0.47578125 0.059375 0.0515625 0.0375
1 0.96171875 0.140625 0.0640625 0.0703125
1 0.16328125 0.1734375 0.05625 0.0578125
1 0.61484375 0.0109375 0.04375 0.021875
0 0.93203125 0.278125 0.134375 0.3265625