1 0.77421875 0.73125 0.2265625 0.275
1 0.37734375 0.23125 0.1203125 0.078125
1 0.4453125 0.61484375 0.2265625 0.21875
1 0.159375 0.85390625 0.31875 0.28125
1 0.55390625 0.703125 0.2265625 0.2390625
1 0.303125 0.8953125 0.33125 0.20625
1 0.64453125 0.2046875 0.1359375 0.0984375
1 0.06484375 0.21015625 0.09375 0.06875
1 0.92734375 0.140625 0.075 0.078125
1 0.7171875 0.1484375 0.075 0.075
1 0.5609375 0.14921875 0.090625 0.071875
1 0.97265625 0.1109375 0.053125 0.078125
1 0.22109375 0.19296875 0.05625 0.0515625
1 0.57734375 0.15546875 0.0578125 0.0515625
1 0.81171875 0.1484375 0.1 0.078125
1 0.6796875 0.146875 0.0453125 0.0546875
1 0.134375 0.1890625 0.0671875 0.0515625
2 0.41484375 0.19453125 0.021875 0.0453125