1 0.86171875 0.52890625 0.103125 0.0984375
1 0.63046875 0.36796875 0.046875 0.0578125
1 0.55078125 0.7390625 0.0875 0.1671875
1 0.2078125 0.9234375 0.13125 0.15
1 0.55546875 0.91953125 0.1125 0.1578125
1 0.78515625 0.40390625 0.0609375 0.0671875
1 0.74609375 0.321875 0.040625 0.0515625
1 0.39296875 0.93046875 0.125 0.1359375
1 0.41484375 0.74453125 0.0859375 0.1671875
1 0.05625 0.72109375 0.1125 0.153125
1 0.2796875 0.76484375 0.10625 0.178125
1 0.44609375 0.58671875 0.078125 0.1515625
1 0.1296875 0.79609375 0.1140625 0.178125
1 0.17578125 0.334375 0.0421875 0.05625
1 0.86953125 0.41640625 0.06875 0.075
1 0.05390625 0.93828125 0.1078125 0.1203125
1 0.32578125 0.64296875 0.0828125 0.1375
1 0.05859375 0.48203125 0.0765625 0.0875
1 0.8078125 0.28984375 0.034375 0.05
1 0.19296875 0.6515625 0.096875 0.175
1 0.26171875 0.20390625 0.025 0.0375
1 0.55 0.15078125 0.015625 0.0203125
1 0.26015625 0.5609375 0.071875 0.1109375
1 0.52734375 0.12109375 0.0109375 0.0171875
1 0.8953125 0.35859375 0.034375 0.0609375
1 0.353125 0.55703125 0.0703125 0.1109375
1 0.39609375 0.43984375 0.0515625 0.0796875
1 0.29765625 0.48203125 0.0625 0.090625
1 0.5421875 0.11953125 0.009375 0.0171875
1 0.36640625 0.49296875 0.0609375 0.0890625
1 0.31796875 0.4359375 0.0484375 0.0765625
2 0.98828125 0.48515625 0.021875 0.05625
0 0.1375 0.51796875 0.228125 0.309375
0 0.34609375 0.2703125 0.084375 0.1265625
0 0.290625 0.321875 0.084375 0.1328125
0 0.2421875 0.38671875 0.1 0.1703125
0 0.4265625 0.234375 0.05 0.084375
0 0.4140625 0.321875 0.065625 0.1328125
3 0.9390625 0.39296875 0.0625 0.1015625