1 0.76640625 0.04609375 0.034375 0.0453125
1 0.721875 0.9515625 0.1640625 0.09375
1 0.01640625 0.72109375 0.0328125 0.1640625
1 0.52578125 0.1390625 0.059375 0.0671875
1 0.58125 0.01171875 0.021875 0.0234375
1 0.04453125 0.490625 0.0890625 0.175
1 0.7046875 0.0109375 0.025 0.021875
1 0.19296875 0.30390625 0.08125 0.1109375
1 0.50546875 0.20703125 0.0578125 0.0640625
1 0.475 0.19921875 0.090625 0.084375
1 0.1421875 0.35625 0.0890625 0.125
1 0.23203125 0.25859375 0.071875 0.0984375
1 0.09296875 0.41796875 0.090625 0.1390625
0 0.46015625 0.48984375 0.203125 0.50625
0 0.96328125 0.13828125 0.071875 0.1953125