1 0.08203125 0.50625 0.140625 0.1140625
1 0.29765625 0.18515625 0.046875 0.0453125
1 0.36015625 0.25546875 0.06875 0.059375
1 0.39765625 0.284375 0.0671875 0.065625
1 0.97265625 0.15390625 0.053125 0.0484375
1 0.97421875 0.41015625 0.05 0.1203125
1 0.61640625 0.18203125 0.046875 0.046875
1 0.57265625 0.18125 0.0484375 0.0484375
1 0.9484375 0.465625 0.040625 0.06875
1 0.21328125 0.128125 0.0328125 0.0265625
1 0.37265625 0.17890625 0.0328125 0.0578125
1 0.00703125 0.39921875 0.0140625 0.065625
1 0.01171875 0.31171875 0.0234375 0.046875
3 0.66640625 0.26796875 0.075 0.1203125
0 0.1171875 0.2203125 0.234375 0.159375
0 0.7796875 0.06640625 0.0390625 0.0703125