1 0.7125 0.103125 0.0359375 0.05
1 0.85390625 0.23359375 0.071875 0.0890625
1 0.87578125 0.18125 0.059375 0.078125
1 0.68125 0.05078125 0.028125 0.0390625
1 0.75703125 0.053125 0.028125 0.046875
1 0.0359375 0.52109375 0.071875 0.16875
1 0.0765625 0.45078125 0.090625 0.1390625
1 0.21484375 0.290625 0.071875 0.0953125
1 0.12265625 0.3890625 0.090625 0.121875
1 0.175 0.33515625 0.084375 0.1109375
1 0.23828125 0.25703125 0.05 0.0859375
2 0.63359375 0.3390625 0.0359375 0.09375
0 0.43359375 0.5296875 0.225 0.6859375