1 0.6390625 0.94609375 0.134375 0.1046875
1 0.85859375 0.58125 0.146875 0.11875
1 0.18828125 0.590625 0.0875 0.1
1 0.3515625 0.52578125 0.0515625 0.078125
1 0.096875 0.5953125 0.071875 0.109375
1 0.640625 0.50859375 0.053125 0.09375
1 0.9328125 0.56640625 0.1015625 0.096875
1 0.415625 0.56015625 0.0609375 0.0828125
1 0.40859375 0.4703125 0.053125 0.0640625
1 0.46328125 0.46171875 0.059375 0.06875
1 0.1484375 0.5359375 0.0625 0.071875
1 0.9703125 0.4109375 0.0578125 0.0453125
1 0.659375 0.45625 0.046875 0.0609375
1 0.86796875 0.3890625 0.08125 0.040625
1 0.84375 0.4109375 0.0875 0.0453125
2 0.19296875 0.46875 0.03125 0.034375
1 0.396875 0.69140625 0.1109375 0.25625
0 0.540625 0.45390625 0.0875 0.159375
0 0.68203125 0.37578125 0.0828125 0.1046875
0 0.9546875 0.30078125 0.04375 0.0546875
0 0.72734375 0.31953125 0.0359375 0.0609375
1 0.615625 0.4421875 0.0390625 0.053125
1 0.60625 0.4234375 0.0328125 0.0515625
1 0.75390625 0.3703125 0.0234375 0.0359375