1 0.31640625 0.4609375 0.1390625 0.1484375
1 0.85234375 0.5390625 0.25 0.2078125
1 0.70390625 0.1390625 0.05 0.075
1 0.9609375 0.15625 0.0765625 0.084375
1 0.7125 0.296875 0.1484375 0.1140625
1 0.21484375 0.3265625 0.0921875 0.09375
1 0.62734375 0.353125 0.09375 0.128125
1 0.84765625 0.034375 0.096875 0.0546875
1 0.94140625 0.28046875 0.115625 0.109375
1 0.0828125 0.2890625 0.075 0.075
1 0.9265625 0.35546875 0.1453125 0.1484375
1 0.21171875 0.140625 0.0515625 0.0484375
1 0.33828125 0.1203125 0.059375 0.059375
1 0.271875 0.11328125 0.053125 0.040625
1 0.3703125 0.14921875 0.071875 0.0578125
1 0.278125 0.14140625 0.05625 0.053125
1 0.0203125 0.25078125 0.040625 0.071875
1 0.07421875 0.1640625 0.034375 0.046875
1 0.23125 0.265625 0.0640625 0.0765625
1 0.22109375 0.07578125 0.0359375 0.0359375
1 0.171875 0.24453125 0.0609375 0.0671875
1 0.334375 0.92890625 0.146875 0.1390625
1 0.115625 0.23671875 0.059375 0.059375
1 0.12421875 0.178125 0.05 0.0515625
1 0.8296875 0.3984375 0.2234375 0.1859375
1 0.41015625 0.12578125 0.0625 0.05625
1 0.32421875 0.053125 0.0203125 0.028125
1 0.87734375 0.19140625 0.1359375 0.090625
0 0.4234375 0.35703125 0.3359375 0.2890625
0 0.57109375 0.12578125 0.25 0.1515625