1 0.36171875 0.75390625 0.21875 0.159375
1 0.70234375 0.740625 0.21875 0.1671875
1 0.8734375 0.41015625 0.121875 0.1015625
1 0.87734375 0.9140625 0.24375 0.16875
1 0.1609375 0.23515625 0.065625 0.040625
1 0.98359375 0.48671875 0.03125 0.0890625
1 0.7453125 0.359375 0.090625 0.0890625
1 0.0234375 0.22109375 0.046875 0.0359375
1 0.615625 0.13984375 0.028125 0.03125
1 0.28515625 0.20625 0.065625 0.0390625
1 0.09453125 0.2140625 0.059375 0.0359375
1 0.54453125 0.18671875 0.05625 0.0375
1 0.7140625 0.25 0.0578125 0.05625
1 0.21328125 0.22109375 0.0390625 0.0390625
1 0.91796875 0.196875 0.05625 0.0390625
1 0.81484375 0.240625 0.0625 0.0484375
1 0.82890625 0.16953125 0.0203125 0.025
1 0.95078125 0.21015625 0.0625 0.0390625
1 0.79921875 0.22109375 0.0578125 0.046875
1 0.65234375 0.30859375 0.075 0.090625
1 0.69375 0.18125 0.04375 0.0328125
1 0.9796875 0.221875 0.0390625 0.040625
1 0.50390625 0.20859375 0.0640625 0.0390625
1 0.71484375 0.2015625 0.06875 0.0375
1 0.97578125 0.26953125 0.046875 0.05
1 0.4890625 0.19453125 0.046875 0.0375
1 0.99140625 0.55390625 0.015625 0.0515625
2 0.56796875 0.40078125 0.0390625 0.065625
2 0.65703125 0.178125 0.0234375 0.025
2 0.55078125 0.2859375 0.01875 0.0390625
0 0.3828125 0.303125 0.209375 0.190625
0 0.36640625 0.91796875 0.7328125 0.1640625
0 0.3671875 0.14375 0.0484375 0.071875
2 0.74921875 0.2921875 0.021875 0.034375
2 0.72265625 0.30546875 0.01875 0.0359375
1 0.7296875 0.17890625 0.034375 0.021875
1 0.4859375 0.159375 0.0203125 0.0375
1 0.4546875 0.159375 0.021875 0.0359375
1 0.4265625 0.15546875 0.021875 0.0296875
1 0.39375 0.1625 0.0203125 0.0328125
1 0.3046875 0.1671875 0.0265625 0.0296875
1 0.32265625 0.1515625 0.0234375 0.021875
2 0.4234375 0.18203125 0.0265625 0.0234375
1 0.6109375 0.2671875 0.0609375 0.0875