1 0.0671875 0.58515625 0.134375 0.15625
1 0.95390625 0.12109375 0.0359375 0.046875
1 0.79140625 0.02421875 0.0265625 0.0265625
1 0.23515625 0.10859375 0.0375 0.04375
1 0.703125 0.159375 0.078125 0.0515625
1 0.490625 0.1453125 0.06875 0.03125
1 0.5765625 0.1703125 0.065625 0.05625
1 0.63046875 0.14609375 0.075 0.0453125
1 0.934375 0.04140625 0.0359375 0.0359375
2 0.6140625 0.36015625 0.0265625 0.0609375
2 0.853125 0.21640625 0.025 0.040625
2 0.59609375 0.22421875 0.0390625 0.040625
2 0.95390625 0.340625 0.046875 0.0671875
2 0.0890625 0.20625 0.025 0.04375
2 0.44765625 0.39140625 0.015625 0.0359375
2 0.68984375 0.25 0.0484375 0.0453125
2 0.13359375 0.11953125 0.01875 0.0359375
2 0.03671875 0.14375 0.015625 0.0453125
2 0.98203125 0.08828125 0.0171875 0.0390625
3 0.58671875 0.65546875 0.284375 0.2625
0 0.37734375 0.25078125 0.3875 0.2140625
0 0.06875 0.32890625 0.1375 0.2015625
0 0.20234375 0.08125 0.1140625 0.115625