1 0.39453125 0.93359375 0.125 0.1296875
1 0.2109375 0.92578125 0.13125 0.1453125
1 0.55234375 0.74453125 0.0875 0.1671875
1 0.55703125 0.92109375 0.1125 0.1546875
1 0.41640625 0.74921875 0.0875 0.16875
1 0.0578125 0.725 0.115625 0.1546875
1 0.0546875 0.940625 0.109375 0.115625
1 0.28125 0.76953125 0.1046875 0.1765625
1 0.4484375 0.59140625 0.078125 0.15
1 0.13203125 0.80078125 0.1140625 0.1765625
1 0.6390625 0.259375 0.034375 0.040625
1 0.58203125 0.22578125 0.025 0.034375
1 0.946875 0.33515625 0.05 0.0546875
1 0.3265625 0.64609375 0.0828125 0.1375
1 0.02421875 0.61640625 0.0484375 0.1296875
1 0.54921875 0.246875 0.025 0.0359375
1 0.7921875 0.346875 0.046875 0.0609375
1 0.53515625 0.21875 0.0203125 0.0296875
1 0.26171875 0.56484375 0.0734375 0.1109375
1 0.44453125 0.16484375 0.0140625 0.025
1 0.69453125 0.23125 0.028125 0.034375
1 0.6734375 0.203125 0.01875 0.028125
1 0.29921875 0.48828125 0.0609375 0.090625
1 0.71015625 0.2109375 0.0234375 0.0296875
1 0.22109375 0.23984375 0.028125 0.0390625
1 0.3546875 0.56328125 0.0703125 0.1109375
1 0.39765625 0.44453125 0.0515625 0.078125
1 0.19453125 0.65625 0.096875 0.1765625
1 0.36953125 0.4984375 0.059375 0.09375
1 0.9921875 0.45390625 0.0140625 0.040625
2 0.834375 0.2640625 0.0125 0.03125
0 0.1453125 0.5203125 0.2140625 0.3109375
0 0.24296875 0.390625 0.1 0.1703125
0 0.2921875 0.32890625 0.0828125 0.1359375
1 0.334375 0.403125 0.0359375 0.0671875
1 0.32109375 0.44140625 0.0421875 0.071875
1 0.35625 0.3734375 0.0375 0.0515625
1 0.36953125 0.3421875 0.0328125 0.053125
3 0.9046875 0.3609375 0.0609375 0.0984375
0 0.35078125 0.275 0.08125 0.1234375
0 0.3828125 0.2078125 0.0484375 0.06875
3 0.25703125 0.20859375 0.0578125 0.05625