1 0.55546875 0.48515625 0.165625 0.1078125
1 0.47734375 0.30859375 0.0875 0.0546875
1 0.31953125 0.3046875 0.0859375 0.0609375
1 0.97421875 0.44375 0.05 0.084375
1 0.08046875 0.321875 0.0859375 0.0515625
1 0.01796875 0.31796875 0.0359375 0.0546875
1 0.18515625 0.32578125 0.0984375 0.059375
1 0.83125 0.240625 0.0546875 0.0375
1 0.89765625 0.23515625 0.053125 0.021875
1 0.02421875 0.5140625 0.0484375 0.2375
1 0.19921875 0.2984375 0.065625 0.025
2 0.9796875 0.2859375 0.025 0.0390625
2 0.190625 0.2546875 0.0125 0.03125
2 0.63984375 0.32890625 0.034375 0.04375