1 0.478125 0.08046875 0.0609375 0.046875
1 0.9125 0.36640625 0.1734375 0.1484375
1 0.87890625 0.20546875 0.0890625 0.0890625
1 0.0984375 0.33125 0.08125 0.09375
1 0.16953125 0.37578125 0.090625 0.1078125
1 0.67890625 0.34140625 0.153125 0.090625
1 0.59453125 0.08671875 0.0703125 0.0453125
1 0.96484375 0.61015625 0.06875 0.1796875
1 0.9515625 0.2953125 0.0953125 0.0953125
1 0.67734375 0.30078125 0.15625 0.090625
1 0.32734375 0.26875 0.0921875 0.075
1 0.9640625 0.18359375 0.0703125 0.075
1 0.98671875 0.453125 0.025 0.0796875
1 0.465625 0.29921875 0.1234375 0.0640625
1 0.28203125 0.22578125 0.06875 0.0703125
1 0.84921875 0.1109375 0.078125 0.0640625
1 0.86015625 0.05 0.084375 0.0484375
1 0.48671875 0.121875 0.065625 0.034375
1 0.97578125 0.2109375 0.046875 0.08125
3 0.28828125 0.378125 0.18125 0.2453125
0 0.67109375 0.5734375 0.59375 0.528125
0 0.68671875 0.20859375 0.328125 0.228125
0 0.45234375 0.22578125 0.271875 0.19375
0 0.03671875 0.2765625 0.0734375 0.15
0 0.14921875 0.25859375 0.1859375 0.165625
0 0.23515625 0.09375 0.1234375 0.065625
0 0.34453125 0.1609375 0.20625 0.1296875
0 0.16640625 0.14609375 0.1625 0.096875