1 0.0734375 0.91328125 0.146875 0.1703125
1 0.42109375 0.27421875 0.10625 0.078125
1 0.546875 0.90625 0.303125 0.184375
1 0.68984375 0.2203125 0.10625 0.0859375
1 0.58203125 0.19453125 0.084375 0.0671875
1 0.88359375 0.91015625 0.23125 0.1765625
1 0.9734375 0.325 0.0515625 0.071875
1 0.028125 0.2140625 0.05625 0.0546875
1 0.14375 0.24296875 0.0921875 0.075
1 0.96953125 0.28203125 0.059375 0.0609375
1 0.9546875 0.16484375 0.0578125 0.0515625
1 0.98203125 0.1296875 0.034375 0.0484375
1 0.02109375 0.1796875 0.0421875 0.028125
1 0.17109375 0.18203125 0.0765625 0.05
1 0.17421875 0.21640625 0.0703125 0.059375
2 0.05546875 0.27109375 0.034375 0.05
3 0.3421875 0.1953125 0.1109375 0.084375
3 0.58828125 0.66875 0.2828125 0.2640625
0 0.95625 0.07421875 0.0859375 0.0890625
0 0.83671875 0.2546875 0.140625 0.1578125
0 0.36484375 0.034375 0.059375 0.06875