1 0.22265625 0.60703125 0.11875 0.1484375
1 0.559375 0.26640625 0.0671875 0.0453125
1 0.9015625 0.3296875 0.096875 0.0671875
1 0.48203125 0.8484375 0.2140625 0.25625
1 0.09140625 0.49453125 0.075 0.1
1 0.95078125 0.6 0.096875 0.1140625
1 0.33125 0.2234375 0.0390625 0.03125
1 0.44453125 0.40859375 0.096875 0.084375
1 0.66640625 0.43671875 0.128125 0.1
1 0.58984375 0.4640625 0.1265625 0.10625
1 0.134375 0.43671875 0.0671875 0.0859375
1 0.50546875 0.3859375 0.0921875 0.084375
1 0.71328125 0.31171875 0.090625 0.0546875
1 0.36484375 0.18359375 0.034375 0.021875
1 0.45078125 0.1984375 0.034375 0.0296875
1 0.02265625 0.41953125 0.0453125 0.0796875
1 0.41953125 0.24921875 0.059375 0.03125
1 0.44765625 0.23125 0.05 0.0375
1 0.72734375 0.278125 0.078125 0.0515625
1 0.546875 0.21953125 0.05 0.0359375
1 0.76015625 0.5703125 0.175 0.1078125
1 0.271875 0.21953125 0.0328125 0.0203125
1 0.77109375 0.52421875 0.15625 0.121875
1 0.28046875 0.18671875 0.0296875 0.021875
2 0.62265625 0.23515625 0.0203125 0.0375
2 0.39140625 0.20703125 0.0140625 0.0296875
2 0.85078125 0.26328125 0.028125 0.05625
2 0.36953125 0.21484375 0.009375 0.0265625
0 0.36484375 0.5515625 0.4125 0.40625
0 0.80390625 0.784375 0.390625 0.428125
0 0.90859375 0.465625 0.18125 0.228125
0 0.07109375 0.36484375 0.1421875 0.1484375
0 0.290625 0.3296875 0.1734375 0.140625
0 0.37734375 0.31875 0.175 0.1328125