1 0.58203125 0.34453125 0.084375 0.08125
1 0.23125 0.95703125 0.13125 0.08125
1 0.3078125 0.60390625 0.075 0.1515625
1 0.98359375 0.834375 0.03125 0.1203125
1 0.42109375 0.515625 0.065625 0.1203125
1 0.24140625 0.465625 0.075 0.1171875
1 0.559375 0.25390625 0.0515625 0.05625
1 0.13359375 0.5265625 0.0953125 0.1359375
1 0.86328125 0.171875 0.0546875 0.034375
1 0.44921875 0.290625 0.053125 0.0625
1 0.10546875 0.21171875 0.0578125 0.0390625
1 0.98125 0.21875 0.0359375 0.040625
1 0.64296875 0.12578125 0.01875 0.0265625
1 0.26953125 0.17890625 0.040625 0.0390625
1 0.5546875 0.096875 0.015625 0.025
1 0.80703125 0.16171875 0.0296875 0.0203125
1 0.43125 0.22578125 0.0296875 0.0484375
1 0.5015625 0.20390625 0.034375 0.0453125
2 0.05625 0.353125 0.0375 0.06875
2 0.3546875 0.25859375 0.0203125 0.046875
2 0.31015625 0.2515625 0.0234375 0.0375
2 0.9765625 0.31328125 0.0453125 0.121875
2 0.271875 0.25 0.015625 0.0375
0 0.709375 0.14140625 0.128125 0.071875
1 0.32734375 0.16640625 0.0234375 0.028125
1 0.3015625 0.16640625 0.0234375 0.025
1 0.3953125 0.1609375 0.01875 0.028125
1 0.415625 0.1953125 0.028125 0.0375
1 0.465625 0.2171875 0.025 0.040625
1 0.4859375 0.25703125 0.0578125 0.075
1 0.45703125 0.203125 0.03125 0.040625
1 0.4875 0.1765625 0.0234375 0.040625
1 0.44609375 0.184375 0.028125 0.0328125
0 0.5859375 0.10859375 0.028125 0.0515625
1 0.965625 0.1890625 0.0515625 0.0328125
1 0.9578125 0.17890625 0.0546875 0.0328125