1 0.20390625 0.90546875 0.259375 0.1859375
1 0.81171875 0.86171875 0.2546875 0.23125
1 0.53671875 0.93515625 0.253125 0.1265625
1 0.90625 0.953125 0.1859375 0.090625
1 0.57890625 0.1984375 0.078125 0.059375
1 0.38046875 0.29296875 0.10625 0.09375
1 0.971875 0.33203125 0.0546875 0.071875
1 0.62890625 0.24140625 0.09375 0.071875
1 0.6890625 0.228125 0.103125 0.0859375
1 0.9765625 0.16875 0.0453125 0.059375
1 0.92421875 0.13359375 0.0484375 0.0484375
1 0.96796875 0.2890625 0.0625 0.0640625
1 0.87109375 0.1015625 0.0390625 0.0375
1 0.1953125 0.125 0.0515625 0.06875
3 0.58671875 0.675 0.2875 0.265625
0 0.9578125 0.0984375 0.0828125 0.1078125
0 0.33671875 0.06953125 0.0625 0.1140625
0 0.834375 0.26171875 0.140625 0.1578125