1 0.67734375 0.3140625 0.1578125 0.1203125
1 0.95234375 0.10546875 0.09375 0.0671875
1 0.8609375 0.04609375 0.09375 0.0515625
1 0.09921875 0.34296875 0.08125 0.09375
1 0.87890625 0.20078125 0.0875 0.090625
1 0.1734375 0.384375 0.096875 0.10625
1 0.2828125 0.234375 0.0703125 0.071875
1 0.9125 0.36171875 0.1734375 0.146875
1 0.95078125 0.290625 0.096875 0.09375
1 0.33515625 0.05703125 0.021875 0.0265625
1 0.96328125 0.1765625 0.071875 0.06875
1 0.97578125 0.20703125 0.046875 0.08125
1 0.39921875 0.3640625 0.1046875 0.146875
1 0.8640625 0.14609375 0.0703125 0.0640625
3 0.3015625 0.38828125 0.1890625 0.246875
0 0.68515625 0.20859375 0.328125 0.228125
0 0.71640625 0.5984375 0.565625 0.5453125
0 0.45390625 0.22890625 0.2703125 0.190625
0 0.15078125 0.26875 0.178125 0.1703125
0 0.03671875 0.28515625 0.0734375 0.159375
0 0.23671875 0.1 0.125 0.0640625
0 0.3421875 0.16875 0.203125 0.134375
0 0.1671875 0.15546875 0.1625 0.1