1 0.51484375 0.3515625 0.10625 0.075
1 0.8234375 0.3359375 0.0984375 0.065625
1 0.47890625 0.3046875 0.0875 0.0546875
1 0.08203125 0.315625 0.084375 0.0546875
1 0.3390625 0.34140625 0.1078125 0.06875
1 0.01953125 0.31328125 0.0390625 0.0546875
1 0.24296875 0.36953125 0.1109375 0.071875
1 0.83125 0.23984375 0.05625 0.0359375
1 0.19140625 0.32109375 0.090625 0.0578125
1 0.3203125 0.3 0.084375 0.0625
1 0.72421875 0.2234375 0.015625 0.0359375
1 0.89765625 0.23203125 0.053125 0.0203125
1 0.20078125 0.2953125 0.075 0.0359375