1 0.26953125 0.82109375 0.1921875 0.35
1 0.121875 0.35390625 0.08125 0.1109375
1 0.54609375 0.31875 0.10625 0.1078125
1 0.02109375 0.21953125 0.0421875 0.0609375
1 0.09296875 0.209375 0.04375 0.05625
1 0.26484375 0.46875 0.1203125 0.2109375
1 0.15546875 0.17890625 0.04375 0.0546875
1 0.46484375 0.35078125 0.13125 0.128125
1 0.8625 0.24296875 0.10625 0.0859375
1 0.5578125 0.1640625 0.0515625 0.0578125
1 0.02109375 0.09375 0.021875 0.025
1 0.51640625 0.15078125 0.0625 0.0578125
1 0.71484375 0.20078125 0.0859375 0.0765625
1 0.0046875 0.13125 0.009375 0.0265625
0 0.128125 0.10078125 0.059375 0.06875
0 0.94296875 0.1390625 0.0625 0.078125