1 0.6765625 0.31796875 0.0859375 0.1140625
1 0.59375 0.2234375 0.109375 0.0984375
1 0.0859375 0.73359375 0.171875 0.2515625
1 0.54921875 0.6953125 0.234375 0.2578125
1 0.0546875 0.375 0.065625 0.0765625
1 0.35859375 0.6859375 0.253125 0.2359375
1 0.846875 0.184375 0.071875 0.0984375
1 0.94453125 0.09140625 0.05625 0.065625
1 0.82734375 0.23828125 0.05625 0.10625
0 0.76953125 0.08359375 0.1328125 0.14375
0 0.27890625 0.3015625 0.41875 0.340625
0 0.89921875 0.421875 0.2 0.4453125
0 0.8953125 0.078125 0.209375 0.15625
3 0.88828125 0.09609375 0.0875 0.14375
1 0.9296875 0.2234375 0.10625 0.1078125
1 0.9828125 0.11484375 0.034375 0.09375