1 0.52890625 0.509375 0.1484375 0.1453125
1 0.50625 0.30390625 0.0796875 0.0671875
1 0.2125 0.33515625 0.065625 0.075
1 0.18125 0.2109375 0.0296875 0.034375
1 0.10703125 0.2703125 0.040625 0.0484375
1 0.38359375 0.29140625 0.059375 0.0546875
1 0.03359375 0.22890625 0.028125 0.03125
1 0.12578125 0.25078125 0.021875 0.04375
1 0.26796875 0.3109375 0.0671875 0.08125
1 0.71953125 0.30078125 0.09375 0.0578125
1 0.86015625 0.46171875 0.1125 0.1015625
1 0.08984375 0.19375 0.0234375 0.028125
1 0.78984375 0.48671875 0.1515625 0.11875