1 0.48984375 0.796875 0.2375 0.20625
1 0.16953125 0.18671875 0.0546875 0.0453125
1 0.8875 0.90859375 0.2234375 0.1796875
1 0.72734375 0.5640625 0.1015625 0.16875
1 0.35234375 0.196875 0.065625 0.046875
1 0.34765625 0.253125 0.0890625 0.065625
1 0.79609375 0.23671875 0.046875 0.0671875
1 0.8609375 0.1765625 0.0578125 0.053125
1 0.7828125 0.09609375 0.04375 0.034375
1 0.75703125 0.278125 0.0515625 0.0859375
1 0.6953125 0.43203125 0.071875 0.128125
1 0.12890625 0.25390625 0.0796875 0.05625
1 0.73359375 0.06328125 0.01875 0.0265625
1 0.71796875 0.33359375 0.0671875 0.1109375
1 0.9734375 0.42109375 0.0515625 0.0578125
1 0.93125 0.16328125 0.0625 0.0484375
1 0.665625 0.25390625 0.075 0.115625
1 0.53984375 0.1359375 0.05625 0.0453125
1 0.78828125 0.0265625 0.015625 0.0203125
1 0.81953125 0.2 0.04375 0.0640625
1 0.9390625 0.684375 0.1203125 0.1609375
1 0.7578125 0.04921875 0.015625 0.0203125
1 0.9875 0.471875 0.0234375 0.0484375
1 0.96953125 0.3859375 0.040625 0.0546875
1 0.23671875 0.15625 0.0453125 0.03125
0 0.65390625 0.06171875 0.0640625 0.084375