1 0.63046875 0.9484375 0.14375 0.1
1 0.51015625 0.66875 0.075 0.125
1 0.97265625 0.4234375 0.053125 0.046875
1 0.36796875 0.66484375 0.0875 0.125
1 0.1015625 0.60703125 0.071875 0.1109375
1 0.42109375 0.6109375 0.0671875 0.1
1 0.51796875 0.5109375 0.05625 0.078125
1 0.86328125 0.59375 0.146875 0.1171875
1 0.19296875 0.603125 0.0875 0.1015625
1 0.93828125 0.578125 0.1015625 0.096875
1 0.41484375 0.48359375 0.0546875 0.0640625
1 0.5234375 0.3859375 0.03125 0.0359375
1 0.46328125 0.47890625 0.05625 0.06875
1 0.73125 0.3984375 0.034375 0.0453125
1 0.27578125 0.975 0.234375 0.046875
1 0.6734375 0.45390625 0.04375 0.059375
1 0.87265625 0.4 0.08125 0.040625
1 0.09765625 0.4890625 0.0796875 0.0515625
1 0.6359375 0.440625 0.040625 0.0515625
1 0.8484375 0.4234375 0.0890625 0.04375
1 0.35625 0.53828125 0.05 0.075
1 0.60546875 0.4953125 0.040625 0.084375
1 0.15390625 0.546875 0.0625 0.071875
0 0.86640625 0.28828125 0.025 0.0359375
0 0.59609375 0.40546875 0.075 0.1078125
0 0.67578125 0.65546875 0.159375 0.3640625
0 0.67109375 0.36796875 0.0640625 0.0828125
1 0.7578125 0.3625 0.0265625 0.03125
1 0.73671875 0.359375 0.0234375 0.03125
1 0.78515625 0.346875 0.021875 0.03125
1 0.75859375 0.33828125 0.025 0.0203125
0 0.76015625 0.31171875 0.021875 0.034375
1 0.19140625 0.5515625 0.0484375 0.03125