1 0.81953125 0.4109375 0.140625 0.09375
1 0.46953125 0.30859375 0.0875 0.0546875
1 0.6484375 0.33828125 0.1 0.0609375
1 0.959375 0.32890625 0.0796875 0.0546875
1 0.07109375 0.321875 0.0859375 0.0515625
1 0.3109375 0.30390625 0.0859375 0.0625
1 0.0140625 0.31875 0.028125 0.0515625
1 0.21484375 0.325 0.090625 0.0578125
1 0.82109375 0.240625 0.0578125 0.0375
0 0.0203125 0.5125 0.040625 0.2359375
1 0.18203125 0.31015625 0.0609375 0.05
1 0.88828125 0.23359375 0.0546875 0.021875
1 0.71484375 0.22421875 0.01875 0.034375
2 0.96953125 0.278125 0.025 0.034375
0 0.7609375 0.2203125 0.04375 0.0453125