1 0.48515625 0.36953125 0.084375 0.1578125
1 0.52265625 0.734375 0.1359375 0.325
1 0.74453125 0.3890625 0.11875 0.1671875
1 0.8828125 0.74921875 0.2328125 0.3609375
1 0.62265625 0.365625 0.090625 0.15
1 0.6703125 0.55390625 0.1125 0.1953125
1 0.02421875 0.19609375 0.0484375 0.059375
1 0.97421875 0.0453125 0.05 0.0546875
1 0.75390625 0.89375 0.196875 0.209375
1 0.40390625 0.03359375 0.028125 0.0484375
1 0.73203125 0.01484375 0.034375 0.0296875
1 0.4546875 0.00625 0.028125 0.0125
1 0.28828125 0.0453125 0.0359375 0.04375
1 0.6796875 0.00703125 0.021875 0.0140625
2 0.2546875 0.109375 0.025 0.05625
2 0.42421875 0.2140625 0.0421875 0.05
2 0.66484375 0.13515625 0.0390625 0.0515625
2 0.13671875 0.1359375 0.0359375 0.0359375
0 0.89609375 0.44609375 0.20625 0.575