1 0.46328125 0.86484375 0.2953125 0.2265625
1 0.52265625 0.31953125 0.0921875 0.0546875
1 0.18515625 0.31953125 0.0875 0.0578125
1 0.84140625 0.37578125 0.1125 0.075
1 0.56171875 0.47890625 0.146875 0.13125
1 0.32890625 0.31953125 0.0921875 0.0609375
1 0.81171875 0.23984375 0.0546875 0.0359375
1 0.06015625 0.321875 0.0875 0.0546875
1 0.30234375 0.30390625 0.090625 0.0671875
1 0.06328125 0.3015625 0.084375 0.040625
1 0.709375 0.2234375 0.025 0.0359375
1 0.0078125 0.3203125 0.015625 0.0453125
3 0.9265625 0.31171875 0.1328125 0.109375
0 0.0609375 0.51875 0.121875 0.2625