1 0.62109375 0.59609375 0.171875 0.159375
1 0.346875 0.3140625 0.0703125 0.0609375
1 0.4375 0.378125 0.09375 0.0859375
1 0.40859375 0.19609375 0.04375 0.0375
1 0.1953125 0.41015625 0.078125 0.0765625
1 0.85625 0.71796875 0.2359375 0.2140625
1 0.27109375 0.1890625 0.0375 0.0296875
1 0.65703125 0.19609375 0.059375 0.040625
1 0.36796875 0.15859375 0.034375 0.025
1 0.55 0.1859375 0.05 0.0359375
1 0.196875 0.29609375 0.05 0.0546875
1 0.453125 0.16875 0.034375 0.0296875
1 0.0453125 0.22578125 0.025 0.0296875
1 0.10234375 0.228125 0.028125 0.0296875
1 0.1078125 0.25625 0.028125 0.0390625
1 0.03828125 0.19921875 0.021875 0.0203125
1 0.88046875 0.57890625 0.234375 0.225
1 0.02890625 0.17578125 0.0140625 0.015625
2 0.0234375 0.61875 0.046875 0.1109375
0 0.86953125 0.415625 0.259375 0.25
0 0.0578125 0.159375 0.040625 0.0328125