1 0.83984375 0.696875 0.2828125 0.265625
1 0.79609375 0.18046875 0.1296875 0.0796875
1 0.58046875 0.22890625 0.11875 0.0953125
1 0.35390625 0.375 0.134375 0.1203125
1 0.7234375 0.296875 0.1484375 0.109375
1 0.84765625 0.03359375 0.096875 0.0515625
1 0.4484375 0.30390625 0.13125 0.1109375
1 0.38671875 0.146875 0.0734375 0.0578125
1 0.41796875 0.11953125 0.0703125 0.0609375
1 0.94140625 0.275 0.115625 0.0953125
1 0.32578125 0.27578125 0.1015625 0.0859375
1 0.60234375 0.34375 0.14375 0.1140625
1 0.2046875 0.31640625 0.090625 0.1046875
1 0.0640625 0.30703125 0.09375 0.075
1 0.23984375 0.140625 0.05625 0.05625
1 0.09140625 0.115625 0.034375 0.0390625
1 0.18046875 0.13984375 0.0453125 0.0453125
1 0.55546875 0.12109375 0.0828125 0.06875
1 0.5421875 0.15546875 0.0890625 0.0671875
1 0.82109375 0.403125 0.20625 0.19375
1 0.240625 0.26484375 0.078125 0.075
1 0.09140625 0.1640625 0.0296875 0.046875
1 0.32421875 0.053125 0.01875 0.025
1 0.11640625 0.2359375 0.059375 0.0609375
1 0.171875 0.24375 0.0625 0.0609375
1 0.4046875 0.0515625 0.046875 0.0375
1 0.63984375 0.4703125 0.1921875 0.1703125
1 0.90859375 0.33359375 0.109375 0.103125
1 0.73515625 0.028125 0.08125 0.05625
1 0.04765625 0.27109375 0.0734375 0.05625
1 0.99296875 0.1703125 0.0125 0.059375
1 0.43359375 0.24296875 0.096875 0.075
1 0.00703125 0.30546875 0.0140625 0.0546875
0 0.95234375 0.49921875 0.09375 0.365625