1 0.8796875 0.62578125 0.159375 0.2484375
1 0.66015625 0.42421875 0.1078125 0.2078125
1 0.67734375 0.784375 0.159375 0.3125
1 0.4328125 0.18515625 0.1015625 0.078125
1 0.72578125 0.24609375 0.0671875 0.1046875
1 0.61171875 0.21796875 0.059375 0.0984375
1 0.89765625 0.2390625 0.0734375 0.0953125
1 0.04375 0.49296875 0.0875 0.1703125
1 0.01640625 0.70234375 0.0328125 0.1140625
1 0.62890625 0.121875 0.04375 0.0640625
1 0.78203125 0.10546875 0.0421875 0.05625
1 0.09140625 0.4234375 0.090625 0.1390625
1 0.9109375 0.13359375 0.05625 0.0671875
1 0.62421875 0.01796875 0.025 0.0359375
1 0.13984375 0.36015625 0.09375 0.125
1 0.37734375 0.88359375 0.3609375 0.2296875
1 0.82109375 0.07578125 0.0390625 0.05625
1 0.89609375 0.1796875 0.06875 0.0703125
1 0.190625 0.30859375 0.08125 0.1140625
1 0.60546875 0.07890625 0.034375 0.0546875
1 0.590625 0.1453125 0.0421875 0.090625
2 0.69296875 0.15546875 0.01875 0.0484375
0 0.5515625 0.03125 0.040625 0.0625
1 0.77265625 0.05078125 0.0296875 0.0453125
1 0.79453125 0.03984375 0.0234375 0.0390625
1 0.73125 0.02578125 0.025 0.0390625
1 0.58984375 0.01484375 0.0234375 0.0265625
1 0.7078125 0.009375 0.021875 0.01875
1 0.2359375 0.26484375 0.0625 0.0984375
1 0.25859375 0.22421875 0.0609375 0.0765625
1 0.2625 0.190625 0.08125 0.05