1 0.478125 0.3015625 0.0875 0.0515625
1 0.98359375 0.33828125 0.03125 0.05
1 0.08046875 0.31875 0.084375 0.0515625
1 0.83203125 0.23203125 0.05625 0.0359375
1 0.19140625 0.32109375 0.090625 0.0578125
1 0.31953125 0.3 0.084375 0.0625
1 0.03984375 0.36015625 0.0796875 0.0609375
1 0.72421875 0.21796875 0.0171875 0.0359375
1 0.01953125 0.31328125 0.0390625 0.0515625
1 0.89609375 0.22578125 0.053125 0.021875
1 0.19296875 0.29453125 0.0625 0.0375
1 0.759375 0.2796875 0.059375 0.0484375
3 0.1765625 0.12578125 0.103125 0.1515625