1 0.05703125 0.5890625 0.1140625 0.146875
1 0.7171875 0.15703125 0.078125 0.05625
1 0.22890625 0.11328125 0.040625 0.0453125
1 0.89296875 0.12578125 0.046875 0.0453125
1 0.6453125 0.146875 0.075 0.04375
1 0.78203125 0.01875 0.0265625 0.0265625
1 0.8296875 0.13203125 0.0703125 0.0453125
2 0.8296875 0.22421875 0.0265625 0.0453125
2 0.93359375 0.36328125 0.0625 0.1109375
2 0.61015625 0.346875 0.021875 0.06875
2 0.03671875 0.14453125 0.0171875 0.040625
2 0.57109375 0.225 0.025 0.0390625
2 0.9453125 0.33359375 0.04375 0.0546875
2 0.44609375 0.3859375 0.0125 0.03125
2 0.66796875 0.26015625 0.05 0.05625
2 0.06953125 0.1296875 0.0234375 0.034375
2 0.06953125 0.2203125 0.0265625 0.040625
3 0.58515625 0.6546875 0.28125 0.2609375
0 0.3640625 0.25390625 0.39375 0.215625
0 0.0609375 0.33203125 0.121875 0.1984375
0 0.19296875 0.08828125 0.11875 0.1203125