1 0.31015625 0.33828125 0.0703125 0.06875
1 0.59765625 0.24140625 0.071875 0.0546875
1 0.54609375 0.47109375 0.1296875 0.1140625
1 0.48828125 0.20703125 0.05625 0.040625
1 0.67265625 0.45703125 0.1375 0.1109375
1 0.67109375 0.39921875 0.121875 0.0859375
1 0.54453125 0.36328125 0.103125 0.08125
1 0.5046875 0.390625 0.103125 0.075
1 0.55 0.18671875 0.05 0.034375
1 0.88671875 0.57890625 0.225 0.2390625
1 0.45390625 0.16953125 0.0359375 0.03125
1 0.34609375 0.2015625 0.04375 0.0296875
1 0.36953125 0.1859375 0.0390625 0.03125
1 0.28515625 0.16171875 0.025 0.028125
1 0.05234375 0.1734375 0.021875 0.0203125
1 0.36796875 0.15859375 0.034375 0.025
1 0.91171875 0.51640625 0.1484375 0.11875
2 0.2109375 0.65078125 0.028125 0.0609375
3 0.3125 0.60625 0.159375 0.2140625
0 0.8984375 0.42421875 0.2015625 0.2453125