1 0.27265625 0.340625 0.10625 0.1
1 0.61640625 0.10078125 0.0859375 0.04375
1 0.48515625 0.278125 0.115625 0.0890625
1 0.46640625 0.08359375 0.0609375 0.0453125
1 0.69921875 0.175 0.075 0.0796875
1 0.875 0.196875 0.134375 0.1015625
1 0.77578125 0.15703125 0.0953125 0.0703125
1 0.6109375 0.071875 0.0640625 0.04375
1 0.95078125 0.1703125 0.096875 0.096875
1 0.27109375 0.23515625 0.078125 0.075
1 0.85703125 0.04296875 0.09375 0.0515625
1 0.3828125 0.3234375 0.090625 0.065625
2 0.94765625 0.0546875 0.0375 0.0359375
2 0.3671875 0.89921875 0.084375 0.1390625
2 0.83515625 0.08359375 0.03125 0.0453125
0 0.66015625 0.60390625 0.678125 0.59375
0 0.50546875 0.2 0.3296875 0.18125
0 0.23515625 0.121875 0.125 0.1046875
0 0.17890625 0.27890625 0.125 0.1640625
0 0.075 0.29609375 0.15 0.2265625
0 0.4859375 0.05078125 0.0640625 0.0609375
0 0.421875 0.18203125 0.165625 0.146875