1 0.7421875 0.33046875 0.1078125 0.1578125
1 0.51640625 0.9140625 0.221875 0.16875
1 0.48828125 0.478125 0.10625 0.215625
1 0.4828125 0.271875 0.071875 0.1265625
1 0.5203125 0.08515625 0.09375 0.0859375
1 0.4296875 0.178125 0.0875 0.0859375
1 0.42734375 0.11875 0.0765625 0.0640625
1 0.975 0.03046875 0.0484375 0.0546875
1 0.4609375 0.06640625 0.040625 0.05625
1 0.44296875 0.02578125 0.040625 0.0515625
1 0.73515625 0.00703125 0.0359375 0.0140625
2 0.81015625 0.21015625 0.059375 0.065625
2 0.62109375 0.1734375 0.05625 0.0796875
2 0.18359375 0.078125 0.0359375 0.05625