1 0.3078125 0.8765625 0.33125 0.24375
1 0.46328125 0.60546875 0.23125 0.215625
1 0.0859375 0.73515625 0.171875 0.2515625
1 0.78203125 0.68515625 0.23125 0.2890625
1 0.6109375 0.39140625 0.140625 0.1359375
1 0.48046875 0.33125 0.140625 0.1296875
1 0.23203125 0.39375 0.1625 0.1390625
1 0.63515625 0.18203125 0.0859375 0.0828125
1 0.9296875 0.334375 0.1078125 0.13125
1 0.01796875 0.40859375 0.0359375 0.0859375
1 0.73515625 0.16875 0.08125 0.08125
1 0.36171875 0.30390625 0.1265625 0.115625
1 0.21796875 0.3046875 0.1203125 0.10625
1 0.440625 0.20703125 0.065625 0.075
1 0.934375 0.2390625 0.1 0.0953125
1 0.39921875 0.23984375 0.0984375 0.0765625
1 0.72421875 0.5203125 0.16875 0.178125
1 0.02734375 0.5234375 0.0546875 0.1
1 0.88125 0.1609375 0.0734375 0.0890625
1 0.975 0.92890625 0.0484375 0.1390625
1 0.821875 0.23671875 0.071875 0.096875
1 0.9375 0.103125 0.0625 0.065625
1 0.98671875 0.128125 0.025 0.0703125
1 0.92109375 0.06015625 0.046875 0.04375
1 0.8640625 0.084375 0.0375 0.0546875
0 0.96484375 0.03359375 0.0703125 0.0671875
1 0.84765625 0.14375 0.065625 0.0765625
1 0.8328125 0.11953125 0.0671875 0.0796875
1 0.7625 0.1328125 0.06875 0.0578125
2 0.140625 0.29375 0.0359375 0.059375