1 0.54140625 0.5734375 0.109375 0.171875
1 0.76640625 0.66328125 0.16875 0.2
1 0.496875 0.4296875 0.0796875 0.1078125
1 0.76796875 0.434375 0.0984375 0.090625
1 0.434375 0.321875 0.05 0.0671875
1 0.3484375 0.396875 0.0625 0.109375
1 0.21953125 0.3984375 0.05625 0.096875
1 0.159375 0.446875 0.0671875 0.109375
1 0.78125 0.91875 0.2171875 0.159375
1 0.57265625 0.278125 0.0484375 0.0515625
1 0.14609375 0.58828125 0.09375 0.20625
1 0.6375 0.3265625 0.0671875 0.084375
1 0.7609375 0.3734375 0.078125 0.0578125
1 0.5015625 0.26796875 0.0375 0.028125
1 0.853125 0.26484375 0.0484375 0.0453125
1 0.14765625 0.30078125 0.046875 0.071875
1 0.23984375 0.28125 0.01875 0.05625
1 0.28359375 0.33203125 0.025 0.0765625
1 0.17265625 0.26953125 0.0375 0.0546875
2 0.08671875 0.31640625 0.025 0.040625
2 0.89140625 0.38359375 0.021875 0.0484375
3 0.5359375 0.20859375 0.1625 0.1171875
0 0.725 0.2890625 0.1375 0.1375
0 0.53125 0.0796875 0.0484375 0.0703125