1 0.44921875 0.884375 0.1125 0.1984375
1 0.6078125 0.9015625 0.121875 0.19375
1 0.9734375 0.43359375 0.0515625 0.0453125
1 0.62890625 0.59375 0.0640625 0.1015625
1 0.43125 0.6140625 0.0703125 0.10625
1 0.86640625 0.60546875 0.146875 0.11875
1 0.19296875 0.6109375 0.0875 0.10625
1 0.10234375 0.61953125 0.071875 0.109375
1 0.8046875 0.940625 0.1515625 0.115625
1 0.15390625 0.56015625 0.0625 0.06875
1 0.9390625 0.5890625 0.103125 0.096875
1 0.67265625 0.4640625 0.046875 0.0609375
1 0.8734375 0.4109375 0.08125 0.040625
1 0.73203125 0.39453125 0.03125 0.0375
1 0.80546875 0.3453125 0.01875 0.0203125
1 0.03125 0.50390625 0.0625 0.059375
1 0.3765625 0.4703125 0.065625 0.0515625
1 0.4640625 0.48984375 0.05625 0.06875
1 0.35703125 0.55 0.05 0.078125
1 0.41484375 0.49375 0.053125 0.065625
2 0.32890625 0.51328125 0.01875 0.059375
2 0.2765625 0.57890625 0.015625 0.0546875
0 0.5234375 0.51875 0.0875 0.1890625
0 0.584375 0.45625 0.0734375 0.1359375
0 0.73046875 0.3515625 0.034375 0.05625