1 0.61953125 0.43828125 0.128125 0.109375
1 0.64609375 0.19609375 0.0578125 0.040625
1 0.29609375 0.45546875 0.09375 0.09375
1 0.31484375 0.33671875 0.071875 0.0703125
1 0.74296875 0.65859375 0.203125 0.184375
1 0.50546875 0.35703125 0.09375 0.08125
1 0.31015625 0.18984375 0.034375 0.03125
1 0.071875 0.24921875 0.025 0.0359375
1 0.36796875 0.16015625 0.034375 0.025
1 0.03984375 0.221875 0.028125 0.0375
1 0.2046875 0.1859375 0.028125 0.025
1 0.15703125 0.284375 0.040625 0.046875
1 0.45390625 0.16953125 0.034375 0.03125
1 0.09765625 0.2046875 0.0265625 0.025
1 0.13984375 0.25390625 0.034375 0.0375
1 0.55 0.18828125 0.05 0.0359375
1 0.06015625 0.16328125 0.0390625 0.0296875
1 0.45703125 0.19453125 0.0171875 0.0296875
1 0.28359375 0.1640625 0.03125 0.028125
1 0.23984375 0.17109375 0.025 0.028125
2 0.10390625 0.7359375 0.0671875 0.15
0 0.89765625 0.421875 0.203125 0.240625