1 0.15625 0.446875 0.125 0.1015625
1 0.4296875 0.26484375 0.071875 0.0671875
1 0.1140625 0.2609375 0.071875 0.059375
1 0.3265625 0.278125 0.084375 0.0640625
1 0.66484375 0.26953125 0.0734375 0.109375
1 0.97109375 0.1484375 0.05625 0.0515625
1 0.24609375 0.2 0.0578125 0.05625
1 0.97265625 0.41796875 0.053125 0.0765625
1 0.34609375 0.15859375 0.046875 0.04375
1 0.82421875 0.025 0.015625 0.015625
1 0.16015625 0.5046875 0.1234375 0.10625
1 0.0078125 0.40625 0.015625 0.084375
0 0.59375 0.18203125 0.1359375 0.15