1 0.34609375 0.390625 0.0859375 0.08125
1 0.75546875 0.24921875 0.090625 0.0546875
1 0.61953125 0.29140625 0.0890625 0.0640625
1 0.67109375 0.4015625 0.121875 0.0890625
1 0.67265625 0.46015625 0.1375 0.1140625
1 0.47890625 0.39140625 0.096875 0.0859375
1 0.4875 0.346875 0.0921875 0.071875
1 0.0234375 0.37421875 0.046875 0.1
1 0.36875 0.1609375 0.03125 0.025
1 0.88671875 0.58125 0.225 0.240625
1 0.4546875 0.171875 0.034375 0.0296875
1 0.1296875 0.26640625 0.034375 0.0453125
1 0.11875 0.178125 0.0328125 0.021875
1 0.51640625 0.19609375 0.0546875 0.0375
1 0.55625 0.18984375 0.040625 0.0359375
1 0.06015625 0.1765625 0.0171875 0.0171875
1 0.28359375 0.16484375 0.03125 0.025
1 0.90546875 0.51796875 0.1609375 0.1140625
0 0.8984375 0.428125 0.2015625 0.2453125