1 0.80546875 0.1484375 0.0484375 0.0640625
1 0.934375 0.33203125 0.09375 0.1140625
1 0.93203125 0.2515625 0.08125 0.0890625
1 0.03359375 0.51953125 0.0671875 0.16875
1 0.76171875 0.06171875 0.03125 0.04375
1 0.07109375 0.44921875 0.090625 0.1390625
1 0.12265625 0.38671875 0.090625 0.121875
1 0.73203125 0.0765625 0.03125 0.04375
1 0.17109375 0.334375 0.084375 0.109375
1 0.21171875 0.290625 0.06875 0.0953125
1 0.56484375 0.0140625 0.01875 0.028125
1 0.6921875 0.07421875 0.03125 0.0453125
1 0.23515625 0.25859375 0.0515625 0.0875
0 0.42890625 0.53828125 0.2234375 0.684375