1 0.72734375 0.30703125 0.08125 0.121875
1 0.65078125 0.51640625 0.11875 0.2078125
1 0.5328125 0.27109375 0.06875 0.10625
1 0.01640625 0.73203125 0.0328125 0.165625
1 0.61640625 0.17421875 0.05 0.08125
1 0.65859375 0.11015625 0.040625 0.0609375
1 0.840625 0.23203125 0.06875 0.0875
1 0.84375 0.1453125 0.05625 0.071875
1 0.80546875 0.05 0.0359375 0.0453125
1 0.91484375 0.1890625 0.065625 0.08125
1 0.04296875 0.49609375 0.0859375 0.1703125
1 0.60859375 0.3140625 0.071875 0.1578125
1 0.1390625 0.36484375 0.0953125 0.125
1 0.76796875 0.11328125 0.040625 0.059375
1 0.09140625 0.4265625 0.090625 0.1390625
1 0.59765625 0.075 0.03125 0.05
1 0.63515625 0.03359375 0.0265625 0.0375
1 0.91953125 0.1390625 0.05625 0.0671875
2 0.9015625 0.7359375 0.0578125 0.1765625
0 0.54296875 0.0890625 0.059375 0.1265625
1 0.76796875 0.0734375 0.0359375 0.040625
1 0.75390625 0.0578125 0.0296875 0.0375
1 0.71171875 0.02109375 0.0234375 0.0328125
1 0.76875 0.0265625 0.025 0.0375
1 0.74375 0.01328125 0.0234375 0.0234375
1 0.596875 0.040625 0.021875 0.03125
1 0.18515625 0.3078125 0.0609375 0.0984375
1 0.23203125 0.26484375 0.065625 0.0921875
1 0.25625 0.23515625 0.0484375 0.0796875