1 0.91640625 0.346875 0.1078125 0.10625
1 0.79296875 0.734375 0.15625 0.190625
1 0.60859375 0.728125 0.146875 0.2078125
1 0.26171875 0.253125 0.071875 0.0765625
1 0.525 0.5015625 0.1125 0.1453125
1 0.69609375 0.5390625 0.1296875 0.140625
1 0.42109375 0.390625 0.0953125 0.115625
1 0.3296875 0.31328125 0.078125 0.09375
1 0.57421875 0.40703125 0.1078125 0.1109375
1 0.6125 0.3046875 0.1046875 0.1171875
1 0.33125 0.234375 0.075 0.06875
1 0.759375 0.30546875 0.0859375 0.096875
1 0.4546875 0.31484375 0.0875 0.0859375
1 0.80390625 0.2609375 0.075 0.0859375
1 0.090625 0.19140625 0.08125 0.0578125
1 0.35078125 0.03203125 0.0265625 0.03125
1 0.48046875 0.09921875 0.03125 0.046875
1 0.740625 0.2140625 0.059375 0.084375
1 0.48671875 0.0109375 0.0203125 0.021875
1 0.1484375 0.18046875 0.0578125 0.05625
1 0.69921875 0.18046875 0.046875 0.0640625
1 0.6609375 0.14140625 0.015625 0.053125
1 0.59140625 0.01484375 0.0234375 0.0296875
1 0.37109375 0.0109375 0.0359375 0.021875
1 0.32734375 0.01640625 0.01875 0.0265625
2 0.24453125 0.15859375 0.028125 0.0359375
2 0.89296875 0.51484375 0.0515625 0.0859375
2 0.8984375 0.125 0.0203125 0.046875
2 0.14453125 0.43125 0.0609375 0.0859375
2 0.25546875 0.52421875 0.0609375 0.08125
2 0.0125 0.2859375 0.025 0.0546875
2 0.96640625 0.11640625 0.040625 0.0484375
2 0.21171875 0.50546875 0.04375 0.0703125
2 0.0671875 0.22421875 0.0203125 0.040625
2 0.06328125 0.215625 0.028125 0.05625
0 0.40390625 0.16640625 0.184375 0.1515625
0 0.61015625 0.14609375 0.09375 0.15625
0 0.090625 0.12890625 0.18125 0.10625
0 0.57578125 0.04609375 0.0390625 0.059375
1 0.19375 0.2046875 0.06875 0.084375