1 0.67578125 0.3140625 0.153125 0.1203125
1 0.09609375 0.33125 0.08125 0.09375
1 0.16796875 0.375 0.090625 0.10625
1 0.87734375 0.20390625 0.0890625 0.0890625
1 0.80546875 0.0703125 0.0875 0.0515625
1 0.9109375 0.35078125 0.175 0.1171875
1 0.940625 0.11796875 0.1171875 0.06875
1 0.4875 0.08359375 0.065625 0.0515625
1 0.978125 0.6140625 0.0421875 0.171875
1 0.95078125 0.2953125 0.096875 0.0953125
1 0.57578125 0.33046875 0.15 0.0796875
1 0.56640625 0.0703125 0.0703125 0.0484375
1 0.28203125 0.2265625 0.0703125 0.071875
1 0.37578125 0.2734375 0.1015625 0.06875
1 0.93125 0.08359375 0.103125 0.0515625
1 0.8671875 0.0484375 0.078125 0.0515625
1 0.97421875 0.2109375 0.05 0.08125
1 0.96328125 0.18046875 0.071875 0.071875
1 0.9390625 0.434375 0.1203125 0.1546875
3 0.28671875 0.37890625 0.18125 0.24375
0 0.68359375 0.209375 0.3265625 0.2296875
0 0.66953125 0.57109375 0.59375 0.53125
0 0.45234375 0.22421875 0.26875 0.1890625
0 0.14609375 0.25859375 0.1796875 0.16875
0 0.03515625 0.2765625 0.0703125 0.15
0 0.16328125 0.14921875 0.1640625 0.0984375
0 0.34296875 0.16328125 0.20625 0.134375
0 0.23125 0.09140625 0.11875 0.065625
0 0.38359375 0.334375 0.09375 0.0984375