1 0.36484375 0.51875 0.0875 0.1515625
1 0.7171875 0.678125 0.121875 0.196875
1 0.02578125 0.36875 0.0515625 0.0953125
1 0.92421875 0.346875 0.11875 0.090625
1 0.19140625 0.63984375 0.153125 0.2421875
1 0.27578125 0.371875 0.075 0.1
1 0.6171875 0.26640625 0.04375 0.059375
1 0.18515625 0.31640625 0.0640625 0.08125
1 0.51171875 0.340625 0.065625 0.0890625
1 0.62265625 0.34140625 0.05625 0.0796875
1 0.39765625 0.33828125 0.059375 0.0859375
1 0.71328125 0.346875 0.0515625 0.0796875
1 0.74921875 0.31015625 0.05 0.06875
1 0.10703125 0.290625 0.059375 0.075
1 0.66796875 0.21875 0.034375 0.0484375
1 0.08671875 0.51015625 0.11875 0.1453125
1 0.1359375 0.56640625 0.128125 0.175
1 0.15546875 0.25703125 0.05625 0.0625
1 0.359375 0.2734375 0.05 0.06875
1 0.72890625 0.26328125 0.04375 0.05625
1 0.09375 0.41953125 0.090625 0.10625