1 0.67890625 0.6546875 0.08125 0.125
1 0.97265625 0.43984375 0.053125 0.046875
1 0.8640625 0.61171875 0.146875 0.1171875
1 0.66015625 0.5 0.046875 0.0671875
1 0.24921875 0.4984375 0.0859375 0.05625
1 0.10078125 0.62578125 0.071875 0.1109375
1 0.1921875 0.62109375 0.0875 0.1015625
1 0.93671875 0.5953125 0.103125 0.0953125
1 0.35546875 0.55703125 0.0515625 0.078125
1 0.15234375 0.56953125 0.0625 0.071875
1 0.8484375 0.44140625 0.0890625 0.04375
1 0.02734375 0.50859375 0.040625 0.0578125
1 0.87265625 0.41875 0.08125 0.040625
1 0.52578125 0.40390625 0.0265625 0.0328125
0 0.4875 0.61875 0.146875 0.2703125
0 0.6703125 0.3890625 0.0625 0.0859375
0 0.55390625 0.52890625 0.09375 0.1765625