1 0.603125 0.39921875 0.1484375 0.125
1 0.21328125 0.4703125 0.0953125 0.1453125
1 0.11171875 0.31953125 0.053125 0.0796875
1 0.2171875 0.34140625 0.075 0.09375
1 0.23984375 0.2515625 0.053125 0.05625
1 0.17265625 0.18359375 0.03125 0.040625
1 0.37890625 0.33515625 0.0875 0.0859375
1 0.13046875 0.159375 0.0234375 0.0296875
1 0.96953125 0.18359375 0.059375 0.078125
1 0.88984375 0.28515625 0.1125 0.0859375
1 0.22421875 0.21015625 0.04375 0.0546875
1 0.5828125 0.21015625 0.0515625 0.0578125
1 0.73984375 0.2453125 0.0859375 0.0765625
1 0.04765625 0.23359375 0.0359375 0.0484375
1 0.41484375 0.29453125 0.1015625 0.078125
0 0.41015625 0.215625 0.2 0.1546875