1 0.91953125 0.703125 0.159375 0.2015625
1 0.75 0.565625 0.125 0.1953125
1 0.7484375 0.3265625 0.0640625 0.109375
1 0.41953125 0.21640625 0.0625 0.0515625
1 0.1234375 0.38515625 0.084375 0.0671875
1 0.50859375 0.1984375 0.05625 0.059375
1 0.13515625 0.27109375 0.0828125 0.071875
1 0.69921875 0.43125 0.0765625 0.125
1 0.36328125 0.15 0.0453125 0.040625
1 0.17890625 0.21953125 0.0609375 0.05625
1 0.0328125 0.309375 0.065625 0.0671875
1 0.97109375 0.1390625 0.05625 0.0484375
1 0.8859375 0.10546875 0.065625 0.0453125
1 0.128125 0.1359375 0.0609375 0.025
1 0.66484375 0.2546875 0.0734375 0.1171875
1 0.23203125 0.11796875 0.028125 0.025
1 0.03984375 0.26796875 0.0734375 0.046875
1 0.940625 0.490625 0.03125 0.0484375
1 0.99140625 0.46796875 0.015625 0.0546875
2 0.35234375 0.865625 0.0546875 0.125
0 0.6171875 0.146875 0.115625 0.14375
0 0.14453125 0.625 0.2890625 0.584375
0 0.74453125 0.05390625 0.040625 0.059375