1 0.19140625 0.5265625 0.1875 0.15625
1 0.88359375 0.15 0.0765625 0.0515625
1 0.03203125 0.50703125 0.0625 0.140625
1 0.8671875 0.0765625 0.0390625 0.0390625
1 0.81484375 0.03671875 0.028125 0.034375
1 0.90234375 0.11484375 0.0359375 0.0484375
2 0.49765625 0.43984375 0.0421875 0.0765625
2 0.69765625 0.409375 0.0546875 0.075
2 0.7796875 0.190625 0.0265625 0.040625
2 0.98515625 0.3390625 0.028125 0.0546875
2 0.81640625 0.215625 0.0390625 0.05
2 0.93828125 0.08984375 0.025 0.03125
2 0.19296875 0.1359375 0.01875 0.053125
2 0.2890625 0.2765625 0.053125 0.046875
2 0.0140625 0.13203125 0.028125 0.0453125
3 0.58828125 0.65546875 0.2875 0.2625
0 0.12578125 0.3140625 0.2515625 0.2359375
0 0.48984375 0.22890625 0.3640625 0.2015625
0 0.24296875 0.06015625 0.0953125 0.1015625