1 0.06015625 0.75 0.1203125 0.1875
1 0.26953125 0.36640625 0.0875 0.0859375
1 0.846875 0.21875 0.0359375 0.0484375
1 0.365625 0.40390625 0.09375 0.0953125
1 0.496875 0.26171875 0.059375 0.0578125
1 0.49296875 0.3546875 0.0875 0.1015625
1 0.61015625 0.68203125 0.121875 0.2015625
1 0.7453125 0.14375 0.0234375 0.03125
1 0.328125 0.8109375 0.19375 0.2515625
1 0.70078125 0.146875 0.028125 0.0390625
1 0.60546875 0.1890625 0.0390625 0.0484375
1 0.96484375 0.16015625 0.0234375 0.03125
1 0.93359375 0.13984375 0.0203125 0.0359375
1 0.8953125 0.13046875 0.0203125 0.028125
1 0.3328125 0.05546875 0.04375 0.021875
1 0.778125 0.1046875 0.015625 0.0203125
1 0.86796875 0.12109375 0.01875 0.025
1 0.66796875 0.21796875 0.0453125 0.0609375
1 0.675 0.18359375 0.03125 0.0375
3 0.43828125 0.83984375 0.303125 0.3171875
0 0.796875 0.6359375 0.2109375 0.54375
0 0.40390625 0.02890625 0.1015625 0.0578125
0 0.03984375 0.0796875 0.0796875 0.0875
1 0.08671875 0.0984375 0.0640625 0.03125