1 0.11796875 0.55625 0.196875 0.165625
1 0.93046875 0.13984375 0.0640625 0.05
1 0.83515625 0.0546875 0.034375 0.0359375
1 0.56328125 0.1359375 0.0421875 0.028125
2 0.6515625 0.390625 0.046875 0.0703125
2 0.46953125 0.41171875 0.03125 0.06875
2 0.959375 0.184375 0.021875 0.0390625
2 0.16328125 0.146875 0.01875 0.04375
2 0.70859375 0.22421875 0.0515625 0.059375
2 0.77109375 0.22109375 0.04375 0.046875
2 0.01796875 0.1546875 0.0359375 0.046875
2 0.97265625 0.33984375 0.046875 0.0578125
2 0.96953125 0.3765625 0.046875 0.0359375
2 0.66484375 0.20546875 0.046875 0.0453125
3 0.5875 0.6546875 0.284375 0.265625
0 0.10078125 0.3203125 0.2015625 0.221875
0 0.43203125 0.2390625 0.3765625 0.2109375
0 0.23203125 0.0640625 0.09375 0.109375