1 0.57265625 0.9234375 0.11875 0.15
1 0.78359375 0.96015625 0.134375 0.0765625
1 0.69296875 0.44375 0.034375 0.04375
1 0.96484375 0.45859375 0.06875 0.05
1 0.59296875 0.59921875 0.065625 0.090625
1 0.8515625 0.63046875 0.1453125 0.1171875
1 0.43203125 0.61875 0.0546875 0.0859375
1 0.74453125 0.39921875 0.0265625 0.0390625
1 0.834375 0.4609375 0.0875 0.0453125
1 0.546875 0.81328125 0.09375 0.1671875
1 0.65390625 0.3953125 0.025 0.0234375
1 0.53046875 0.65546875 0.0671875 0.1046875
1 0.25546875 0.51328125 0.046875 0.0453125
1 0.08671875 0.6546875 0.071875 0.109375
1 0.921875 0.6140625 0.10625 0.09375
1 0.98359375 0.41015625 0.03125 0.04375
1 0.06171875 0.596875 0.0625 0.06875
1 0.22421875 0.66484375 0.0765625 0.10625
1 0.1390625 0.59453125 0.0625 0.0703125
1 0.17578125 0.6484375 0.08125 0.1
1 0.5390625 0.73203125 0.08125 0.1359375
1 0.75546875 0.34609375 0.015625 0.01875
1 0.8578125 0.43671875 0.08125 0.040625
0 0.31640625 0.7234375 0.1953125 0.3578125