1 0.97578125 0.6015625 0.046875 0.1671875
1 0.55078125 0.43125 0.165625 0.1484375
1 0.95625 0.10390625 0.0859375 0.0703125
1 0.27890625 0.56484375 0.1453125 0.215625
1 0.58984375 0.1734375 0.096875 0.06875
1 0.28515625 0.27109375 0.096875 0.0875
1 0.75546875 0.078125 0.08125 0.05625
1 0.56484375 0.34921875 0.1359375 0.1171875
1 0.86875 0.196875 0.128125 0.090625
1 0.72109375 0.18125 0.1125 0.08125
1 0.0546875 0.28671875 0.040625 0.0671875
1 0.8375 0.41171875 0.221875 0.1953125
1 0.97578125 0.20546875 0.046875 0.1
1 0.2390625 0.14921875 0.0515625 0.05
1 0.31171875 0.153125 0.0625 0.053125
1 0.85859375 0.04375 0.090625 0.05
1 0.565625 0.13203125 0.0671875 0.0578125
1 0.95859375 0.1703125 0.08125 0.0859375
1 0.62109375 0.10625 0.0859375 0.05
1 0.67734375 0.14609375 0.0828125 0.0703125
1 0.8171875 0.1609375 0.1 0.0703125
0 0.44140625 0.12890625 0.1953125 0.13125
0 0.20078125 0.36640625 0.25625 0.234375
0 0.47890625 0.04609375 0.153125 0.078125
0 0.19140625 0.07109375 0.084375 0.065625
0 0.14765625 0.259375 0.18125 0.121875