1 0.453125 0.8390625 0.271875 0.21875
1 0.30859375 0.27890625 0.090625 0.071875
1 0.13984375 0.76171875 0.221875 0.171875
1 0.86640625 0.91015625 0.265625 0.1765625
1 0.0328125 0.2734375 0.065625 0.065625
1 0.71640625 0.54609375 0.0859375 0.1640625
1 0.16015625 0.19296875 0.053125 0.0484375
1 0.8765625 0.1109375 0.0578125 0.0375
1 0.68203125 0.08125 0.028125 0.034375
1 0.86796875 0.175 0.075 0.0546875
1 0.77578125 0.159375 0.0734375 0.0453125
1 0.796875 0.23984375 0.046875 0.065625
1 0.69921875 0.421875 0.071875 0.121875
1 0.75546875 0.278125 0.05625 0.0859375
1 0.72109375 0.328125 0.0671875 0.1078125
1 0.96171875 0.45546875 0.0375 0.059375
1 0.21484375 0.16796875 0.05 0.0359375
1 0.87109375 0.63125 0.1625 0.221875
1 0.93984375 0.16328125 0.05 0.0484375
1 0.66640625 0.25859375 0.075 0.109375
1 0.82109375 0.20078125 0.0453125 0.0609375
1 0.590625 0.19296875 0.075 0.0515625
1 0.99453125 0.71015625 0.009375 0.06875
0 0.3734375 0.14921875 0.1625 0.1390625