1 0.83203125 0.34609375 0.1859375 0.140625
1 0.97578125 0.60078125 0.046875 0.16875
1 0.26640625 0.425 0.11875 0.125
1 0.10078125 0.34375 0.0859375 0.0953125
1 0.86015625 0.04140625 0.090625 0.05
1 0.27265625 0.33671875 0.10625 0.096875
1 0.50625 0.41484375 0.0734375 0.115625
1 0.28671875 0.23515625 0.071875 0.075
1 0.33359375 0.0546875 0.021875 0.028125
1 0.8203125 0.49609375 0.14375 0.221875
2 0.65625 0.05 0.025 0.0515625
3 0.675 0.5265625 0.3171875 0.390625
0 0.82421875 0.2296875 0.35 0.2640625
0 0.53984375 0.24296875 0.3046875 0.2109375
0 0.15078125 0.27109375 0.18125 0.175
0 0.0359375 0.2859375 0.071875 0.1578125
0 0.33515625 0.1734375 0.190625 0.146875
0 0.23359375 0.09921875 0.125 0.0609375
0 0.16640625 0.1546875 0.1625 0.0984375
0 0.234375 0.13125 0.125 0.1265625