1 0.115625 0.40703125 0.103125 0.1109375
1 0.71875 0.89921875 0.3359375 0.1984375
1 0.78671875 0.40625 0.159375 0.0984375
1 0.91171875 0.56640625 0.175 0.1703125
1 0.496875 0.35 0.06875 0.09375
1 0.2140625 0.24921875 0.075 0.071875
1 0.03984375 0.175 0.0421875 0.0359375
1 0.03046875 0.20703125 0.0484375 0.0484375
1 0.078125 0.20078125 0.0484375 0.046875
1 0.95546875 0.903125 0.0875 0.190625
1 0.9140625 0.00625 0.046875 0.0125
1 0.8375 0.01015625 0.0375 0.009375
0 0.40703125 0.34375 0.13125 0.1015625