1 0.1640625 0.65078125 0.1453125 0.2140625
1 0.63203125 0.41484375 0.0671875 0.1046875
1 0.6859375 0.64609375 0.11875 0.178125
1 0.06171875 0.3609375 0.071875 0.103125
1 0.8375 0.63828125 0.14375 0.1984375
1 0.11875 0.48671875 0.1125 0.175
1 0.74140625 0.40078125 0.075 0.1140625
1 0.52265625 0.34296875 0.071875 0.09375
1 0.778125 0.33125 0.059375 0.078125
1 0.93984375 0.55390625 0.1078125 0.1859375
1 0.28828125 0.34375 0.059375 0.0953125
1 0.62578125 0.228125 0.0359375 0.05625
1 0.259375 0.309375 0.0609375 0.0859375
1 0.69453125 0.28828125 0.04375 0.06875
1 0.17265625 0.234375 0.0515625 0.0578125
1 0.73359375 0.25625 0.0421875 0.0609375
1 0.234375 0.20078125 0.046875 0.05
1 0.38671875 0.24296875 0.0453125 0.0671875
1 0.1671875 0.37109375 0.08125 0.125
1 0.41953125 0.28203125 0.046875 0.071875
1 0.69453125 0.20625 0.0390625 0.0546875
0 0.30859375 0.21328125 0.103125 0.1375
0 0.35234375 0.4546875 0.1625 0.35