1 0.078125 0.30625 0.0734375 0.09375
1 0.95078125 0.92578125 0.096875 0.1453125
1 0.01640625 0.93046875 0.0328125 0.1328125
1 0.684375 0.90625 0.309375 0.184375
1 0.68359375 0.378125 0.1359375 0.1109375
1 0.25390625 0.88515625 0.2953125 0.2265625
1 0.965625 0.11640625 0.053125 0.0453125
1 0.9734375 0.3203125 0.0515625 0.075
1 0.58203125 0.18671875 0.0828125 0.059375
1 0.68828125 0.20859375 0.10625 0.071875
1 0.43046875 0.25625 0.096875 0.071875
1 0.4703125 0.23359375 0.0953125 0.0671875
1 0.96953125 0.2765625 0.059375 0.0609375
1 0.01796875 0.40390625 0.0359375 0.0984375
1 0.37734375 0.20703125 0.05625 0.0640625
1 0.57421875 0.290625 0.1125 0.09375
1 0.58671875 0.246875 0.103125 0.06875
2 0.4625 0.13828125 0.03125 0.0359375
2 0.21328125 0.284375 0.04375 0.05
2 0.2078125 0.1703125 0.0171875 0.0453125
2 0.23828125 0.203125 0.025 0.046875
2 0.296875 0.18125 0.0359375 0.0453125
2 0.34609375 0.17109375 0.01875 0.0359375
3 0.590625 0.6640625 0.2890625 0.2609375
3 0.7375 0.27578125 0.1609375 0.1265625
0 0.87578125 0.04453125 0.08125 0.0890625
0 0.10234375 0.16796875 0.1546875 0.171875
0 0.8375 0.25 0.1375 0.15625
0 0.02578125 0.23828125 0.0515625 0.1515625