1 0.56171875 0.2 0.090625 0.103125
1 0.68359375 0.109375 0.0703125 0.078125
1 0.7640625 0.08203125 0.0625 0.065625
1 0.16015625 0.50546875 0.2046875 0.2046875
1 0.12578125 0.31328125 0.115625 0.1046875
1 0.23125 0.2546875 0.10625 0.0953125
1 0.4140625 0.36796875 0.1453125 0.1859375
1 0.03671875 0.37421875 0.0734375 0.1078125
1 0.52421875 0.090625 0.0609375 0.059375
1 0.57109375 0.06796875 0.046875 0.05
1 0.4671875 0.1203125 0.059375 0.0671875
1 0.61171875 0.04609375 0.0484375 0.0484375
1 0.42265625 0.153125 0.046875 0.06875
0 0.9328125 0.07109375 0.090625 0.1421875