1 0.41953125 0.51328125 0.125 0.115625
1 0.625 0.39140625 0.115625 0.09375
1 0.47734375 0.38671875 0.1 0.09375
1 0.6234375 0.1953125 0.053125 0.0359375
1 0.05859375 0.24375 0.03125 0.046875
1 0.11171875 0.284375 0.0375 0.046875
1 0.36796875 0.15859375 0.034375 0.025
1 0.453125 0.16953125 0.034375 0.03125
1 0.55 0.18671875 0.05 0.034375
1 0.18359375 0.21484375 0.03125 0.034375
1 0.26015625 0.315625 0.059375 0.0609375
1 0.14453125 0.18046875 0.0234375 0.0203125
1 0.76875 0.4796875 0.140625 0.1109375
1 0.02890625 0.21171875 0.0203125 0.0203125
1 0.2203125 0.2796875 0.0515625 0.0484375
1 0.88671875 0.5859375 0.225 0.225
1 0.2234375 0.18359375 0.0265625 0.0296875
1 0.64140625 0.1890625 0.025 0.0296875
2 0.21328125 0.78125 0.034375 0.09375
2 0.24296875 0.91171875 0.10625 0.171875
0 0.89921875 0.4234375 0.2 0.2421875