1 0.95234375 0.7359375 0.09375 0.165625
1 0.12265625 0.26171875 0.0359375 0.0578125
1 0.56953125 0.59609375 0.159375 0.178125
1 0.2984375 0.4984375 0.1015625 0.1375
1 0.725 0.4609375 0.1484375 0.11875
1 0.325 0.40625 0.08125 0.0984375
1 0.5609375 0.4890625 0.159375 0.134375
1 0.9203125 0.56171875 0.1578125 0.1984375
1 0.8203125 0.36328125 0.1328125 0.1265625
1 0.24296875 0.34296875 0.0578125 0.08125
1 0.78359375 0.90390625 0.246875 0.1890625
1 0.80234375 0.76640625 0.278125 0.3453125
1 0.978125 0.30390625 0.0421875 0.0453125
1 0.615625 0.2046875 0.040625 0.03125
1 0.97734375 0.4203125 0.04375 0.11875
1 0.64453125 0.30390625 0.09375 0.0671875
1 0.85703125 0.240625 0.059375 0.0375
1 0.60546875 0.16953125 0.0375 0.03125
1 0.76328125 0.228125 0.0515625 0.0453125
1 0.64765625 0.35078125 0.090625 0.09375
1 0.475 0.24375 0.065625 0.071875
1 0.5734375 0.38828125 0.1140625 0.109375
1 0.81015625 0.59140625 0.1765625 0.2203125
1 0.68671875 0.21015625 0.04375 0.03125
1 0.73046875 0.20625 0.0421875 0.0359375
0 0.378125 0.31953125 0.1859375 0.2140625
0 0.65078125 0.06953125 0.0875 0.0390625