1 0.53984375 0.859375 0.21875 0.278125
1 0.3390625 0.52890625 0.0828125 0.1390625
1 0.9828125 0.4265625 0.0328125 0.05
1 0.521875 0.49921875 0.1046875 0.184375
1 0.66875 0.28359375 0.075 0.11875
1 0.01953125 0.3359375 0.0390625 0.0609375
1 0.9671875 0.94609375 0.0640625 0.1046875
1 0.40078125 0.40625 0.0578125 0.1015625
1 0.4296875 0.325 0.0453125 0.0796875
1 0.4 0.1640625 0.025 0.0359375
1 0.875 0.71796875 0.2234375 0.20625
1 0.3625 0.31328125 0.04375 0.09375
1 0.46640625 0.26953125 0.0390625 0.0609375
1 0.43046875 0.2046875 0.03125 0.04375
1 0.07109375 0.33125 0.078125 0.0625
1 0.97265625 0.171875 0.053125 0.0484375
1 0.95859375 0.4453125 0.0203125 0.0546875
1 0.41015625 0.26484375 0.040625 0.0703125
1 0.1859375 0.33984375 0.046875 0.0609375
0 0.10234375 0.48125 0.2046875 0.38125
0 0.29609375 0.29296875 0.1015625 0.21875
0 0.25390625 0.2359375 0.115625 0.165625
0 0.17578125 0.23671875 0.128125 0.1375
0 0.4921875 0.0953125 0.0703125 0.065625
0 0.35859375 0.18125 0.0609375 0.115625