1 0.04375 0.54375 0.0875 0.1203125
1 0.4359375 0.33828125 0.08125 0.0796875
1 0.7578125 0.60390625 0.140625 0.1890625
1 0.71171875 0.4359375 0.0703125 0.14375
1 0.3078125 0.15546875 0.040625 0.040625
1 0.21640625 0.215625 0.0640625 0.05
1 0.28984375 0.3484375 0.0953125 0.0859375
1 0.66640625 0.265625 0.075 0.1171875
1 0.971875 0.1546875 0.0546875 0.04375
1 0.13203125 0.26796875 0.0625 0.071875
1 0.2125 0.12421875 0.034375 0.0265625
1 0.325 0.28046875 0.075 0.0609375
1 0.96953125 0.5046875 0.059375 0.065625
1 0.34921875 0.1515625 0.040625 0.0515625
1 0.00859375 0.290625 0.0171875 0.0515625
2 0.02890625 0.2609375 0.0234375 0.0375
0 0.521875 0.06171875 0.0625 0.071875
0 0.71875 0.071875 0.028125 0.0703125