1 0.86328125 0.0484375 0.0890625 0.0515625
1 0.65234375 0.07421875 0.075 0.059375
1 0.67734375 0.3140625 0.15625 0.1203125
1 0.87890625 0.20390625 0.0890625 0.0890625
1 0.0984375 0.33203125 0.08125 0.090625
1 0.16953125 0.37578125 0.090625 0.1078125
1 0.55078125 0.31875 0.1375 0.08125
1 0.98046875 0.6109375 0.0375 0.1703125
1 0.36796875 0.071875 0.05 0.0359375
1 0.9515625 0.2953125 0.0953125 0.0953125
1 0.359375 0.278125 0.1046875 0.0703125
1 0.9640625 0.18359375 0.0703125 0.078125
1 0.33515625 0.05 0.01875 0.0265625
1 0.97578125 0.2109375 0.046875 0.08125
1 0.93828125 0.45 0.121875 0.159375
1 0.89453125 0.35078125 0.1375 0.1171875
1 0.28359375 0.22890625 0.071875 0.071875
1 0.8640625 0.15 0.0703125 0.0640625
3 0.28828125 0.38125 0.18125 0.240625
0 0.6859375 0.20546875 0.328125 0.234375
0 0.671875 0.571875 0.59375 0.5296875
0 0.45390625 0.2234375 0.2703125 0.1859375
0 0.15 0.26015625 0.178125 0.1640625
0 0.03671875 0.27890625 0.0734375 0.15
0 0.165625 0.1484375 0.1625 0.096875
0 0.24140625 0.0953125 0.134375 0.065625
0 0.33984375 0.16484375 0.196875 0.1296875