1 0.54453125 0.428125 0.1671875 0.1484375
1 0.92421875 0.08203125 0.10625 0.0765625
1 0.603125 0.35859375 0.1421875 0.128125
1 0.58359375 0.16875 0.096875 0.0703125
1 0.34765625 0.2109375 0.0859375 0.0703125
1 0.26484375 0.33984375 0.1078125 0.10625
1 0.86171875 0.19453125 0.128125 0.0890625
1 0.45 0.30625 0.128125 0.1171875
1 0.85234375 0.03984375 0.0875 0.05
1 0.9703125 0.2015625 0.0578125 0.1
1 0.71796875 0.17890625 0.1171875 0.0796875
1 0.64921875 0.1359375 0.09375 0.06875
1 0.325 0.278125 0.1046875 0.0890625
1 0.83046875 0.40390625 0.225 0.18125
1 0.30546875 0.14921875 0.0625 0.053125
1 0.04453125 0.28046875 0.0421875 0.06875
1 0.1109375 0.09140625 0.028125 0.025
1 0.80078125 0.15 0.1 0.075
1 0.8015625 0.30625 0.1640625 0.090625
0 0.4359375 0.12421875 0.2 0.134375
0 0.14296875 0.2765625 0.184375 0.171875