1 0.26328125 0.78203125 0.23125 0.1796875
1 0.09609375 0.2640625 0.0859375 0.0546875
1 0.68359375 0.91328125 0.296875 0.1703125
1 0.9390625 0.740625 0.1203125 0.1703125
1 0.5921875 0.7359375 0.23125 0.20625
1 0.73828125 0.55078125 0.121875 0.2015625
1 0.90234375 0.16953125 0.078125 0.05
1 0.1625 0.18984375 0.053125 0.046875
1 0.26171875 0.22578125 0.075 0.0515625
1 0.71171875 0.415625 0.0734375 0.128125
1 0.20390625 0.228125 0.05625 0.0484375
1 0.48359375 0.20390625 0.078125 0.0640625
1 0.52734375 0.16484375 0.0578125 0.040625
1 0.98046875 0.50703125 0.0375 0.059375
1 0.98359375 0.15 0.03125 0.0453125
1 0.2921875 0.19921875 0.065625 0.046875
1 0.34765625 0.20625 0.0734375 0.05
1 0.66875 0.25546875 0.075 0.1109375
0 0.77734375 0.13125 0.184375 0.096875