1 0.77421875 0.73671875 0.225 0.2703125
1 0.44453125 0.6203125 0.2265625 0.215625
1 0.159375 0.8546875 0.31875 0.2765625
1 0.29453125 0.896875 0.3484375 0.2015625
1 0.55234375 0.70703125 0.2265625 0.2375
1 0.56796875 0.15546875 0.075 0.0640625
1 0.96640625 0.16953125 0.065625 0.0765625
1 0.7171875 0.15390625 0.075 0.0703125
1 0.0515625 0.21328125 0.06875 0.0703125
1 0.66640625 0.146875 0.065625 0.06875
1 0.62421875 0.13359375 0.046875 0.0515625
1 0.9234375 0.14453125 0.06875 0.078125
1 0.82890625 0.15703125 0.0625 0.0703125
1 0.88359375 0.125 0.0609375 0.0765625
1 0.01171875 0.21328125 0.0234375 0.0515625
2 0.04453125 0.38984375 0.0625 0.0796875
2 0.725 0.34296875 0.075 0.075
2 0.26484375 0.40859375 0.0390625 0.090625
2 0.43671875 0.15546875 0.0171875 0.040625
2 0.3546875 0.19375 0.01875 0.046875
2 0.1546875 0.315625 0.0390625 0.0609375
2 0.07578125 0.33203125 0.040625 0.0609375
0 0.19453125 0.13515625 0.09375 0.11875