1 0.10390625 0.41171875 0.1203125 0.090625
1 0.91875 0.69921875 0.1609375 0.2015625
1 0.74921875 0.5609375 0.121875 0.196875
1 0.75390625 0.31328125 0.0625 0.1078125
1 0.70234375 0.41796875 0.075 0.128125
1 0.16640625 0.22890625 0.065625 0.0578125
1 0.359375 0.1609375 0.05 0.0484375
1 0.27109375 0.34921875 0.090625 0.09375
1 0.03203125 0.3 0.0625 0.0703125
1 0.01640625 0.26640625 0.0328125 0.0375
1 0.2890625 0.18203125 0.05 0.046875
1 0.45546875 0.18671875 0.05625 0.0453125
1 0.43125 0.146875 0.0359375 0.0390625
1 0.6546875 0.10078125 0.0328125 0.0359375
1 0.984375 0.43046875 0.0296875 0.046875
1 0.97109375 0.13671875 0.05625 0.0453125
1 0.2640625 0.16953125 0.040625 0.04375
1 0.35546875 0.13515625 0.040625 0.040625
1 0.6640625 0.253125 0.075 0.1171875
1 0.971875 0.38046875 0.0546875 0.06875
1 0.95390625 0.4484375 0.059375 0.0671875
2 0.47421875 0.61953125 0.0421875 0.0828125
0 0.43671875 0.30859375 0.246875 0.30625
0 0.7046875 0.08359375 0.0578125 0.075