1 0.775 0.73203125 0.225 0.271875
1 0.24453125 0.23671875 0.1140625 0.078125
1 0.4453125 0.615625 0.2265625 0.215625
1 0.14140625 0.86875 0.2828125 0.259375
1 0.29765625 0.89921875 0.334375 0.1984375
1 0.49453125 0.21640625 0.1375 0.096875
1 0.55390625 0.703125 0.2265625 0.2390625
1 0.56796875 0.15 0.075 0.0640625
1 0.07421875 0.20625 0.1 0.071875
1 0.92734375 0.140625 0.075 0.078125
1 0.7171875 0.1484375 0.075 0.075
1 0.66796875 0.14296875 0.0640625 0.0671875
1 0.83046875 0.153125 0.0671875 0.071875
1 0.2125 0.18125 0.0734375 0.0453125
1 0.13203125 0.1859375 0.05 0.0390625
1 0.97421875 0.11015625 0.05 0.0765625
2 0.43203125 0.1953125 0.0234375 0.0546875
2 0.37109375 0.2109375 0.025 0.059375
2 0.35546875 0.190625 0.0171875 0.040625
2 0.8453125 0.4359375 0.08125 0.0953125