1 0.58359375 0.584375 0.059375 0.0984375
1 0.80546875 0.896875 0.15625 0.2015625
1 0.83671875 0.59921875 0.078125 0.0984375
1 0.6671875 0.5 0.046875 0.0671875
1 0.60703125 0.48828125 0.0484375 0.0796875
1 0.39609375 0.38125 0.0234375 0.0328125
1 0.44765625 0.3390625 0.0140625 0.021875
1 0.7328125 0.49296875 0.046875 0.059375
2 0.19296875 0.56171875 0.0390625 0.0828125
2 0.13984375 0.5015625 0.01875 0.0453125
0 0.475 0.5046875 0.090625 0.2578125
0 0.92421875 0.56875 0.15 0.21875
0 0.76328125 0.40546875 0.0859375 0.09375
0 0.878125 0.45546875 0.1609375 0.1109375