1 0.2109375 0.92421875 0.13125 0.1484375
1 0.3953125 0.93125 0.125 0.134375
1 0.5578125 0.9203125 0.1125 0.15625
1 0.55234375 0.740625 0.0875 0.1671875
1 0.0546875 0.93828125 0.109375 0.1203125
1 0.0578125 0.72109375 0.115625 0.153125
1 0.41640625 0.7453125 0.0875 0.16875
1 0.4484375 0.5890625 0.078125 0.1515625
1 0.28203125 0.76640625 0.10625 0.175
1 0.13203125 0.796875 0.1140625 0.1765625
1 0.55546875 0.21875 0.0234375 0.034375
1 0.32734375 0.64296875 0.08125 0.1375
1 0.9125 0.35078125 0.0375 0.0609375
1 0.26171875 0.5609375 0.0734375 0.1109375
1 0.19453125 0.65390625 0.096875 0.175
1 0.65390625 0.153125 0.0171875 0.0203125
1 0.48984375 0.115625 0.0140625 0.025
1 0.29921875 0.484375 0.059375 0.090625
1 0.67578125 0.18671875 0.01875 0.0296875
1 0.82265625 0.20859375 0.01875 0.025
1 0.975 0.3203125 0.0484375 0.0515625
1 0.36953125 0.4953125 0.059375 0.090625
1 0.39765625 0.440625 0.0515625 0.078125
1 0.53046875 0.14296875 0.0125 0.01875
1 0.35546875 0.55859375 0.071875 0.109375
1 0.31953125 0.43671875 0.05 0.075
2 0.0078125 0.5390625 0.015625 0.08125
0 0.13984375 0.51875 0.225 0.3078125
0 0.24453125 0.3890625 0.096875 0.175
1 0.33515625 0.39921875 0.0375 0.065625
1 0.35546875 0.36796875 0.0375 0.0546875
1 0.3734375 0.340625 0.0359375 0.053125
0 0.2921875 0.325 0.071875 0.13125
0 0.215625 0.32265625 0.10625 0.1234375
0 0.346875 0.27109375 0.078125 0.1171875
0 0.41796875 0.30703125 0.065625 0.165625
3 0.27265625 0.22578125 0.040625 0.0671875
3 0.93125 0.278125 0.075 0.0640625
1 0.22265625 0.2328125 0.0234375 0.0390625