1 0.77421875 0.73203125 0.225 0.271875
1 0.29140625 0.8953125 0.35625 0.20625
1 0.50546875 0.22421875 0.121875 0.08125
1 0.4453125 0.61796875 0.2265625 0.215625
1 0.16015625 0.85078125 0.3203125 0.2765625
1 0.55390625 0.70390625 0.2265625 0.2375
1 0.80546875 0.19609375 0.1359375 0.0921875
1 0.56171875 0.1515625 0.090625 0.0671875
1 0.05234375 0.2109375 0.0890625 0.0671875
1 0.7171875 0.14921875 0.075 0.071875
1 0.92734375 0.14296875 0.075 0.078125
1 0.66796875 0.14453125 0.065625 0.0703125
1 0.2109375 0.190625 0.0515625 0.05625
1 0.97265625 0.1109375 0.053125 0.078125
1 0.83046875 0.14375 0.0625 0.0609375
1 0.62890625 0.128125 0.021875 0.040625
1 0.88359375 0.1203125 0.0609375 0.0703125
1 0.63984375 0.1265625 0.04375 0.04375
1 0.14453125 0.19296875 0.053125 0.05625
2 0.38359375 0.22890625 0.0265625 0.065625
2 0.090625 0.284375 0.0359375 0.071875
1 0.90390625 0.08828125 0.0484375 0.0578125
1 0.95703125 0.05625 0.0421875 0.05
1 0.91953125 0.0546875 0.040625 0.0453125