1 0.0859375 0.73515625 0.171875 0.2515625
1 0.25859375 0.3015625 0.13125 0.1078125
1 0.7609375 0.6984375 0.2109375 0.2515625
1 0.0578125 0.39296875 0.115625 0.1296875
1 0.54609375 0.25390625 0.1125 0.1046875
1 0.2328125 0.909375 0.3375 0.178125
1 0.96953125 0.39921875 0.059375 0.1609375
1 0.77578125 0.484375 0.1578125 0.16875
1 0.390625 0.23984375 0.078125 0.0875
1 0.653125 0.3515625 0.1140625 0.11875
1 0.37734375 0.675 0.2625 0.23125
1 0.946875 0.3140625 0.103125 0.1140625
1 0.44375 0.27109375 0.1125 0.1171875
1 0.7421875 0.384375 0.153125 0.125
1 0.7234375 0.20703125 0.0984375 0.096875
1 0.9328125 0.10546875 0.0625 0.0640625
1 0.86640625 0.0859375 0.04375 0.0546875
1 0.98046875 0.109375 0.0375 0.0671875
1 0.82109375 0.24453125 0.06875 0.10625
1 0.7 0.1765625 0.0875 0.0984375
1 0.64375 0.178125 0.0546875 0.08125
1 0.77578125 0.12890625 0.08125 0.071875
2 0.1421875 0.28671875 0.04375 0.075
1 0.85546875 0.18125 0.0765625 0.084375
0 0.953125 0.0390625 0.09375 0.078125
1 0.8484375 0.1421875 0.08125 0.0625