1 0.07890625 0.29921875 0.06875 0.0546875
1 0.59765625 0.28359375 0.0875 0.0515625
1 0.38984375 0.32578125 0.1171875 0.075
1 0.0171875 0.29921875 0.028125 0.05
1 0.196875 0.3296875 0.1234375 0.0890625
1 0.3140625 0.28125 0.0859375 0.0640625
1 0.49375 0.2953125 0.0921875 0.05625
1 0.82578125 0.209375 0.059375 0.0375
1 0.89375 0.2015625 0.0546875 0.021875
1 0.66015625 0.98046875 0.1921875 0.0359375
1 0.74375 0.246875 0.034375 0.028125
1 0.46640625 0.28046875 0.071875 0.0546875
1 0.7234375 0.19453125 0.0234375 0.034375
2 0.97578125 0.246875 0.025 0.028125