1 0.09453125 0.84375 0.1609375 0.2984375
1 0.66015625 0.5359375 0.1234375 0.14375
1 0.64453125 0.7609375 0.16875 0.2546875
1 0.83203125 0.4765625 0.1171875 0.10625
1 0.490625 0.48203125 0.0875 0.13125
1 0.33671875 0.36171875 0.0578125 0.0953125
1 0.22265625 0.3796875 0.053125 0.09375
1 0.16328125 0.41328125 0.0609375 0.1
1 0.8234375 0.403125 0.090625 0.071875
1 0.459375 0.38203125 0.06875 0.090625
1 0.51875 0.271875 0.04375 0.0453125
1 0.51328125 0.92578125 0.1671875 0.1453125
1 0.42265625 0.303125 0.046875 0.0609375
1 0.16640625 0.51796875 0.084375 0.1765625
1 0.15 0.29140625 0.0484375 0.071875
1 0.6015625 0.29140625 0.053125 0.0609375
1 0.85234375 0.26328125 0.0515625 0.0453125
1 0.675 0.35390625 0.078125 0.0890625
1 0.240625 0.26640625 0.0171875 0.0515625
1 0.1765625 0.25859375 0.034375 0.05
1 0.26328125 0.31796875 0.04375 0.05625
2 0.0875 0.3140625 0.025 0.0390625
2 0.9453125 0.4140625 0.0265625 0.0546875
0 0.7609375 0.3046875 0.15625 0.1546875
0 0.53046875 0.078125 0.05 0.0671875
0 0.62109375 0.22890625 0.03125 0.075