1 0.58046875 0.46875 0.090625 0.140625
1 0.39765625 0.32421875 0.08125 0.0671875
1 0.16328125 0.5046875 0.140625 0.109375
1 0.83828125 0.22890625 0.0484375 0.05
1 0.79609375 0.15625 0.0515625 0.03125
1 0.13046875 0.45625 0.125 0.090625
1 0.28828125 0.3765625 0.1046875 0.09375
1 0.35859375 0.3984375 0.1015625 0.08125
1 0.39765625 0.20078125 0.0578125 0.0390625
1 0.625 0.140625 0.025 0.0296875
1 0.87890625 0.17890625 0.0640625 0.0390625
1 0.5078125 0.1890625 0.05 0.0375
1 0.921875 0.23203125 0.03125 0.05
1 0.97578125 0.325 0.046875 0.0859375
1 0.64609375 0.1296875 0.021875 0.0296875
1 0.68671875 0.16640625 0.034375 0.0328125
1 0.66171875 0.21875 0.04375 0.0484375
1 0.9265625 0.209375 0.0625 0.040625
1 0.96171875 0.17578125 0.0625 0.0375
1 0.5359375 0.2953125 0.0671875 0.0609375
1 0.60546875 0.2546875 0.0546875 0.05
1 0.68046875 0.19375 0.0265625 0.0390625
1 0.97578125 0.2203125 0.046875 0.0453125
1 0.1890625 0.21953125 0.059375 0.0390625
1 0.52265625 0.23125 0.0515625 0.0453125
1 0.47421875 0.2640625 0.059375 0.0546875
1 0.45546875 0.2015625 0.0609375 0.0484375
1 0.14375 0.21015625 0.053125 0.0390625
1 0.9671875 0.253125 0.04375 0.0546875
1 0.28046875 0.21015625 0.0546875 0.0390625
1 0.11171875 0.2046875 0.046875 0.0359375
1 0.55 0.25078125 0.0546875 0.046875
1 0.90234375 0.16796875 0.040625 0.03125
1 0.6265625 0.203125 0.0390625 0.046875
1 0.49375 0.2796875 0.059375 0.059375
1 0.59609375 0.221875 0.0515625 0.0453125
1 0.0046875 0.52421875 0.009375 0.04375
2 0.53046875 0.3546875 0.025 0.05
2 0.58984375 0.32109375 0.021875 0.046875
0 0.35 0.16484375 0.14375 0.0890625
1 0.5703125 0.209375 0.0359375 0.040625
1 0.0359375 0.21953125 0.05 0.0171875
1 0.07265625 0.21328125 0.0421875 0.025
1 0.19765625 0.18828125 0.0578125 0.0359375
1 0.18125 0.17734375 0.0546875 0.0375
1 0.25078125 0.1796875 0.04375 0.0328125
1 0.04609375 0.2 0.0375 0.0171875
1 0.228125 0.20546875 0.053125 0.0328125
1 0.59453125 0.18515625 0.0609375 0.0390625