1 0.67421875 0.44453125 0.1421875 0.09375
1 0.47734375 0.30546875 0.0890625 0.0546875
1 0.08046875 0.321875 0.0859375 0.0515625
1 0.31953125 0.303125 0.084375 0.0640625
1 0.01796875 0.31796875 0.0359375 0.0546875
1 0.97578125 0.41640625 0.046875 0.075
1 0.18203125 0.32421875 0.09375 0.059375
1 0.83203125 0.23828125 0.053125 0.0359375
1 0.7234375 0.22421875 0.015625 0.034375
1 0.89765625 0.23203125 0.053125 0.025
1 0.7578125 0.28515625 0.0578125 0.0375
1 0.20078125 0.30859375 0.0671875 0.05
3 0.17578125 0.12890625 0.1109375 0.1546875