1 0.67578125 0.31484375 0.15625 0.11875
1 0.91171875 0.365625 0.175 0.146875
1 0.87734375 0.2046875 0.0890625 0.0875
1 0.09765625 0.3390625 0.0828125 0.09375
1 0.9078125 0.11953125 0.1140625 0.075
1 0.16875 0.38125 0.090625 0.1078125
1 0.95078125 0.2953125 0.096875 0.0953125
1 0.8625 0.04921875 0.0875 0.0546875
1 0.28125 0.23203125 0.071875 0.071875
1 0.48359375 0.12578125 0.071875 0.0375
1 0.975 0.209375 0.0484375 0.08125
1 0.96328125 0.18203125 0.071875 0.071875
1 0.97890625 0.6109375 0.040625 0.1703125
1 0.86328125 0.15078125 0.0703125 0.0609375
2 0.61015625 0.08515625 0.028125 0.034375
3 0.2875 0.38203125 0.18125 0.246875
0 0.684375 0.209375 0.328125 0.2265625
0 0.45234375 0.228125 0.2703125 0.19375
0 0.6703125 0.5734375 0.5953125 0.528125
0 0.14765625 0.2640625 0.178125 0.16875
0 0.03515625 0.28359375 0.0703125 0.1515625
0 0.2375 0.0984375 0.13125 0.0640625
0 0.38828125 0.340625 0.1 0.1046875
0 0.33984375 0.16796875 0.2 0.1359375
0 0.16640625 0.1546875 0.1625 0.0984375