1 0.21484375 0.1609375 0.0875 0.0671875
1 0.79609375 0.1265625 0.046875 0.065625
1 0.76328125 0.54921875 0.153125 0.1578125
1 0.73046875 0.08125 0.0375 0.0484375
1 0.64375 0.64140625 0.128125 0.190625
1 0.9109375 0.77109375 0.1765625 0.246875
1 0.828125 0.47578125 0.15 0.1484375
1 0.7953125 0.88671875 0.190625 0.221875
1 0.57890625 0.1234375 0.046875 0.0609375
1 0.63046875 0.1203125 0.0484375 0.059375
1 0.325 0.05703125 0.0296875 0.0484375
1 0.3453125 0.02578125 0.040625 0.0453125
1 0.63828125 0.00546875 0.0234375 0.0109375
2 0.08984375 0.40390625 0.059375 0.0890625
2 0.77421875 0.01953125 0.0125 0.03125
2 0.9453125 0.078125 0.0390625 0.0484375
2 0.12890625 0.24609375 0.0375 0.05625
0 0.4234375 0.121875 0.203125 0.1484375
1 0.615625 0.084375 0.040625 0.034375
1 0.5640625 0.09609375 0.034375 0.0453125
1 0.5609375 0.075 0.0328125 0.03125
1 0.60859375 0.06796875 0.028125 0.0375
1 0.596875 0.05390625 0.03125 0.0375
1 0.5578125 0.065625 0.0390625 0.040625
1 0.5546875 0.03984375 0.0234375 0.028125
1 0.59140625 0.03359375 0.0203125 0.03125