1 0.2203125 0.4890625 0.178125 0.2328125
1 0.03515625 0.37421875 0.0703125 0.1046875
1 0.22734375 0.253125 0.1078125 0.09375
1 0.12109375 0.31328125 0.115625 0.1046875
1 0.5 0.18515625 0.0734375 0.09375
1 0.5390625 0.21171875 0.09375 0.1390625
1 0.52109375 0.090625 0.059375 0.059375
1 0.46796875 0.11953125 0.0671875 0.065625
1 0.60859375 0.0453125 0.046875 0.05
1 0.73125 0.06015625 0.0515625 0.046875
1 0.42109375 0.15390625 0.046875 0.0703125
1 0.56953125 0.06796875 0.05 0.0546875
1 0.81171875 0.01484375 0.04375 0.0296875
1 0.03046875 0.30234375 0.0609375 0.0546875
0 0.72421875 0.19140625 0.228125 0.3359375