1 0.14921875 0.65546875 0.121875 0.1953125
1 0.53984375 0.56796875 0.1140625 0.1609375
1 0.43515625 0.7109375 0.11875 0.234375
1 0.57265625 0.440625 0.090625 0.1078125
1 0.93203125 0.55078125 0.134375 0.128125
1 0.92890625 0.4703125 0.1203125 0.09375
1 0.64921875 0.3203125 0.065625 0.0703125
1 0.3265625 0.33125 0.0515625 0.08125
1 0.225 0.35546875 0.0484375 0.08125
1 0.4453125 0.409375 0.0703125 0.1046875
1 0.165625 0.38359375 0.05625 0.09375
1 0.73515625 0.39296875 0.096875 0.1078125
1 0.5515625 0.2953125 0.05 0.0546875
1 0.1546875 0.284375 0.046875 0.06875
1 0.18984375 0.453125 0.06875 0.146875
1 0.59609375 0.28046875 0.04375 0.05
1 0.42109375 0.34140625 0.05625 0.0765625
1 0.18359375 0.2484375 0.034375 0.0484375
1 0.4109375 0.28359375 0.040625 0.0546875
1 0.85234375 0.26328125 0.05 0.0453125
2 0.08671875 0.3140625 0.025 0.04375
0 0.8171875 0.33125 0.184375 0.175
0 0.63359375 0.2390625 0.059375 0.1
0 0.53203125 0.078125 0.05 0.0671875