1 0.95234375 0.58671875 0.09375 0.125
1 0.7234375 0.478125 0.184375 0.178125
1 0.41875 0.41015625 0.1296875 0.1578125
1 0.17734375 0.19453125 0.0484375 0.0703125
1 0.26640625 0.10703125 0.0375 0.040625
1 0.20859375 0.09296875 0.03125 0.0375
1 0.34921875 0.15 0.0546875 0.0515625
1 0.33828125 0.190625 0.05625 0.0640625
1 0.08671875 0.06796875 0.021875 0.028125
1 0.8203125 0.15546875 0.046875 0.040625
1 0.175 0.05390625 0.021875 0.0296875
1 0.878125 0.16640625 0.040625 0.0453125
1 0.6046875 0.0765625 0.0515625 0.0359375
1 0.49453125 0.11484375 0.0515625 0.0484375
1 0.3125 0.053125 0.0296875 0.03125
1 0.25078125 0.065625 0.0375 0.0390625
1 0.62109375 0.15703125 0.0625 0.0515625
0 0.82734375 0.3359375 0.34375 0.34375
0 0.1796875 0.4 0.1890625 0.4078125