1 0.61015625 0.6109375 0.0703125 0.11875
1 0.9703125 0.40078125 0.0578125 0.046875
1 0.85859375 0.571875 0.1453125 0.11875
1 0.1875 0.58203125 0.0859375 0.0984375
1 0.0953125 0.58828125 0.071875 0.109375
1 0.9328125 0.55703125 0.1015625 0.096875
1 0.47734375 0.446875 0.0609375 0.06875
1 0.40859375 0.46328125 0.053125 0.0640625
1 0.44609375 0.57421875 0.0625 0.1
1 0.35078125 0.51875 0.0515625 0.078125
1 0.14765625 0.528125 0.0609375 0.0703125
1 0.66875 0.43671875 0.0421875 0.0703125
1 0.8671875 0.3796875 0.08125 0.040625
1 0.51640625 0.365625 0.028125 0.0359375
1 0.41953125 0.52109375 0.040625 0.05
1 0.84375 0.4015625 0.0875 0.0453125
2 0.26171875 0.45546875 0.028125 0.0375
1 0.3859375 0.609375 0.0875 0.1953125
0 0.56953125 0.41015625 0.0859375 0.128125
0 0.97890625 0.3 0.040625 0.059375
0 0.7140625 0.346875 0.071875 0.090625
1 0.190625 0.53828125 0.05 0.0453125