1 0.97578125 0.6015625 0.046875 0.1671875
1 0.10390625 0.34375 0.0859375 0.0953125
1 0.29609375 0.43828125 0.125 0.13125
1 0.85859375 0.04296875 0.09375 0.0515625
1 0.27265625 0.33359375 0.10625 0.0890625
1 0.53046875 0.428125 0.121875 0.1484375
1 0.87109375 0.35625 0.19375 0.146875
1 0.29296875 0.23671875 0.071875 0.075
1 0.33359375 0.0546875 0.021875 0.028125
1 0.67734375 0.13203125 0.05625 0.0453125
3 0.75078125 0.5546875 0.346875 0.4171875
0 0.85 0.23515625 0.2984375 0.2703125
0 0.56015625 0.2453125 0.3171875 0.2171875
0 0.33515625 0.1734375 0.1921875 0.146875
0 0.03671875 0.290625 0.0734375 0.1484375
0 0.15078125 0.27109375 0.18125 0.175
0 0.23359375 0.1 0.125 0.0640625
0 0.16640625 0.15625 0.1625 0.1015625