1 0.76953125 0.2890625 0.140625 0.121875
1 0.04609375 0.25546875 0.0921875 0.0984375
1 0.08359375 0.60859375 0.1671875 0.1953125
1 0.17890625 0.23359375 0.1359375 0.1078125
1 0.56953125 0.16015625 0.0875 0.084375
1 0.584375 0.08515625 0.04375 0.040625
1 0.06015625 0.46171875 0.1203125 0.1359375
1 0.49921875 0.08671875 0.0484375 0.059375
1 0.44765625 0.09140625 0.05625 0.065625
1 0.6375 0.07890625 0.034375 0.04375
1 0.15859375 0.178125 0.115625 0.08125
1 0.3234375 0.2203125 0.128125 0.0703125
1 0.8625 0.12421875 0.053125 0.0515625
1 0.9125 0.1203125 0.05625 0.05
1 0.96796875 0.11484375 0.0609375 0.0484375
1 0.46640625 0.178125 0.0984375 0.0875