1 0.8421875 0.290625 0.1078125 0.0859375
1 0.6671875 0.33828125 0.125 0.10625
1 0.4796875 0.346875 0.125 0.1140625
1 0.04609375 0.59609375 0.0921875 0.1546875
1 0.92578125 0.21796875 0.075 0.0796875
1 0.30546875 0.46171875 0.1734375 0.146875
1 0.02421875 0.228125 0.0484375 0.053125
1 0.24296875 0.4109375 0.14375 0.121875
1 0.5859375 0.13125 0.059375 0.034375
1 0.1515625 0.221875 0.1 0.0703125
1 0.05234375 0.3015625 0.09375 0.0890625
1 0.35078125 0.17578125 0.084375 0.0515625
1 0.37109375 0.14609375 0.084375 0.0484375
1 0.03125 0.5015625 0.0625 0.075
1 0.30625 0.23359375 0.109375 0.075
1 0.20625 0.19140625 0.0859375 0.0546875
1 0.41328125 0.19453125 0.05625 0.0640625
1 0.70078125 0.121875 0.04375 0.034375
1 0.46328125 0.153125 0.08125 0.0390625
1 0.2921875 0.203125 0.090625 0.05
2 0.10703125 0.1140625 0.0203125 0.0390625
2 0.13984375 0.10625 0.021875 0.0390625
2 0.89453125 0.01953125 0.028125 0.0390625
3 0.59140625 0.65 0.29375 0.2671875
0 0.83046875 0.1609375 0.2625 0.1515625
0 0.5625 0.2265625 0.278125 0.20625
0 0.98359375 0.1265625 0.03125 0.1015625
0 0.94609375 0.078125 0.0765625 0.1046875
0 0.25 0.046875 0.096875 0.09375