1 0.24296875 0.90546875 0.2828125 0.1859375
1 0.32109375 0.10859375 0.0265625 0.04375
1 0.9015625 0.140625 0.0640625 0.0484375
1 0.715625 0.1609375 0.0828125 0.05625
1 0.07890625 0.22578125 0.06875 0.0546875
1 0.825 0.1515625 0.078125 0.05625
1 0.77734375 0.13515625 0.0625 0.05625
1 0.165625 0.20390625 0.0609375 0.0484375
1 0.79921875 0.02421875 0.0234375 0.0265625
2 0.76171875 0.21015625 0.0296875 0.04375
2 0.528125 0.2046875 0.028125 0.0359375
2 0.26015625 0.4140625 0.05 0.065625
2 0.26875 0.2703125 0.0421875 0.0484375
2 0.68984375 0.2953125 0.0390625 0.05
2 0.41171875 0.2109375 0.0234375 0.05625
2 0.43203125 0.19140625 0.025 0.0359375
2 0.6875 0.11796875 0.025 0.0359375
2 0.67109375 0.23828125 0.0625 0.0609375
2 0.63203125 0.24140625 0.0375 0.046875
2 0.2375 0.22890625 0.01875 0.0578125
3 0.58828125 0.65625 0.2875 0.2609375
0 0.103125 0.32578125 0.20625 0.225
0 0.3234375 0.04375 0.065625 0.0859375
0 0.02890625 0.20390625 0.0578125 0.1265625