1 0.8078125 0.4328125 0.0953125 0.1625
1 0.90546875 0.39765625 0.1015625 0.134375
1 0.540625 0.28984375 0.0546875 0.09375
1 0.56953125 0.1671875 0.0375 0.0484375
1 0.61015625 0.196875 0.0484375 0.0625
2 0.625 0.6140625 0.040625 0.1453125
2 0.98125 0.7265625 0.0359375 0.128125
2 0.971875 0.5234375 0.040625 0.1140625
2 0.4953125 0.3921875 0.0296875 0.0828125
2 0.55390625 0.5296875 0.059375 0.1265625
2 0.696875 0.28359375 0.0203125 0.0640625
2 0.815625 0.2859375 0.0203125 0.059375
2 0.734375 0.29296875 0.0203125 0.0609375
2 0.78671875 0.3296875 0.028125 0.059375
2 0.48203125 0.22109375 0.0140625 0.053125
2 0.66484375 0.22265625 0.01875 0.0484375
2 0.640625 0.196875 0.01875 0.04375
2 0.4921875 0.21328125 0.0125 0.04375
2 0.7734375 0.265625 0.015625 0.053125
2 0.6859375 0.203125 0.015625 0.0359375
2 0.9890625 0.39140625 0.021875 0.0859375