1 0.4640625 0.84609375 0.16875 0.25
1 0.51953125 0.315625 0.059375 0.1
1 0.546875 0.22265625 0.0421875 0.06875
1 0.628125 0.2046875 0.05 0.0734375
1 0.68125 0.2453125 0.0609375 0.1046875
1 0.7140625 0.21484375 0.0578125 0.0765625
1 0.5859375 0.15625 0.0328125 0.04375
2 0.55390625 0.565625 0.034375 0.1171875
2 0.9578125 0.53828125 0.05 0.115625
2 0.62578125 0.49453125 0.034375 0.1109375
2 0.48828125 0.26640625 0.01875 0.053125
2 0.853125 0.31328125 0.0234375 0.0625
2 0.571875 0.3484375 0.025 0.075
2 0.4484375 0.534375 0.034375 0.1171875
2 0.490625 0.21171875 0.0109375 0.034375
2 0.50546875 0.23203125 0.0125 0.0359375
2 0.44453125 0.559375 0.0234375 0.0703125
2 0.51328125 0.209375 0.0078125 0.0375
2 0.60703125 0.1796875 0.0109375 0.0296875
2 0.6578125 0.19140625 0.0171875 0.03125
2 0.76875 0.24765625 0.0078125 0.046875
2 0.5703125 0.29375 0.0203125 0.0515625
2 0.90625 0.403125 0.015625 0.0484375
2 0.99453125 0.39609375 0.009375 0.0390625
3 0.8484375 0.49765625 0.153125 0.259375
3 0.7375 0.315625 0.078125 0.1375