3 0.79296875 0.5921875 0.184375 0.4265625
3 0.540625 0.07734375 0.1640625 0.1328125
3 0.6921875 0.0375 0.065625 0.075
3 0.84375 0.1078125 0.1 0.215625
3 0.775 0.03359375 0.0375 0.0671875
1 0.56640625 0.89765625 0.1875 0.203125
1 0.87421875 0.92421875 0.2 0.1515625
1 0.58046875 0.62421875 0.14375 0.2890625
1 0.41875 0.07421875 0.1125 0.0765625
1 0.27734375 0.09140625 0.1265625 0.0828125
1 0.45625 0.03046875 0.0703125 0.053125
2 0.3796875 0.47421875 0.0390625 0.1453125
2 0.434375 0.49765625 0.034375 0.16875
2 0.45390625 0.80546875 0.065625 0.1875
2 0.4109375 0.93359375 0.0625 0.1328125
2 0.38828125 0.2765625 0.040625 0.1203125
2 0.428125 0.26796875 0.034375 0.103125
2 0.4359375 0.2078125 0.046875 0.078125
2 0.69140625 0.10859375 0.025 0.0578125
2 0.65859375 0.29765625 0.0359375 0.0984375
2 0.66953125 0.42421875 0.04375 0.14375
2 0.73515625 0.35546875 0.05 0.0515625
2 0.5453125 0.425 0.05625 0.140625
2 0.6109375 0.4046875 0.04375 0.1359375
2 0.590625 0.3421875 0.04375 0.115625
2 0.6203125 0.30859375 0.0359375 0.125
2 0.5546875 0.3046875 0.0359375 0.1015625
2 0.47890625 0.2453125 0.0296875 0.084375
2 0.46953125 0.67421875 0.0453125 0.184375
2 0.51484375 0.24375 0.034375 0.078125
2 0.1953125 0.484375 0.1078125 0.14375
2 0.2265625 0.396875 0.090625 0.096875
2 0.28125 0.3234375 0.0375 0.0890625
1 0.365625 0.05 0.06875 0.0453125