0 0.5921875 0.1359375 0.05 0.046875
1 0.6046875 0.1890625 0.04375 0.0609375
1 0.934375 0.44609375 0.115625 0.1859375
1 0.68515625 0.25390625 0.0546875 0.078125
1 0.56328125 0.16328125 0.034375 0.04375
1 0.76875 0.34921875 0.08125 0.1375
1 0.8796875 0.56875 0.1328125 0.2546875
2 0.5046875 0.32265625 0.021875 0.0625
2 0.8421875 0.37734375 0.028125 0.0828125
2 0.8109375 0.346875 0.0234375 0.0734375
2 0.73046875 0.25859375 0.0171875 0.059375
2 0.49140625 0.4265625 0.028125 0.09375
2 0.8765625 0.35390625 0.028125 0.078125
2 0.64375 0.1765625 0.0109375 0.028125
2 0.709375 0.246875 0.015625 0.0484375
2 0.6609375 0.21171875 0.0234375 0.0453125
2 0.7296875 0.21796875 0.015625 0.03125
2 0.80625 0.28203125 0.0171875 0.0453125
2 0.6859375 0.2015625 0.015625 0.03125
2 0.94140625 0.353125 0.034375 0.0546875
2 0.9890625 0.38671875 0.0203125 0.0796875