0 0.590625 0.134375 0.0515625 0.0375
1 0.66328125 0.5125 0.109375 0.2359375
1 0.9515625 0.41171875 0.0953125 0.140625
1 0.7546875 0.3515625 0.071875 0.13125
2 0.603125 0.7625 0.0546875 0.1859375
2 0.6890625 0.221875 0.0171875 0.0453125
2 0.53671875 0.25859375 0.021875 0.0703125
2 0.60546875 0.1734375 0.0125 0.0328125
2 0.88828125 0.3359375 0.025 0.071875
2 0.65 0.22265625 0.0171875 0.04375
2 0.5984375 0.4078125 0.028125 0.090625
2 0.7890625 0.31328125 0.0234375 0.065625
2 0.9390625 0.521875 0.034375 0.1046875
2 0.4796875 0.246875 0.021875 0.046875
2 0.51875 0.4390625 0.0234375 0.0859375
2 0.5484375 0.234375 0.0140625 0.0359375
2 0.5015625 0.3484375 0.0265625 0.08125
2 0.6703125 0.20703125 0.015625 0.0390625
2 0.5625 0.17109375 0.0109375 0.0296875
2 0.6875 0.8859375 0.065625 0.1671875
2 0.828125 0.3125 0.0234375 0.05
2 0.5671875 0.24375 0.0171875 0.046875
2 0.5296875 0.38203125 0.028125 0.084375
2 0.74375 0.26640625 0.0046875 0.0390625
2 0.99296875 0.575 0.0125 0.0828125
3 0.840625 0.46953125 0.125 0.2640625
3 0.4515625 0.69609375 0.203125 0.434375
3 0.5015625 0.209375 0.040625 0.090625
1 0.534375 0.20078125 0.028125 0.065625