1 0.4921875 0.69765625 0.153125 0.2984375
1 0.66640625 0.22265625 0.053125 0.0765625
1 0.7734375 0.321875 0.0796875 0.121875
1 0.9828125 0.846875 0.0328125 0.1671875
1 0.6046875 0.184375 0.0390625 0.05625
2 0.6890625 0.30625 0.0203125 0.06875
2 0.8953125 0.471875 0.0359375 0.1078125
2 0.4828125 0.259375 0.0171875 0.05625
2 0.7109375 0.23203125 0.01875 0.059375
2 0.8390625 0.3625 0.0265625 0.08125
2 0.88125 0.396875 0.03125 0.06875
2 0.71875 0.2234375 0.0171875 0.05
2 0.740625 0.38671875 0.028125 0.090625
2 0.8234375 0.296875 0.01875 0.0546875
2 0.575 0.16796875 0.009375 0.028125
2 0.5484375 0.178125 0.009375 0.025
2 0.79609375 0.290625 0.0171875 0.040625
2 0.990625 0.54375 0.0171875 0.1171875