1 0.8171875 0.45703125 0.1 0.171875
1 0.721875 0.2984375 0.0640625 0.10625
1 0.9796875 0.8515625 0.0390625 0.2359375
1 0.65390625 0.2203125 0.0515625 0.0765625
1 0.7875 0.2640625 0.0453125 0.096875
1 0.603125 0.19140625 0.040625 0.053125
2 0.5015625 0.321875 0.0234375 0.0703125
2 0.5484375 0.2640625 0.01875 0.053125
2 0.4890625 0.2421875 0.0140625 0.0484375
2 0.51484375 0.2015625 0.0140625 0.0328125
2 0.8390625 0.290625 0.0203125 0.053125
2 0.7125 0.22734375 0.015625 0.0375
2 0.73828125 0.225 0.0140625 0.0421875
2 0.69140625 0.23125 0.0171875 0.04375
2 0.58203125 0.1734375 0.0078125 0.028125
2 0.6203125 0.196875 0.0078125 0.034375
2 0.99375 0.39375 0.0109375 0.0796875
3 0.90703125 0.365625 0.1140625 0.2171875