1 0.51484375 0.67421875 0.121875 0.221875
1 0.51796875 0.38359375 0.0765625 0.128125
1 0.5359375 0.25390625 0.04375 0.0703125
1 0.48359375 0.21015625 0.0359375 0.0484375
1 0.62734375 0.2 0.040625 0.0671875
1 0.665625 0.22265625 0.053125 0.0734375
2 0.903125 0.39921875 0.0296875 0.084375
2 0.5890625 0.16328125 0.0125 0.0328125
2 0.71875 0.25625 0.0171875 0.0484375
2 0.8 0.246875 0.01875 0.0453125
2 0.69375 0.221875 0.015625 0.046875
2 0.3828125 0.778125 0.053125 0.1796875
2 0.64375 0.2734375 0.03125 0.05
2 0.603125 0.16171875 0.0109375 0.0234375
2 0.73984375 0.246875 0.0109375 0.0453125
2 0.67421875 0.1890625 0.015625 0.028125
2 0.771875 0.2875 0.0125 0.078125
3 0.53125 0.190625 0.0390625 0.0609375