1 0.509375 0.27109375 0.046875 0.0796875
1 0.8921875 0.5484375 0.15 0.271875
1 0.94296875 0.42734375 0.1125 0.19375
1 0.6 0.165625 0.0390625 0.0453125
1 0.7203125 0.22578125 0.0484375 0.0765625
1 0.48671875 0.19453125 0.0140625 0.0203125
2 0.43671875 0.846875 0.0609375 0.2078125
2 0.565625 0.24296875 0.01875 0.046875
2 0.66875 0.2203125 0.015625 0.04375
2 0.509375 0.2109375 0.0125 0.0359375
2 0.4765625 0.23671875 0.0125 0.040625
2 0.85 0.3859375 0.0328125 0.0640625
2 0.7875 0.31171875 0.0234375 0.0703125
2 0.84609375 0.31328125 0.0203125 0.034375
2 0.6578125 0.1875 0.0125 0.03125
2 0.7390625 0.26171875 0.0125 0.0296875
2 0.8234375 0.34453125 0.0203125 0.0609375
3 0.5109375 0.41953125 0.084375 0.1921875
3 0.7515625 0.340625 0.08125 0.134375