1 0.29140625 0.09140625 0.1109375 0.0828125
1 0.3921875 0.05859375 0.075 0.0796875
1 0.46640625 0.05703125 0.0953125 0.0828125
1 0.54140625 0.03515625 0.0671875 0.0703125
1 0.58984375 0.40234375 0.1 0.2046875
1 0.809375 0.73203125 0.196875 0.3453125
1 0.57265625 0.7078125 0.1484375 0.3171875
1 0.928125 0.27109375 0.0921875 0.1703125
1 0.71015625 0.0171875 0.0359375 0.034375
2 0.72109375 0.04453125 0.0234375 0.0390625
2 0.77109375 0.1265625 0.0203125 0.0703125
2 0.90078125 0.1421875 0.0265625 0.0671875
2 0.75546875 0.0265625 0.0171875 0.040625
2 0.7375 0.0234375 0.0203125 0.04375
2 0.44296875 0.16640625 0.0296875 0.0859375
2 0.52421875 0.24765625 0.028125 0.1125
2 0.590625 0.20859375 0.028125 0.0875
2 0.6421875 0.2015625 0.0234375 0.084375
2 0.67109375 0.1234375 0.01875 0.05625
2 0.615625 0.14765625 0.021875 0.090625
2 0.50234375 0.18984375 0.028125 0.0828125
2 0.553125 0.20625 0.025 0.075
2 0.48515625 0.11484375 0.025 0.0640625
2 0.4859375 0.16171875 0.0203125 0.0640625
2 0.528125 0.1640625 0.0203125 0.0703125
2 0.5578125 0.14140625 0.015625 0.0625
2 0.58359375 0.078125 0.0171875 0.065625
2 0.6125 0.084375 0.0203125 0.046875
2 0.64609375 0.0984375 0.0203125 0.0671875
2 0.65859375 0.05859375 0.0171875 0.053125
2 0.57890625 0.14921875 0.0203125 0.0625
2 0.48515625 0.32890625 0.021875 0.08125
2 0.50859375 0.36015625 0.0265625 0.0765625
2 0.42265625 0.30703125 0.040625 0.0765625
2 0.41015625 0.51015625 0.0375 0.1640625
2 0.33671875 0.75390625 0.0609375 0.2078125
2 0.43671875 0.87421875 0.084375 0.2453125
2 0.43984375 0.62265625 0.046875 0.203125
2 0.49296875 0.48203125 0.0453125 0.1609375
2 0.46171875 0.4421875 0.0265625 0.134375
3 0.69765625 0.2625 0.103125 0.2359375