0 0.69375 0.1828125 0.075 0.1078125
1 0.9515625 0.759375 0.0953125 0.375
1 0.603125 0.34296875 0.065625 0.1
1 0.52109375 0.271875 0.053125 0.0953125
1 0.5546875 0.16328125 0.0296875 0.04375
1 0.678125 0.240625 0.059375 0.090625
1 0.7671875 0.3671875 0.0859375 0.14375
1 0.4984375 0.19375 0.0328125 0.0484375
2 0.9140625 0.478125 0.040625 0.1109375
2 0.61796875 0.21015625 0.0171875 0.0515625
2 0.58046875 0.278125 0.021875 0.059375
2 0.8578125 0.48828125 0.0390625 0.1046875
2 0.98515625 0.40078125 0.028125 0.090625
2 0.584375 0.184375 0.0125 0.034375
2 0.4875 0.39921875 0.028125 0.0875
2 0.7875 0.3015625 0.0203125 0.059375
2 0.83125 0.384375 0.028125 0.065625
2 0.475 0.22890625 0.0171875 0.05
2 0.8171875 0.35390625 0.0171875 0.059375
2 0.803125 0.28828125 0.0203125 0.0578125
2 0.8828125 0.40625 0.0296875 0.084375
2 0.6125 0.18359375 0.0125 0.034375
2 0.8453125 0.4140625 0.0234375 0.0671875
2 0.57578125 0.15 0.009375 0.0265625