1 0.503125 0.4375 0.08125 0.121875
1 0.66484375 0.22265625 0.053125 0.0734375
1 0.61875 0.1921875 0.04375 0.0625
1 0.59375 0.34921875 0.0625 0.1078125
1 0.6015625 0.29296875 0.1015625 0.084375
1 0.5015625 0.29453125 0.0609375 0.0796875
1 0.98671875 0.384375 0.025 0.0859375
1 0.47734375 0.2328125 0.0203125 0.0578125
1 0.55703125 0.2453125 0.0546875 0.0875
1 0.9171875 0.409375 0.08125 0.165625
1 0.4984375 0.196875 0.028125 0.0484375
1 0.5203125 0.17578125 0.0109375 0.0296875
2 0.53125 0.3484375 0.0234375 0.075
2 0.475 0.3609375 0.0234375 0.0546875
2 0.54765625 0.51953125 0.034375 0.121875
3 0.55 0.19921875 0.0515625 0.0796875