1 0.934375 0.22578125 0.0828125 0.1484375
1 0.59375 0.503125 0.1328125 0.253125
1 0.8484375 0.0875 0.0546875 0.0953125
1 0.8046875 0.02734375 0.0390625 0.0546875
1 0.2578125 0.075 0.1046875 0.078125
1 0.4171875 0.04375 0.09375 0.0484375
1 0.40703125 0.07890625 0.13125 0.0859375
1 0.634375 0.03515625 0.0390625 0.06875
1 0.5640625 0.0390625 0.0171875 0.0703125
1 0.490625 0.0265625 0.0390625 0.053125
1 0.71328125 0.0140625 0.0328125 0.028125
2 0.484375 0.38203125 0.0421875 0.125
2 0.9375 0.42890625 0.05 0.121875
2 0.690625 0.26875 0.0671875 0.09375
2 0.7671875 0.07109375 0.01875 0.0546875
2 0.2 0.47578125 0.103125 0.1296875
2 0.8203125 0.32421875 0.059375 0.096875
2 0.5484375 0.1921875 0.065625 0.0765625
2 0.675 0.17890625 0.0546875 0.0671875
2 0.88828125 0.32890625 0.0609375 0.1
2 0.42265625 0.15625 0.0640625 0.0734375
2 0.4765625 0.18203125 0.0640625 0.0703125
2 0.48984375 0.053125 0.0171875 0.0453125
2 0.7359375 0.08671875 0.0203125 0.046875
2 0.53984375 0.34921875 0.04375 0.1265625
2 0.76484375 0.0171875 0.0140625 0.034375
2 0.96796875 0.35546875 0.015625 0.071875
2 0.2765625 0.32109375 0.0359375 0.096875
2 0.71875 0.05859375 0.015625 0.0453125
2 0.61640625 0.1453125 0.0578125 0.0609375
2 0.38203125 0.12265625 0.034375 0.0671875
2 0.696875 0.11484375 0.0328125 0.0546875
2 0.5 0.040625 0.0171875 0.0390625
2 0.4484375 0.13203125 0.0296875 0.046875
2 0.2515625 0.3921875 0.0546875 0.1015625
2 0.6828125 0.0609375 0.0125 0.0359375
2 0.68984375 0.771875 0.0609375 0.19375
2 0.6703125 0.153125 0.0578125 0.06875
3 0.8515625 0.7421875 0.2515625 0.5125
3 0.53359375 0.05703125 0.0515625 0.1140625
3 0.440625 0.7046875 0.2015625 0.4328125
3 0.7625 0.4890625 0.140625 0.2890625
3 0.04296875 0.390625 0.040625 0.5203125
2 0.271875 0.9453125 0.0875 0.109375
2 0.51875 0.165625 0.0203125 0.05625
2 0.571875 0.1578125 0.05625 0.05625
2 0.584375 0.05546875 0.0125 0.034375
2 0.59765625 0.09453125 0.0296875 0.0375
2 0.56875 0.115625 0.046875 0.059375
2 0.6671875 0.0890625 0.0234375 0.046875
2 0.740625 0.034375 0.015625 0.0296875
2 0.640625 0.109375 0.0328125 0.05
2 0.65625 0.07734375 0.0125 0.0359375
2 0.3390625 0.15546875 0.034375 0.0515625
2 0.33515625 0.19609375 0.01875 0.053125
2 0.39140625 0.15546875 0.0234375 0.0671875