1 0.94140625 0.22109375 0.06875 0.146875
1 0.59375 0.503125 0.13125 0.2578125
1 0.81171875 0.03359375 0.0390625 0.0671875
1 0.8578125 0.1109375 0.0609375 0.1109375
1 0.284375 0.08515625 0.05 0.0828125
1 0.425 0.07421875 0.1203125 0.0796875
1 0.45625 0.03828125 0.0796875 0.065625
1 0.56328125 0.0375 0.0171875 0.0671875
1 0.7046875 0.034375 0.04375 0.06875
1 0.49921875 0.021875 0.0234375 0.04375
2 0.63984375 0.059375 0.0125 0.0265625
1 0.3359375 0.065625 0.059375 0.0734375
1 0.346875 0.07265625 0.1 0.0875
1 0.6390625 0.028125 0.0390625 0.05625
2 0.4921875 0.36171875 0.0421875 0.1265625
2 0.19921875 0.47578125 0.103125 0.1296875
2 0.565625 0.1265625 0.0515625 0.0609375
2 0.4328125 0.40546875 0.0515625 0.13125
2 0.6859375 0.084375 0.0265625 0.0671875
2 0.66796875 0.14140625 0.034375 0.0578125
2 0.53125 0.11875 0.0421875 0.0625
2 0.540625 0.35 0.04375 0.125
2 0.59375 0.06171875 0.0171875 0.0390625
2 0.46328125 0.14375 0.0640625 0.065625
2 0.4203125 0.14609375 0.0625 0.071875
2 0.3890625 0.12109375 0.05625 0.059375
2 0.61484375 0.08984375 0.0375 0.0515625
2 0.725 0.09375 0.025 0.065625
2 0.3375 0.134375 0.028125 0.0671875
2 0.27578125 0.31953125 0.034375 0.096875
2 0.671875 0.90390625 0.0890625 0.1859375
2 0.75 0.06796875 0.028125 0.059375
2 0.484375 0.0515625 0.0234375 0.0453125
2 0.753125 0.0484375 0.025 0.0609375
2 0.63125 0.128125 0.0390625 0.071875
2 0.2515625 0.39296875 0.0546875 0.103125
3 0.44140625 0.7078125 0.2 0.434375
3 0.8515625 0.74296875 0.2515625 0.5109375
1 0.7625 0.48828125 0.140625 0.2875
2 0.69140625 0.7625 0.0765625 0.1734375
2 0.334375 0.6890625 0.0171875 0.1078125
2 0.28125 0.90078125 0.0734375 0.19375
3 0.534375 0.0484375 0.046875 0.096875
2 0.66171875 0.10234375 0.0265625 0.04375
2 0.58671875 0.04921875 0.009375 0.0328125