1 0.64375 0.1703125 0.03125 0.0515625
1 0.8578125 0.515625 0.1265625 0.20625
1 0.5625 0.171875 0.03125 0.04375
1 0.7328125 0.303125 0.0734375 0.11875
1 0.7546875 0.253125 0.065625 0.096875
2 0.83125 0.278125 0.0203125 0.0515625
2 0.4984375 0.3328125 0.0234375 0.06875
2 0.6546875 0.20859375 0.015625 0.0421875
2 0.8578125 0.3140625 0.025 0.0640625
2 0.92734375 0.48828125 0.03125 0.09375
2 0.6984375 0.2671875 0.015625 0.05625
2 0.9796875 0.42890625 0.0375 0.096875
3 0.6046875 0.178125 0.0578125 0.090625