1 0.565625 0.1625 0.0390625 0.05
1 0.66875 0.1875 0.0453125 0.0609375
3 0.6359375 0.2125 0.0546875 0.071875
2 0.91875 0.4328125 0.0359375 0.0875
2 0.821875 0.45546875 0.0328125 0.10625
2 0.8640625 0.43203125 0.034375 0.0953125
2 0.728125 0.3640625 0.0265625 0.1
2 0.95078125 0.609375 0.0453125 0.13125
2 0.73203125 0.2671875 0.021875 0.0625
2 0.7140625 0.30546875 0.0203125 0.059375
2 0.88125 0.35 0.0234375 0.0640625
2 0.7796875 0.453125 0.03125 0.103125
2 0.7828125 0.37109375 0.0265625 0.0609375
2 0.8140625 0.353125 0.025 0.0609375
2 0.61875 0.178125 0.0125 0.0390625
2 0.9546875 0.496875 0.0375 0.071875
2 0.859375 0.384375 0.025 0.0640625