1 0.665625 0.22265625 0.0515625 0.0734375
1 0.62734375 0.2 0.040625 0.0671875
1 0.50390625 0.26484375 0.0484375 0.0515625
1 0.5390625 0.23359375 0.0421875 0.0671875
1 0.5328125 0.19765625 0.04375 0.05625
2 0.58125 0.171875 0.0109375 0.03125
2 0.5703125 0.33671875 0.0265625 0.0734375
2 0.49375 0.221875 0.0125 0.0296875
2 0.5453125 0.25546875 0.0140625 0.059375
2 0.471875 0.23828125 0.0109375 0.0265625
2 0.7125 0.2296875 0.0203125 0.06875
2 0.6796875 0.19609375 0.0109375 0.021875
3 0.484375 0.72421875 0.1609375 0.334375
3 0.49765625 0.3859375 0.0875 0.2