0 0.709375 0.253125 0.0734375 0.14375
1 0.884375 0.55546875 0.13125 0.2140625
1 0.4921875 0.80625 0.1625 0.3015625
1 0.5859375 0.1796875 0.0375 0.0515625
1 0.6859375 0.19765625 0.0359375 0.0515625
1 0.915625 0.39296875 0.0796875 0.128125
1 0.55390625 0.16171875 0.03125 0.0484375
1 0.99375 0.48515625 0.0125 0.084375
2 0.659375 0.23671875 0.015625 0.0484375
2 0.7921875 0.2859375 0.0203125 0.0546875
2 0.646875 0.771875 0.059375 0.19375
2 0.521875 0.2140625 0.015625 0.0390625
2 0.778125 0.33828125 0.0234375 0.06875
2 0.4828125 0.21171875 0.0109375 0.034375
2 0.66875 0.58671875 0.028125 0.0765625
2 0.665625 0.5609375 0.0390625 0.128125
2 0.875 0.41953125 0.034375 0.0703125
2 0.8453125 0.3015625 0.00625 0.0640625
2 0.6296875 0.1921875 0.0078125 0.0375
2 0.6234375 0.19140625 0.0078125 0.034375
3 0.58046875 0.134375 0.03125 0.04375
3 0.9 0.35703125 0.109375 0.2
3 0.61953125 0.16484375 0.0421875 0.05