0 0.76171875 0.30078125 0.0921875 0.19375
1 0.5234375 0.4671875 0.0921875 0.159375
1 0.97890625 0.8625 0.040625 0.2140625
1 0.58125 0.17265625 0.0359375 0.0625
1 0.61640625 0.2 0.04375 0.0609375
3 0.66875 0.184375 0.05 0.05625
1 0.7296875 0.21953125 0.034375 0.05
2 0.6125 0.671875 0.046875 0.1625
2 0.5890625 0.37734375 0.03125 0.0828125
2 0.66875 0.22578125 0.015625 0.04375
2 0.8578125 0.47109375 0.0359375 0.10625
2 0.865625 0.35625 0.0296875 0.0734375
2 0.60625 0.32890625 0.0203125 0.046875
2 0.7109375 0.278125 0.0140625 0.05
2 0.8546875 0.3125 0.0171875 0.053125
2 0.815625 0.33984375 0.021875 0.0765625
3 0.9625 0.46328125 0.0734375 0.2765625
3 0.61328125 0.15 0.0421875 0.05625