1 0.490625 0.4515625 0.08125 0.15
1 0.4609375 0.66796875 0.13125 0.278125
1 0.8890625 0.3765625 0.1234375 0.146875
1 0.6640625 0.221875 0.0546875 0.075
1 0.9765625 0.3140625 0.0453125 0.109375
1 0.4984375 0.228125 0.0421875 0.0734375
2 0.525 0.28125 0.0171875 0.0546875
2 0.65 0.27734375 0.034375 0.0484375
2 0.52421875 0.1875 0.0125 0.03125
2 0.5375 0.20703125 0.015625 0.0359375
2 0.603125 0.26484375 0.0265625 0.0484375
2 0.57109375 0.23515625 0.015625 0.040625
2 0.62109375 0.265625 0.0140625 0.0328125
2 0.9828125 0.44921875 0.034375 0.0984375
3 0.953125 0.628125 0.0921875 0.2609375
3 0.8765625 0.284375 0.096875 0.09375
3 0.771875 0.30703125 0.125 0.1140625