3 0.64375 0.16796875 0.05 0.0890625
1 0.87578125 0.490625 0.1234375 0.196875
1 0.609375 0.19921875 0.040625 0.0546875
1 0.56953125 0.171875 0.0359375 0.046875
1 0.546875 0.24140625 0.04375 0.0609375
1 0.66015625 0.23359375 0.040625 0.084375
1 0.65234375 0.1703125 0.03125 0.0484375
1 0.5890625 0.15234375 0.034375 0.040625
2 0.41015625 0.8421875 0.0609375 0.196875
2 0.9203125 0.746875 0.059375 0.16875
2 0.5015625 0.275 0.0203125 0.059375
2 0.7765625 0.2984375 0.0171875 0.0609375
2 0.4765625 0.240625 0.0140625 0.034375
2 0.5140625 0.36640625 0.0265625 0.08125
2 0.81953125 0.34375 0.028125 0.084375
2 0.7859375 0.24921875 0.015625 0.04375
2 0.48984375 0.2125 0.0125 0.0359375
2 0.5125 0.22734375 0.0125 0.0328125
2 0.93203125 0.46953125 0.0359375 0.1
2 0.8421875 0.315625 0.025 0.0546875
2 0.815625 0.27734375 0.0203125 0.046875
2 0.9796875 0.603125 0.0390625 0.1328125
2 0.8953125 0.390625 0.0296875 0.0671875
2 0.6390625 0.196875 0.015625 0.0359375
2 0.84375 0.2828125 0.0203125 0.040625
2 0.928125 0.38671875 0.0296875 0.0625
2 0.85546875 0.36640625 0.0328125 0.0609375
2 0.978125 0.503125 0.0421875 0.084375
3 0.725 0.26640625 0.0953125 0.1890625
3 0.590625 0.278125 0.0546875 0.1