1 0.5828125 0.17265625 0.0359375 0.0484375
1 0.65 0.2109375 0.0515625 0.071875
1 0.725 0.27734375 0.0578125 0.0984375
1 0.49375 0.190625 0.028125 0.03125
1 0.56484375 0.165625 0.0109375 0.0296875
2 0.8359375 0.4515625 0.0375 0.109375
2 0.696875 0.20703125 0.0125 0.034375
2 0.9125 0.63984375 0.059375 0.140625
2 0.6890625 0.30703125 0.0234375 0.0703125
2 0.8953125 0.45859375 0.040625 0.10625
2 0.7765625 0.29453125 0.0203125 0.059375
2 0.659375 0.25546875 0.0203125 0.071875
2 0.4875 0.30546875 0.01875 0.0671875
2 0.88515625 0.3828125 0.028125 0.059375
2 0.61796875 0.1765625 0.0125 0.0296875
2 0.8109375 0.3453125 0.025 0.078125
2 0.98828125 0.48671875 0.021875 0.0796875
2 0.8078125 0.303125 0.0234375 0.05
2 0.7359375 0.22734375 0.0171875 0.0328125
2 0.4859375 0.25625 0.0171875 0.034375
2 0.6671875 0.19296875 0.0109375 0.034375