1 0.59375 0.503125 0.1328125 0.253125
1 0.940625 0.2453125 0.0703125 0.1484375
1 0.8625 0.1046875 0.059375 0.1046875
1 0.81171875 0.034375 0.0421875 0.06875
1 0.41875 0.078125 0.1140625 0.084375
1 0.49140625 0.0234375 0.0328125 0.046875
1 0.7625 0.48984375 0.140625 0.2875
1 0.63359375 0.034375 0.0390625 0.06875
1 0.7140625 0.01875 0.0375 0.0375
1 0.42578125 0.04296875 0.090625 0.05
1 0.2828125 0.0796875 0.11875 0.090625
1 0.25859375 0.0609375 0.06875 0.053125
2 0.75 0.28828125 0.0703125 0.1015625
2 0.7625 0.08046875 0.01875 0.0546875
2 0.4859375 0.3765625 0.0421875 0.125
2 0.62265625 0.18046875 0.0609375 0.0859375
2 0.865625 0.3578125 0.0515625 0.109375
2 0.728125 0.08984375 0.0203125 0.059375
2 0.2 0.47734375 0.103125 0.1265625
2 0.4984375 0.04375 0.025 0.0484375
2 0.53125 0.15859375 0.0625 0.0640625
2 0.38125 0.48359375 0.0828125 0.0890625
2 0.4734375 0.1953125 0.078125 0.084375
2 0.76640625 0.02265625 0.0140625 0.03125
2 0.671875 0.9171875 0.0859375 0.1625
2 0.6671875 0.12265625 0.0390625 0.059375
2 0.53984375 0.35390625 0.04375 0.134375
2 0.27734375 0.32109375 0.0375 0.1
2 0.94765625 0.37578125 0.0546875 0.1015625
2 0.646875 0.08828125 0.028125 0.0515625
2 0.74140625 0.046875 0.0125 0.0359375
2 0.9640625 0.4640625 0.0234375 0.1140625
2 0.5234375 0.10859375 0.05625 0.084375
2 0.6171875 0.159375 0.059375 0.0625
2 0.715625 0.06328125 0.015625 0.046875
2 0.39375 0.18671875 0.0640625 0.06875
2 0.28671875 0.303125 0.0203125 0.0609375
2 0.2515625 0.39375 0.05625 0.1046875
3 0.8515625 0.740625 0.2515625 0.5140625
3 0.440625 0.7015625 0.2015625 0.428125
3 0.0421875 0.3921875 0.040625 0.5234375
2 0.29453125 0.9046875 0.0625 0.178125
2 0.575 0.1484375 0.0515625 0.0671875
2 0.45 0.1640625 0.0703125 0.0640625
2 0.37734375 0.1390625 0.0265625 0.0515625
2 0.321875 0.1703125 0.03125 0.0703125
2 0.33515625 0.0890625 0.0234375 0.046875
2 0.59296875 0.06953125 0.015625 0.0390625
2 0.584375 0.06015625 0.015625 0.040625
2 0.60546875 0.11171875 0.0328125 0.0515625
2 0.559375 0.10546875 0.028125 0.0515625
2 0.678125 0.05234375 0.0125 0.03125
2 0.70703125 0.0515625 0.0140625 0.0421875
2 0.6078125 0.0578125 0.015625 0.0515625
2 0.61953125 0.07734375 0.0125 0.04375
2 0.68515625 0.11484375 0.0171875 0.0484375