1 0.5796875 0.146875 0.0328125 0.05
1 0.8328125 0.4859375 0.1078125 0.1859375
1 0.9015625 0.38203125 0.1015625 0.159375
1 0.9859375 0.509375 0.0265625 0.1671875
1 0.73984375 0.3203125 0.06875 0.1046875
1 0.796875 0.2640625 0.0609375 0.1
1 0.6671875 0.2328125 0.0515625 0.084375
2 0.7015625 0.23828125 0.0140625 0.04375
1 0.5453125 0.15703125 0.0359375 0.0453125
1 0.66640625 0.18046875 0.0421875 0.0390625
1 0.9921875 0.35 0.015625 0.0546875
2 0.6296875 0.19375 0.015625 0.04375
2 0.60859375 0.2 0.0140625 0.0390625
2 0.7265625 0.259375 0.015625 0.0234375
2 0.7359375 0.24765625 0.0125 0.0421875