1 0.88515625 0.44765625 0.1140625 0.190625
1 0.9421875 0.7828125 0.1140625 0.3734375
1 0.81328125 0.284375 0.06875 0.0875
1 0.678125 0.2546875 0.04375 0.0875
1 0.59453125 0.296875 0.0515625 0.096875
1 0.990625 0.4625 0.01875 0.1171875
2 0.54375 0.846875 0.059375 0.1890625
2 0.45 0.703125 0.0453125 0.1640625
2 0.528125 0.4328125 0.0359375 0.1265625
2 0.57265625 0.17265625 0.0109375 0.0296875
2 0.6015625 0.3625 0.028125 0.10625
2 0.57421875 0.35078125 0.0234375 0.0703125
2 0.83359375 0.353125 0.0265625 0.0609375
2 0.62265625 0.1828125 0.009375 0.0296875
2 0.775 0.24609375 0.015625 0.0421875
2 0.603125 0.17421875 0.0109375 0.0265625
2 0.4859375 0.27421875 0.0171875 0.040625
2 0.4890625 0.228125 0.0140625 0.0375
2 0.7109375 0.215625 0.01875 0.021875
2 0.7328125 0.2109375 0.015625 0.028125
2 0.67421875 0.20078125 0.0140625 0.0265625
2 0.7703125 0.284375 0.0078125 0.034375
2 0.478125 0.3578125 0.028125 0.0625
2 0.5953125 0.16796875 0.009375 0.025
2 0.7703125 0.29921875 0.0109375 0.0625
3 0.521875 0.2828125 0.0578125 0.140625
3 0.734375 0.296875 0.0765625 0.146875