1 0.5265625 0.34296875 0.0703125 0.128125
1 0.709375 0.2609375 0.0609375 0.09375
1 0.9328125 0.51328125 0.1328125 0.221875
1 0.6515625 0.21640625 0.0515625 0.0671875
2 0.80234375 0.496875 0.0375 0.109375
2 0.51875 0.48828125 0.0328125 0.1125
2 0.88671875 0.36875 0.0265625 0.0734375
2 0.62109375 0.46640625 0.034375 0.0890625
2 0.6125 0.21875 0.015625 0.046875
2 0.9734375 0.91953125 0.0515625 0.1
2 0.85234375 0.33125 0.028125 0.0765625
2 0.8109375 0.334375 0.028125 0.075
2 0.7828125 0.2640625 0.0265625 0.0609375
2 0.7109375 0.20390625 0.0171875 0.028125
2 0.771875 0.27421875 0.0125 0.06875
2 0.69375 0.20625 0.0171875 0.0234375
2 0.9734375 0.85546875 0.053125 0.228125