1 0.765625 0.37109375 0.0875 0.15
1 0.9515625 0.81484375 0.0953125 0.3125
1 0.6796875 0.921875 0.165625 0.096875
1 0.590625 0.1859375 0.0390625 0.05625
1 0.715625 0.25703125 0.059375 0.09375
1 0.690625 0.19921875 0.04375 0.0578125
2 0.8015625 0.27421875 0.0203125 0.0578125
2 0.575 0.52734375 0.0359375 0.115625
2 0.884375 0.5734375 0.05 0.128125
2 0.8234375 0.30546875 0.0203125 0.0609375
2 0.9609375 0.5734375 0.0375 0.109375
2 0.84375 0.3625 0.028125 0.08125
2 0.4640625 0.4953125 0.0375 0.0765625
2 0.6625 0.209375 0.0171875 0.0453125
2 0.9046875 0.41328125 0.0328125 0.0984375
2 0.69140625 0.21640625 0.015625 0.05
2 0.9890625 0.4921875 0.0203125 0.090625
2 0.92734375 0.62578125 0.04375 0.121875
3 0.4765625 0.74140625 0.1875 0.425
3 0.634375 0.19921875 0.0515625 0.0875