1 0.92265625 0.62421875 0.1515625 0.284375
1 0.65234375 0.21953125 0.05625 0.075
3 0.8109375 0.3953125 0.1 0.1515625
1 0.546875 0.159375 0.0328125 0.0484375
1 0.58828125 0.17890625 0.040625 0.059375
1 0.659375 0.18046875 0.046875 0.0671875
1 0.61875 0.17734375 0.0125 0.0375
1 0.775 0.2390625 0.0203125 0.05625
1 0.69296875 0.1296875 0.0140625 0.015625
1 0.7578125 0.22421875 0.0546875 0.0828125
2 0.603125 0.20859375 0.015625 0.0453125
2 0.77890625 0.29296875 0.0234375 0.0609375
2 0.4921875 0.18515625 0.009375 0.0265625
2 0.99140625 0.3890625 0.015625 0.053125
3 0.8984375 0.3734375 0.1 0.15625
3 0.71875 0.278125 0.0734375 0.1515625