1 0.475 0.6015625 0.1125 0.20625
1 0.6640625 0.221875 0.0546875 0.0734375
1 0.83515625 0.30859375 0.121875 0.1140625
1 0.5046875 0.271875 0.0515625 0.0875
1 0.934375 0.35859375 0.1296875 0.125
1 0.409375 0.8765625 0.2015625 0.1890625
1 0.94296875 0.53046875 0.1046875 0.2171875
1 0.94296875 0.28671875 0.0984375 0.0875
1 0.4890625 0.22734375 0.034375 0.0484375
2 0.5484375 0.34765625 0.025 0.0765625
2 0.590625 0.25078125 0.0203125 0.0546875
2 0.659375 0.27578125 0.0390625 0.0515625
2 0.5484375 0.20625 0.0125 0.0328125
2 0.728125 0.2859375 0.040625 0.0546875
2 0.5671875 0.228125 0.015625 0.0359375
2 0.4765625 0.23671875 0.0125 0.0296875
2 0.9828125 0.3953125 0.034375 0.0765625