1 0.67109375 0.1859375 0.0484375 0.0703125
1 0.94296875 0.765625 0.1125 0.321875
1 0.80234375 0.39609375 0.0875 0.1703125
1 0.628125 0.19921875 0.05 0.071875
1 0.8 0.27890625 0.0671875 0.0921875
1 0.98828125 0.5015625 0.021875 0.1640625
1 0.69296875 0.12890625 0.0140625 0.0171875
2 0.8546875 0.40390625 0.0328125 0.0890625
2 0.8875 0.340625 0.025 0.059375
2 0.8984375 0.4578125 0.0375 0.1078125
2 0.59375 0.171875 0.0125 0.034375
2 0.740625 0.221875 0.0109375 0.046875
2 0.9421875 0.45859375 0.0390625 0.078125
2 0.57578125 0.15234375 0.0078125 0.021875
2 0.60546875 0.1671875 0.0078125 0.0296875
2 0.9671875 0.575 0.0453125 0.096875
2 0.9921875 0.34921875 0.015625 0.0546875
2 0.6890625 0.284375 0.0390625 0.075