1 0.559375 0.16328125 0.028125 0.040625
1 0.4921875 0.2046875 0.03125 0.0484375
3 0.6859375 0.25078125 0.0625 0.090625
2 0.5609375 0.29375 0.021875 0.0625
2 0.9171875 0.4234375 0.0359375 0.0921875
2 0.49765625 0.29453125 0.01875 0.0609375
2 0.48828125 0.38671875 0.025 0.084375
2 0.65390625 0.196875 0.0140625 0.034375
2 0.484375 0.5296875 0.034375 0.11875
2 0.546875 0.246875 0.01875 0.05
2 0.57578125 0.15234375 0.0078125 0.0234375
2 0.540625 0.4125 0.0265625 0.084375
2 0.6765625 0.19140625 0.0078125 0.028125
2 0.99375 0.39921875 0.0109375 0.0546875
3 0.6078125 0.153125 0.040625 0.0734375
3 0.70625 0.20703125 0.0515625 0.0640625