1 0.52265625 0.45390625 0.09375 0.178125
1 0.68671875 0.23828125 0.05625 0.084375
1 0.83828125 0.390625 0.1 0.1546875
1 0.62890625 0.2 0.04375 0.0609375
1 0.471875 0.2125 0.021875 0.078125
2 0.4984375 0.734375 0.05 0.171875
2 0.73359375 0.378125 0.0265625 0.0796875
2 0.78046875 0.2625 0.0234375 0.0703125
2 0.7171875 0.2359375 0.0203125 0.046875
2 0.8078125 0.28828125 0.0203125 0.0546875
2 0.8234375 0.54375 0.0453125 0.1328125
2 0.95703125 0.46484375 0.03125 0.1078125
2 0.928125 0.49296875 0.034375 0.10625
2 0.9078125 0.37421875 0.0265625 0.0796875
2 0.58125 0.19140625 0.0125 0.0421875
2 0.64375 0.94453125 0.0671875 0.053125
2 0.47578125 0.22890625 0.015625 0.0453125
2 0.6578125 0.1953125 0.0125 0.0328125
2 0.88046875 0.384375 0.025 0.0875
2 0.6078125 0.1875 0.0125 0.0421875
2 0.9890625 0.54609375 0.0203125 0.125