1 0.778125 0.36328125 0.0921875 0.146875
1 0.678125 0.19921875 0.0453125 0.0546875
1 0.6953125 0.25546875 0.0640625 0.096875
1 0.6265625 0.2015625 0.0484375 0.078125
1 0.94140625 0.38828125 0.0953125 0.165625
1 0.61796875 0.16640625 0.040625 0.040625
1 0.775 0.25625 0.0640625 0.103125
1 0.75703125 0.221875 0.0515625 0.059375
2 0.703125 0.328125 0.025 0.08125
2 0.5796875 0.1609375 0.0109375 0.028125
2 0.73828125 0.228125 0.0140625 0.046875
2 0.715625 0.22734375 0.0125 0.040625
2 0.990625 0.38828125 0.0171875 0.0515625
3 0.925 0.61953125 0.15 0.3921875