1 0.5078125 0.54921875 0.1046875 0.190625
1 0.690625 0.25703125 0.0578125 0.084375
1 0.72265625 0.22734375 0.046875 0.065625
1 0.5828125 0.178125 0.0390625 0.0546875
3 0.87421875 0.50625 0.1296875 0.2046875
1 0.66796875 0.1921875 0.0234375 0.053125
1 0.47421875 0.2171875 0.0234375 0.065625
2 0.965625 0.51171875 0.0421875 0.115625
2 0.91015625 0.4078125 0.0296875 0.0828125
2 0.490625 0.28203125 0.0203125 0.0546875
2 0.63671875 0.20625 0.0125 0.040625
2 0.6625 0.203125 0.0125 0.0390625
2 0.62109375 0.190625 0.009375 0.034375
2 0.4796875 0.22578125 0.0125 0.046875
2 0.6734375 0.19140625 0.0125 0.0359375
2 0.55625 0.1671875 0.00625 0.0234375
2 0.36796875 0.93359375 0.0703125 0.075