1 0.828125 0.40078125 0.0859375 0.165625
2 0.4640625 0.60859375 0.0421875 0.140625
2 0.478125 0.8421875 0.0625 0.196875
2 0.6796875 0.278125 0.0390625 0.053125
2 0.525 0.22421875 0.015625 0.04375
2 0.490625 0.26875 0.015625 0.04375
2 0.571875 0.2796875 0.0265625 0.0484375
2 0.6109375 0.26484375 0.0234375 0.0515625
2 0.75625 0.29609375 0.046875 0.046875
2 0.88671875 0.3140625 0.0359375 0.053125
2 0.85 0.296875 0.0359375 0.0546875
2 0.865625 0.309375 0.0390625 0.059375
3 0.95078125 0.34453125 0.096875 0.171875