1 0.4921875 0.553125 0.1109375 0.221875
1 0.803125 0.29765625 0.071875 0.1125
1 0.6140625 0.19375 0.046875 0.065625
1 0.678125 0.2390625 0.05625 0.084375
1 0.71875 0.21875 0.053125 0.0765625
1 0.571875 0.171875 0.034375 0.0515625
1 0.659375 0.18046875 0.0484375 0.0609375
1 0.55078125 0.1609375 0.0125 0.028125
2 0.6578125 0.76328125 0.0515625 0.1875
2 0.4875 0.2703125 0.0203125 0.0546875
2 0.546875 0.21328125 0.0140625 0.040625
2 0.48359375 0.36953125 0.0234375 0.084375
2 0.6515625 0.196875 0.0125 0.046875