1 0.48828125 0.546875 0.1 0.1625
1 0.6703125 0.30859375 0.1328125 0.096875
1 0.953125 0.46796875 0.0921875 0.1890625
1 0.5984375 0.371875 0.0703125 0.109375
1 0.66484375 0.22265625 0.0546875 0.0734375
1 0.50859375 0.35859375 0.06875 0.1203125
1 0.9609375 0.36015625 0.078125 0.13125
1 0.59140625 0.171875 0.0390625 0.0484375
1 0.5078125 0.228125 0.0390625 0.0609375
1 0.596875 0.27421875 0.0890625 0.09375
2 0.56875 0.453125 0.03125 0.1046875
2 0.53515625 0.1953125 0.01875 0.0375
2 0.48125 0.275 0.021875 0.0703125
2 0.496875 0.275 0.015625 0.053125
2 0.53828125 0.20234375 0.0109375 0.034375
2 0.4578125 0.40703125 0.0296875 0.09375
3 0.57265625 0.225 0.0640625 0.10625