1 0.8953125 0.56015625 0.14375 0.26875
1 0.5453125 0.2984375 0.0546875 0.0796875
1 0.496875 0.2203125 0.0390625 0.0625
1 0.965625 0.46171875 0.0671875 0.2046875
1 0.6953125 0.25546875 0.059375 0.0890625
1 0.7640625 0.35 0.071875 0.1359375
1 0.546875 0.1578125 0.034375 0.04375
2 0.4875 0.3671875 0.0234375 0.084375
2 0.8 0.31484375 0.021875 0.065625
2 0.7328125 0.24453125 0.0171875 0.05
2 0.875 0.3828125 0.0296875 0.09375
2 0.81953125 0.29609375 0.021875 0.059375
2 0.775 0.246875 0.0125 0.0421875
2 0.875 0.353125 0.0296875 0.046875
3 0.6046875 0.17578125 0.05 0.084375
3 0.65 0.19765625 0.0546875 0.0984375