3 0.7890625 0.5859375 0.1890625 0.421875
3 0.6234375 0.0390625 0.05625 0.078125
1 0.57890625 0.625 0.1421875 0.2984375
1 0.565625 0.8984375 0.196875 0.203125
1 0.87265625 0.92265625 0.2046875 0.1546875
1 0.25546875 0.09375 0.1015625 0.0734375
1 0.396875 0.0828125 0.1015625 0.0765625
1 0.4296875 0.046875 0.0765625 0.0671875
1 0.51484375 0.0484375 0.103125 0.078125
1 0.55859375 0.028125 0.0703125 0.0484375
1 0.71015625 0.028125 0.0375 0.05625
1 0.75078125 0.0203125 0.0359375 0.040625
2 0.35390625 0.16875 0.05625 0.071875
2 0.39375 0.1375 0.04375 0.0546875
2 0.41796875 0.12265625 0.0375 0.040625
2 0.53046875 0.15390625 0.059375 0.0609375
2 0.51796875 0.1359375 0.0515625 0.0546875
2 0.50078125 0.121875 0.0484375 0.05
2 0.49140625 0.1125 0.0453125 0.05
2 0.60625 0.11875 0.0375 0.0640625
2 0.66953125 0.109375 0.028125 0.05625
2 0.64609375 0.0953125 0.01875 0.053125
2 0.6921875 0.08203125 0.015625 0.053125
2 0.73046875 0.0765625 0.021875 0.05
2 0.75625 0.08984375 0.021875 0.0515625
2 0.77109375 0.07421875 0.0171875 0.0421875
2 0.721875 0.05546875 0.01875 0.046875
2 0.66953125 0.0625 0.0125 0.040625
2 0.37578125 0.2890625 0.046875 0.096875
2 0.5453125 0.43125 0.0484375 0.1203125
2 0.6140625 0.42578125 0.0546875 0.1078125
2 0.471875 0.578125 0.0484375 0.2203125
2 0.19453125 0.4875 0.1015625 0.1125
2 0.2359375 0.39609375 0.0765625 0.1015625
2 0.28046875 0.32578125 0.04375 0.0859375