1 0.57421875 0.8703125 0.190625 0.259375
1 0.56796875 0.49140625 0.1375 0.3015625
1 0.74140625 0.496875 0.1296875 0.228125
1 0.575 0.10625 0.05 0.115625
1 0.65234375 0.140625 0.05625 0.0828125
1 0.64453125 0.0859375 0.05 0.078125
1 0.63984375 0.04453125 0.040625 0.05
1 0.7078125 0.0171875 0.0375 0.034375
1 0.51953125 0.0234375 0.05625 0.0453125
1 0.42890625 0.0671875 0.1125 0.0734375
1 0.4171875 0.0421875 0.1015625 0.0546875
1 0.5609375 0.06796875 0.0375 0.071875
1 0.30859375 0.0921875 0.115625 0.0703125
1 0.265625 0.05859375 0.0796875 0.046875
2 0.4171875 0.153125 0.0546875 0.06875
2 0.37109375 0.13125 0.046875 0.0546875
2 0.4171875 0.134375 0.059375 0.053125
2 0.4203125 0.32578125 0.0546875 0.140625
2 0.54453125 0.21640625 0.021875 0.0890625
2 0.515625 0.1921875 0.021875 0.084375
2 0.50078125 0.16015625 0.0140625 0.0734375
2 0.55546875 0.15859375 0.0203125 0.0625
2 0.528125 0.146875 0.0203125 0.05625
2 0.59140625 0.03828125 0.0140625 0.0453125
2 0.50859375 0.096875 0.0203125 0.04375
2 0.71328125 0.06171875 0.0234375 0.04375
2 0.7359375 0.05234375 0.015625 0.040625
2 0.75390625 0.03984375 0.0125 0.0421875
3 0.80234375 0.03203125 0.0625 0.0625
3 0.68671875 0.23046875 0.0859375 0.196875
3 0.9328125 0.2109375 0.090625 0.3796875
2 0.40625 0.73203125 0.0640625 0.2
2 0.69765625 0.69296875 0.0625 0.2078125
2 0.81015625 0.840625 0.071875 0.2578125
2 0.19296875 0.4921875 0.1046875 0.1109375
2 0.27890625 0.3234375 0.040625 0.0765625
2 0.2359375 0.3921875 0.075 0.09375