1 0.93359375 0.221875 0.084375 0.1453125
1 0.59296875 0.503125 0.1328125 0.2546875
1 0.2578125 0.075 0.103125 0.078125
1 0.846875 0.084375 0.053125 0.0953125
1 0.803125 0.02578125 0.0390625 0.0515625
1 0.40625 0.0828125 0.1328125 0.09375
1 0.48984375 0.028125 0.0390625 0.0515625
1 0.63359375 0.03359375 0.0390625 0.0640625
1 0.5640625 0.04140625 0.015625 0.071875
1 0.415625 0.04453125 0.09375 0.046875
1 0.6390625 0.01796875 0.04375 0.0359375
2 0.48515625 0.38203125 0.040625 0.125
2 0.68125 0.26328125 0.0671875 0.0953125
2 0.9328125 0.421875 0.05 0.121875
2 0.76796875 0.071875 0.0171875 0.0515625
2 0.8109375 0.30546875 0.053125 0.09375
2 0.20078125 0.47578125 0.1015625 0.1296875
2 0.8796875 0.321875 0.0625 0.1
2 0.5375 0.37265625 0.0390625 0.09375
2 0.6859375 0.7640625 0.071875 0.2203125
2 0.68125 0.1796875 0.0515625 0.06875
2 0.73671875 0.084375 0.0203125 0.0484375
2 0.4359375 0.1578125 0.0625 0.071875
2 0.4890625 0.0484375 0.0203125 0.05625
2 0.6234375 0.1421875 0.0546875 0.0625
2 0.7640625 0.0171875 0.015625 0.034375
2 0.96484375 0.35625 0.021875 0.084375
2 0.38828125 0.1390625 0.0359375 0.0671875
2 0.27734375 0.321875 0.0375 0.0984375
2 0.2515625 0.3921875 0.0546875 0.1015625
2 0.58046875 0.153125 0.053125 0.0640625
2 0.2859375 0.303125 0.0203125 0.0625
2 0.4546875 0.12421875 0.0390625 0.059375
2 0.67890625 0.15390625 0.059375 0.0703125
2 0.48828125 0.18203125 0.065625 0.0671875
2 0.55859375 0.19296875 0.0625 0.075
3 0.8515625 0.7421875 0.2515625 0.5125
3 0.44140625 0.70546875 0.2 0.43125
3 0.5328125 0.0578125 0.05625 0.115625
3 0.7625 0.48984375 0.140625 0.290625
3 0.04296875 0.38984375 0.040625 0.51875
2 0.26953125 0.94453125 0.109375 0.1078125
2 0.57578125 0.11953125 0.0484375 0.05
2 0.60546875 0.10234375 0.0390625 0.0515625
2 0.65234375 0.1109375 0.0203125 0.040625
2 0.66953125 0.0921875 0.0203125 0.0515625
2 0.659375 0.07265625 0.0140625 0.0296875
2 0.68359375 0.0546875 0.0171875 0.046875
2 0.7203125 0.059375 0.0125 0.046875
2 0.50625 0.159375 0.0625 0.0640625
2 0.34140625 0.1890625 0.034375 0.06875
2 0.740625 0.03359375 0.015625 0.0359375
2 0.7109375 0.04453125 0.0140625 0.034375
2 0.59140625 0.06484375 0.009375 0.0296875
2 0.5796875 0.103125 0.034375 0.0359375