1 0.603125 0.30859375 0.059375 0.0921875
1 0.53359375 0.290625 0.0484375 0.078125
1 0.7484375 0.240625 0.0609375 0.0828125
2 0.49921875 0.6484375 0.05 0.1609375
2 0.621875 0.51640625 0.0359375 0.1203125
2 0.8890625 0.65703125 0.0515625 0.140625
2 0.85 0.45546875 0.0359375 0.109375
2 0.5484375 0.21953125 0.0140625 0.0390625
2 0.5203125 0.20859375 0.0140625 0.0390625
2 0.48125 0.28203125 0.0203125 0.0640625
2 0.5765625 0.23828125 0.015625 0.046875
2 0.490625 0.23984375 0.0140625 0.034375
2 0.5734375 0.1625 0.0109375 0.025
2 0.628125 0.2078125 0.0125 0.0375
2 0.771875 0.25390625 0.0125 0.05625
2 0.5 0.1921875 0.0109375 0.0265625
2 0.61328125 0.165625 0.009375 0.0234375
2 0.76875 0.309375 0.015625 0.046875
2 0.56484375 0.153125 0.0078125 0.0203125