1 0.5078125 0.44296875 0.0796875 0.146875
1 0.85390625 0.428125 0.10625 0.1921875
1 0.52734375 0.2671875 0.05 0.0828125
1 0.59375 0.28828125 0.05625 0.09375
1 0.4796875 0.2015625 0.015625 0.028125
1 0.51875 0.18359375 0.015625 0.034375
1 0.5359375 0.1875 0.0125 0.03125
1 0.53828125 0.2203125 0.015625 0.0296875
2 0.6265625 0.51171875 0.0359375 0.0828125
2 0.7765625 0.26953125 0.015625 0.053125
2 0.8140625 0.321875 0.021875 0.0546875
2 0.53671875 0.196875 0.0109375 0.021875
2 0.60234375 0.425 0.0296875 0.096875
2 0.590625 0.359375 0.0265625 0.084375
2 0.62265625 0.1890625 0.0078125 0.0421875
2 0.6 0.17265625 0.0109375 0.0375
2 0.98984375 0.38671875 0.01875 0.0875
3 0.70625 0.26796875 0.0828125 0.1390625
3 0.65234375 0.21484375 0.053125 0.1046875
3 0.57265625 0.16640625 0.046875 0.0671875