1 0.5171875 0.5984375 0.1109375 0.2140625
1 0.50078125 0.29609375 0.053125 0.103125
1 0.678125 0.20546875 0.0515625 0.0703125
1 0.56875 0.2734375 0.0515625 0.0859375
1 0.73125 0.94765625 0.175 0.046875
2 0.790625 0.36484375 0.028125 0.078125
2 0.828125 0.31796875 0.021875 0.0609375
2 0.64375 0.5359375 0.0375 0.1
2 0.7734375 0.30546875 0.0203125 0.0703125
2 0.72734375 0.23359375 0.015625 0.0421875
2 0.6046875 0.33203125 0.021875 0.071875
2 0.7203125 0.32109375 0.0234375 0.0703125
2 0.4828125 0.2078125 0.0078125 0.0296875
2 0.64375 0.18828125 0.0109375 0.040625
2 0.725 0.20625 0.0125 0.0296875
3 0.5765625 0.165625 0.0359375 0.078125
3 0.61484375 0.19453125 0.0546875 0.084375