1 0.5 0.23203125 0.0390625 0.0640625
1 0.62734375 0.17578125 0.04375 0.0515625
1 0.7640625 0.2578125 0.059375 0.090625
1 0.803125 0.4171875 0.09375 0.16875
1 0.95390625 0.734375 0.090625 0.3125
1 0.565625 0.146875 0.0234375 0.0390625
1 0.55 0.16640625 0.01875 0.025
2 0.4828125 0.52109375 0.0390625 0.128125
2 0.703125 0.25390625 0.01875 0.0609375
2 0.9515625 0.52578125 0.04375 0.1125
2 0.6625 0.184375 0.0125 0.0296875
2 0.91484375 0.44453125 0.040625 0.128125
2 0.540625 0.203125 0.0125 0.0375
2 0.7 0.21640625 0.0125 0.0421875
2 0.79296875 0.30859375 0.025 0.053125
2 0.85625 0.3828125 0.0328125 0.090625
2 0.8484375 0.41875 0.0234375 0.0875
2 0.73984375 0.2546875 0.0109375 0.065625
2 0.9921875 0.3921875 0.015625 0.046875
3 0.51875 0.3171875 0.0609375 0.14375