1 0.93515625 0.6703125 0.128125 0.2765625
1 0.7640625 0.38046875 0.08125 0.1359375
1 0.546875 0.165625 0.0328125 0.0328125
1 0.6984375 0.2578125 0.059375 0.09375
1 0.6484375 0.2265625 0.0421875 0.0703125
1 0.659375 0.184375 0.04375 0.0609375
1 0.590625 0.184375 0.0390625 0.0484375
1 0.7296875 0.225 0.0359375 0.0640625
1 0.9703125 0.496875 0.059375 0.1984375
1 0.61015625 0.1609375 0.0359375 0.0453125
1 0.58203125 0.146875 0.0265625 0.0359375
2 0.7828125 0.296875 0.0203125 0.0609375
2 0.8390625 0.371875 0.028125 0.0828125
2 0.9859375 0.36484375 0.0265625 0.078125