1 0.64765625 0.2171875 0.053125 0.0671875
1 0.934375 0.309375 0.13125 0.1078125
2 0.446875 0.609375 0.0453125 0.1390625
2 0.5265625 0.2828125 0.01875 0.046875
2 0.70546875 0.234375 0.01875 0.0484375
2 0.7375 0.20703125 0.015625 0.0359375
2 0.6 0.171875 0.0109375 0.0265625
2 0.6125 0.21484375 0.0171875 0.0578125
2 0.584375 0.16171875 0.009375 0.0234375
2 0.68203125 0.196875 0.0140625 0.034375
2 0.66875 0.20078125 0.0140625 0.034375
2 0.6171875 0.178125 0.0109375 0.03125
2 0.553125 0.165625 0.0109375 0.021875
3 0.65 0.61171875 0.1359375 0.3625