1 0.50625 0.54453125 0.0984375 0.1859375
1 0.7125 0.28515625 0.0671875 0.11875
1 0.51328125 0.2625 0.0484375 0.08125
1 0.784375 0.3984375 0.096875 0.15
1 0.65625 0.22734375 0.0578125 0.084375
1 0.61796875 0.16875 0.0375 0.0484375
1 0.7546875 0.2453125 0.065625 0.090625
1 0.52734375 0.1921875 0.0359375 0.05625
2 0.60625 0.6515625 0.046875 0.159375
2 0.54375 0.38203125 0.028125 0.084375
2 0.909375 0.38046875 0.0296875 0.075
2 0.55625 0.26328125 0.0171875 0.0546875
2 0.4765625 0.39375 0.0265625 0.0875
2 0.58359375 0.16328125 0.0078125 0.0234375
2 0.48125 0.228125 0.015625 0.0375
2 0.5875 0.321875 0.0203125 0.0703125
2 0.8109375 0.2875 0.0203125 0.0546875
2 0.7875 0.24921875 0.0203125 0.046875
2 0.49140625 0.19765625 0.009375 0.0234375
2 0.6953125 0.2140625 0.0296875 0.034375
2 0.634375 0.19765625 0.0125 0.0296875
2 0.9125 0.31015625 0.0296875 0.034375
2 0.9921875 0.390625 0.015625 0.0484375
2 0.534375 0.2390625 0.01875 0.046875
3 0.921875 0.70234375 0.1546875 0.409375