1 0.665625 0.22265625 0.053125 0.0734375
1 0.628125 0.19921875 0.0421875 0.06875
1 0.4953125 0.23515625 0.040625 0.034375
1 0.528125 0.2171875 0.0359375 0.059375
2 0.721875 0.24765625 0.015625 0.0515625
2 0.55625 0.284375 0.0203125 0.0625
2 0.7390625 0.21875 0.0109375 0.034375
2 0.4890625 0.203125 0.009375 0.028125
2 0.70625 0.228125 0.01875 0.0390625
2 0.6796875 0.19609375 0.0109375 0.028125
2 0.5328125 0.228125 0.0125 0.0546875
3 0.525 0.48828125 0.1046875 0.215625
3 0.503125 0.321875 0.0734375 0.15625