0 0.8453125 0.2875 0.1140625 0.1890625
1 0.5046875 0.53671875 0.096875 0.159375
1 0.565625 0.36640625 0.0703125 0.1140625
1 0.52890625 0.19296875 0.0359375 0.05
1 0.7984375 0.41171875 0.11875 0.184375
1 0.6015625 0.18359375 0.04375 0.0609375
1 0.64453125 0.21953125 0.046875 0.0640625
2 0.9734375 0.48671875 0.040625 0.0984375
2 0.6703125 0.19453125 0.015625 0.034375
2 0.6 0.6 0.04375 0.1453125
2 0.7359375 0.28515625 0.0171875 0.0546875
2 0.56953125 0.17578125 0.0109375 0.0296875
2 0.478125 0.22265625 0.0125 0.046875
2 0.49140625 0.33359375 0.025 0.0703125
2 0.88046875 0.4328125 0.0328125 0.096875
2 0.5484375 0.16171875 0.0046875 0.021875
2 0.74609375 0.346875 0.0171875 0.0734375
2 0.484375 0.196875 0.009375 0.0234375
3 0.61953125 0.1546875 0.046875 0.0703125
2 0.57890625 0.159375 0.0109375 0.021875
2 0.56015625 0.159375 0.009375 0.0234375