1 0.9140625 0.621875 0.146875 0.265625
1 0.5265625 0.2359375 0.04375 0.071875
3 0.64375 0.2203125 0.0546875 0.0734375
1 0.975 0.51953125 0.0484375 0.153125
1 0.60078125 0.184375 0.040625 0.05625
1 0.5359375 0.1578125 0.03125 0.0375
2 0.55703125 0.15625 0.0078125 0.0265625
2 0.6015625 0.3953125 0.0265625 0.0828125
2 0.5890625 0.58203125 0.0359375 0.121875
2 0.8890625 0.37578125 0.028125 0.078125
2 0.50078125 0.290625 0.021875 0.078125
2 0.8546875 0.4890625 0.040625 0.096875
2 0.553125 0.35625 0.0375 0.0765625
2 0.78125 0.375 0.028125 0.071875
2 0.71640625 0.24765625 0.0171875 0.0515625
2 0.70078125 0.2546875 0.021875 0.06875
2 0.734375 0.34609375 0.025 0.09375
2 0.6890625 0.2296875 0.0171875 0.040625
2 0.8265625 0.346875 0.0296875 0.084375
2 0.6703125 0.203125 0.0125 0.0359375
2 0.73828125 0.29296875 0.0171875 0.0703125
2 0.85 0.415625 0.0359375 0.0703125
2 0.5734375 0.153125 0.009375 0.021875