1 0.946875 0.4296875 0.103125 0.1515625
3 0.85 0.31640625 0.0859375 0.1109375
1 0.74609375 0.3234375 0.071875 0.121875
1 0.5640625 0.1671875 0.0359375 0.0453125
1 0.49375 0.2203125 0.040625 0.059375
0 0.9734375 0.76171875 0.0515625 0.4125
1 0.6328125 0.20546875 0.05 0.0671875
1 0.78359375 0.25703125 0.0375 0.08125
1 0.6875 0.25078125 0.059375 0.103125
1 0.665625 0.18125 0.015625 0.0234375
1 0.59453125 0.1609375 0.034375 0.0390625
2 0.8421875 0.44296875 0.0375 0.096875
2 0.5390625 0.21015625 0.0171875 0.0375
2 0.5546875 0.2765625 0.0234375 0.075
2 0.95234375 0.61171875 0.034375 0.09375
2 0.665625 0.19453125 0.0125 0.021875
3 0.7671875 0.23671875 0.0703125 0.121875