3 0.56875 0.16640625 0.0421875 0.0609375
1 0.4875 0.55234375 0.103125 0.221875
1 0.609375 0.4171875 0.078125 0.14375
1 0.88984375 0.3640625 0.09375 0.1453125
1 0.525 0.184375 0.03125 0.0390625
1 0.6015625 0.16328125 0.028125 0.04375
1 0.4796875 0.19140625 0.0265625 0.03125
1 0.69375 0.12890625 0.015625 0.0140625
2 0.5359375 0.2265625 0.015625 0.0453125
2 0.7234375 0.22265625 0.015625 0.040625
2 0.859375 0.5109375 0.0390625 0.1203125
2 0.50390625 0.23125 0.015625 0.040625
2 0.634375 0.20546875 0.0125 0.0390625
2 0.6765625 0.23046875 0.015625 0.05
2 0.50390625 0.28671875 0.01875 0.05625
2 0.7109375 0.80234375 0.0546875 0.1984375
2 0.63984375 0.19765625 0.009375 0.034375
2 0.4875 0.19609375 0.0125 0.021875