1 0.52265625 0.44765625 0.0890625 0.153125
1 0.4671875 0.85625 0.1921875 0.2296875
1 0.5171875 0.31875 0.0578125 0.09375
1 0.6640625 0.221875 0.053125 0.075
2 0.4484375 0.553125 0.0359375 0.1234375
2 0.6890625 0.2828125 0.0390625 0.0484375
2 0.628125 0.26640625 0.03125 0.053125
2 0.88125 0.3 0.046875 0.053125
2 0.7796875 0.2984375 0.0359375 0.0546875
2 0.59375 0.24765625 0.0171875 0.0515625
2 0.959375 0.30859375 0.028125 0.059375
3 0.5140625 0.23046875 0.046875 0.0859375
1 0.96875 0.35859375 0.0609375 0.13125