1 0.5515625 0.384375 0.0703125 0.109375
1 0.8109375 0.4125 0.103125 0.184375
1 0.96875 0.809375 0.0609375 0.3203125
1 0.5109375 0.2578125 0.046875 0.0765625
1 0.9 0.35546875 0.1 0.15
1 0.71953125 0.2890625 0.059375 0.109375
1 0.6625 0.2265625 0.0515625 0.071875
1 0.4890625 0.19765625 0.025 0.04375
1 0.71953125 0.20703125 0.0171875 0.034375
1 0.69375 0.1296875 0.015625 0.015625
1 0.99140625 0.38828125 0.015625 0.0546875
2 0.8046875 0.3078125 0.0265625 0.04375
2 0.4640625 0.4890625 0.034375 0.1140625
2 0.79921875 0.2703125 0.0203125 0.0515625
2 0.7234375 0.228125 0.0171875 0.034375
2 0.69453125 0.2171875 0.015625 0.040625
2 0.740625 0.25234375 0.009375 0.040625
3 0.62109375 0.18046875 0.0484375 0.0890625
3 0.5796875 0.16328125 0.04375 0.0765625