1 0.565625 0.21640625 0.04375 0.075
1 0.64453125 0.6671875 0.1234375 0.240625
1 0.5234375 0.4765625 0.0828125 0.1421875
1 0.6890625 0.20078125 0.0515625 0.065625
2 0.73515625 0.359375 0.028125 0.078125
2 0.6546875 0.21796875 0.0140625 0.0359375
2 0.7828125 0.37109375 0.025 0.08125
2 0.70625 0.29453125 0.021875 0.0640625
2 0.6359375 0.38515625 0.0265625 0.090625
2 0.4734375 0.3953125 0.0265625 0.090625
2 0.50546875 0.3375 0.0203125 0.075
2 0.9296875 0.590625 0.0453125 0.128125
2 0.8390625 0.378125 0.028125 0.0796875
2 0.98515625 0.403125 0.028125 0.078125
2 0.58671875 0.2625 0.0171875 0.0609375
2 0.89375 0.409375 0.0328125 0.084375
2 0.584375 0.3296875 0.0265625 0.0703125
2 0.5515625 0.284375 0.021875 0.0609375
2 0.68515625 0.253125 0.0171875 0.0515625
2 0.9265625 0.46953125 0.040625 0.084375
2 0.53828125 0.2109375 0.0125 0.0421875
2 0.5265625 0.209375 0.00625 0.0296875
3 0.5 0.21875 0.0515625 0.090625