3 0.4875 0.41875 0.1140625 0.253125
3 0.7796875 0.5921875 0.1703125 0.3578125
3 0.68671875 0.2109375 0.1046875 0.2546875
3 0.9390625 0.24140625 0.075 0.3984375
3 0.528125 0.11875 0.0859375 0.1984375
3 0.65078125 0.08359375 0.0796875 0.1671875
1 0.4109375 0.0765625 0.0953125 0.075
1 0.3234375 0.0703125 0.06875 0.0828125
1 0.44921875 0.03671875 0.0734375 0.06875
1 0.58984375 0.0328125 0.0453125 0.0609375
1 0.8265625 0.07421875 0.0359375 0.0671875
1 0.86171875 0.14296875 0.0625 0.103125
1 0.7109375 0.01328125 0.034375 0.0265625
3 0.5421875 0.253125 0.0890625 0.175
2 0.4171875 0.153125 0.0484375 0.071875
2 0.3796875 0.13359375 0.03125 0.0609375
2 0.409375 0.321875 0.04375 0.10625
2 0.278125 0.321875 0.04375 0.0859375
2 0.23828125 0.390625 0.078125 0.1078125
2 0.19609375 0.484375 0.1109375 0.115625
2 0.62421875 0.4015625 0.03125 0.0875
2 0.60859375 0.3109375 0.0390625 0.09375
2 0.69765625 0.05859375 0.0125 0.0390625
2 0.7125 0.0734375 0.0234375 0.0375
2 0.7984375 0.01875 0.0125 0.034375
2 0.75859375 0.01796875 0.015625 0.03125