1 0.78359375 0.3796875 0.0921875 0.14375
1 0.6890625 0.25390625 0.059375 0.0921875
1 0.7046875 0.215625 0.05625 0.078125
1 0.6125 0.16171875 0.0203125 0.040625
1 0.759375 0.225 0.03125 0.05625
2 0.8859375 0.44140625 0.0328125 0.0953125
2 0.8125 0.26953125 0.0203125 0.046875
2 0.6484375 0.22578125 0.015625 0.0484375
2 0.8203125 0.3421875 0.021875 0.0734375
2 0.4890625 0.446875 0.028125 0.0984375
2 0.98046875 0.421875 0.0375 0.19375
2 0.6078125 0.178125 0.0109375 0.0390625
2 0.76953125 0.228125 0.0109375 0.0484375
2 0.9828125 0.465625 0.0328125 0.103125
3 0.58125 0.16796875 0.0515625 0.078125