3 0.79375 0.57890625 0.1859375 0.40625
3 0.67890625 0.12265625 0.1140625 0.1203125
1 0.6265625 0.07890625 0.0859375 0.09375
1 0.42734375 0.15390625 0.14375 0.13125
1 0.4140625 0.0859375 0.134375 0.10625
1 0.5 0.11015625 0.1046875 0.090625
1 0.54765625 0.059375 0.0890625 0.071875
1 0.73671875 0.0859375 0.0546875 0.084375
1 0.7640625 0.05859375 0.0359375 0.0796875
1 0.69609375 0.0359375 0.04375 0.0640625
1 0.2890625 0.07421875 0.0984375 0.0609375
1 0.45234375 0.025 0.065625 0.03125
1 0.50546875 0.015625 0.0484375 0.03125
1 0.5796875 0.02578125 0.0796875 0.0421875
1 0.58203125 0.62890625 0.1296875 0.2796875
1 0.878125 0.925 0.196875 0.15
1 0.56484375 0.89609375 0.196875 0.2078125
2 0.61640625 0.30234375 0.04375 0.1109375
2 0.5453125 0.434375 0.05625 0.13125
2 0.60625 0.42890625 0.0515625 0.103125
2 0.66953125 0.4203125 0.0484375 0.1546875
2 0.73828125 0.34921875 0.0359375 0.0640625
2 0.4078125 0.6640625 0.06875 0.1984375
2 0.46796875 0.6046875 0.053125 0.2171875
2 0.41640625 0.8703125 0.071875 0.259375
2 0.4890625 0.50234375 0.0609375 0.1890625
2 0.19296875 0.496875 0.1078125 0.1
2 0.23828125 0.39296875 0.071875 0.0984375
2 0.27734375 0.32109375 0.0453125 0.096875
2 0.3359375 0.1359375 0.028125 0.059375