1 0.6171875 0.45390625 0.084375 0.1453125
1 0.51796875 0.68125 0.1328125 0.2546875
1 0.8515625 0.315625 0.1421875 0.1015625
1 0.909375 0.378125 0.128125 0.1421875
1 0.5703125 0.23203125 0.046875 0.078125
1 0.51484375 0.29921875 0.05625 0.0734375
1 0.6578125 0.2171875 0.0421875 0.065625
2 0.98125 0.6828125 0.0359375 0.1375
2 0.56328125 0.296875 0.0203125 0.06875
2 0.5953125 0.26328125 0.03125 0.0546875
2 0.36640625 0.83515625 0.0578125 0.2015625
2 0.5375 0.40859375 0.028125 0.0921875
2 0.43203125 0.553125 0.0484375 0.125
2 0.471875 0.3390625 0.025 0.0703125
2 0.5109375 0.36328125 0.0234375 0.0828125
2 0.98671875 0.3484375 0.025 0.1
2 0.9828125 0.47265625 0.034375 0.1125
3 0.68046875 0.296875 0.1140625 0.109375
3 0.5296875 0.259375 0.0578125 0.090625
3 0.71015625 0.271875 0.1734375 0.1625