1 0.49765625 0.56015625 0.1125 0.1984375
1 0.58515625 0.32109375 0.0609375 0.109375
1 0.5328125 0.20546875 0.0390625 0.053125
1 0.57734375 0.17265625 0.040625 0.059375
1 0.646875 0.1765625 0.0421875 0.053125
1 0.6734375 0.24375 0.0578125 0.0875
1 0.628125 0.2046875 0.0515625 0.071875
2 0.59375 0.715625 0.046875 0.175
2 0.85078125 0.3796875 0.0265625 0.084375
2 0.8015625 0.33671875 0.028125 0.078125
2 0.86875 0.34765625 0.0234375 0.06875
2 0.5359375 0.384375 0.0203125 0.0625
2 0.5171875 0.3125 0.021875 0.0671875
2 0.490625 0.271875 0.0203125 0.05625
2 0.9203125 0.434375 0.0390625 0.0671875
2 0.925 0.50234375 0.046875 0.04375
2 0.4859375 0.4 0.0296875 0.084375
2 0.5 0.24296875 0.0140625 0.03125
2 0.50546875 0.9109375 0.0625 0.1171875
2 0.7296875 0.24296875 0.028125 0.021875
3 0.9453125 0.73828125 0.109375 0.4578125
3 0.73828125 0.31875 0.090625 0.1484375