3 0.678125 0.2515625 0.0625 0.0890625
1 0.5578125 0.17109375 0.034375 0.0390625
1 0.6359375 0.20546875 0.046875 0.0671875
1 0.5109375 0.203125 0.0359375 0.05625
2 0.7921875 0.4625 0.034375 0.10625
2 0.86171875 0.5078125 0.0390625 0.1015625
2 0.49140625 0.2421875 0.01875 0.0515625
2 0.7109375 0.2296875 0.0171875 0.040625
2 0.5796875 0.29453125 0.0203125 0.059375
2 0.57265625 0.3734375 0.025 0.08125
2 0.9765625 0.75546875 0.0453125 0.1640625
2 0.9140625 0.46875 0.04375 0.109375
2 0.7421875 0.321875 0.021875 0.059375
2 0.540625 0.271875 0.028125 0.0546875
2 0.79453125 0.27734375 0.0203125 0.06875
2 0.95625 0.584375 0.0484375 0.1046875
2 0.790625 0.3625 0.025 0.0859375
2 0.584375 0.1703125 0.009375 0.0265625
2 0.66796875 0.1953125 0.0171875 0.03125
2 0.771875 0.303125 0.0171875 0.0625
2 0.6140625 0.17265625 0.0125 0.034375
2 0.99375 0.384375 0.0109375 0.046875
2 0.9890625 0.5265625 0.0203125 0.075
2 0.7375 0.27109375 0.015625 0.03125