1 0.615625 0.4875 0.09375 0.15
1 0.50703125 0.28046875 0.0484375 0.084375
1 0.49375 0.203125 0.034375 0.059375
1 0.5453125 0.20546875 0.0390625 0.0609375
2 0.409375 0.8265625 0.059375 0.1953125
2 0.5359375 0.88203125 0.065625 0.175
2 0.9515625 0.54453125 0.0453125 0.121875
2 0.5390625 0.2421875 0.0171875 0.0546875
2 0.8546875 0.38046875 0.0296875 0.0890625
2 0.575 0.2671875 0.021875 0.0515625
2 0.9859375 0.3921875 0.028125 0.084375
2 0.934375 0.4453125 0.034375 0.0765625
2 0.5265625 0.421875 0.03125 0.0921875
2 0.6734375 0.22578125 0.015625 0.04375
2 0.65 0.20390625 0.0109375 0.0328125
2 0.68125 0.1953125 0.0125 0.021875
2 0.80859375 0.27265625 0.01875 0.0375
2 0.565625 0.25 0.0125 0.0421875
2 0.77890625 0.26640625 0.021875 0.05
3 0.71328125 0.275 0.0671875 0.1453125
3 0.79140625 0.39375 0.11875 0.1984375
3 0.61875 0.1953125 0.05625 0.0828125
3 0.575 0.17109375 0.0390625 0.059375