1 0.4921875 0.53125 0.1015625 0.1796875
1 0.715625 0.2875 0.1296875 0.096875
1 0.646875 0.21796875 0.053125 0.0671875
2 0.4796875 0.30078125 0.021875 0.0578125
2 0.509375 0.2765625 0.01875 0.053125
2 0.6265625 0.89296875 0.0625 0.15625
2 0.6171875 0.1859375 0.0140625 0.0328125
2 0.575 0.17890625 0.0125 0.0328125
2 0.7265625 0.21875 0.0203125 0.034375
2 0.6359375 0.24140625 0.0125 0.046875
2 0.7953125 0.234375 0.0203125 0.046875
2 0.65859375 0.184375 0.0078125 0.025
2 0.9546875 0.33671875 0.053125 0.065625
2 0.63203125 0.23203125 0.0203125 0.0671875
3 0.8890625 0.28828125 0.1234375 0.13125
3 0.546875 0.20625 0.046875 0.0984375