1 0.5203125 0.38515625 0.0734375 0.1265625
1 0.7921875 0.271875 0.0515625 0.078125
1 0.73984375 0.3109375 0.06875 0.10625
1 0.615625 0.1984375 0.0484375 0.0671875
1 0.47734375 0.221875 0.0265625 0.078125
2 0.45625 0.5546875 0.040625 0.1265625
2 0.48125 0.23359375 0.0171875 0.0546875
2 0.70859375 0.23046875 0.0171875 0.05625
2 0.66171875 0.21640625 0.0140625 0.053125
2 0.72421875 0.21875 0.0171875 0.04375
2 0.5890625 0.178125 0.0125 0.0375
2 0.68203125 0.234375 0.01875 0.0671875
2 0.5625 0.16015625 0.0109375 0.0328125
2 0.6375 0.19921875 0.0125 0.0375
3 0.946875 0.74609375 0.10625 0.3390625