1 0.7765625 0.375 0.078125 0.128125
1 0.521875 0.890625 0.196875 0.159375
1 0.6390625 0.471875 0.0953125 0.190625
1 0.5109375 0.275 0.0484375 0.071875
1 0.5171875 0.21640625 0.040625 0.059375
1 0.6078125 0.1921875 0.0421875 0.059375
1 0.71484375 0.27421875 0.065625 0.1078125
1 0.628125 0.1671875 0.0359375 0.0484375
1 0.7625 0.2375 0.040625 0.0859375
1 0.99375 0.59296875 0.0109375 0.15
2 0.4609375 0.65234375 0.0421875 0.1546875
2 0.81796875 0.2984375 0.0203125 0.059375
2 0.65078125 0.22890625 0.0171875 0.05
2 0.9875 0.38515625 0.0234375 0.0828125
2 0.49921875 0.4046875 0.0296875 0.084375
2 0.55 0.32421875 0.03125 0.0625
2 0.571875 0.18046875 0.0125 0.0390625
2 0.690625 0.21015625 0.015625 0.034375
2 0.559375 0.23359375 0.01875 0.046875
2 0.6796875 0.2234375 0.0171875 0.05
3 0.7484375 0.21953125 0.0671875 0.121875
2 0.58515625 0.1765625 0.0078125 0.0328125
2 0.55859375 0.16640625 0.009375 0.025
2 0.58046875 0.14765625 0.00625 0.0171875
2 0.646875 0.196875 0.0140625 0.03125