1 0.63125 0.55859375 0.103125 0.2
1 0.428125 0.86484375 0.184375 0.2125
1 0.8296875 0.30625 0.078125 0.115625
1 0.5515625 0.20859375 0.0421875 0.059375
1 0.4984375 0.209375 0.0359375 0.05
1 0.5734375 0.14921875 0.01875 0.04375
1 0.46875 0.215625 0.0171875 0.071875
1 0.55625 0.165625 0.025 0.03125
2 0.6375 0.2 0.0125 0.040625
2 0.7453125 0.3296875 0.015625 0.0703125
2 0.5 0.38046875 0.025 0.0796875
2 0.5171875 0.28359375 0.0203125 0.0609375
2 0.9859375 0.553125 0.0265625 0.0828125
2 0.68515625 0.19765625 0.0125 0.034375
2 0.5625 0.275 0.01875 0.05625
2 0.6 0.178125 0.0109375 0.03125
2 0.51875 0.1859375 0.0078125 0.0203125
2 0.4703125 0.2390625 0.0109375 0.025