1 0.9640625 0.825 0.0703125 0.2890625
1 0.628125 0.171875 0.04375 0.0515625
2 0.63203125 0.82734375 0.0609375 0.203125
2 0.6828125 0.6421875 0.046875 0.159375
2 0.396875 0.68828125 0.05 0.165625
2 0.540625 0.49609375 0.0359375 0.1140625
2 0.8484375 0.41640625 0.0359375 0.0921875
2 0.584375 0.43203125 0.0265625 0.071875
2 0.95703125 0.56953125 0.0453125 0.1109375
2 0.78515625 0.303125 0.0265625 0.065625
2 0.49375 0.21640625 0.0125 0.03125
2 0.653125 0.2328125 0.015625 0.040625
2 0.7328125 0.2546875 0.01875 0.046875
2 0.72421875 0.290625 0.0203125 0.0546875
2 0.834375 0.34609375 0.0265625 0.0609375
2 0.465625 0.71640625 0.0453125 0.1671875
2 0.625 0.221875 0.0171875 0.0421875
2 0.575 0.18046875 0.015625 0.0296875
2 0.584375 0.3078125 0.0171875 0.0625
2 0.97734375 0.65859375 0.04375 0.0703125
2 0.584375 0.31953125 0.0125 0.0421875
2 0.53125 0.20859375 0.0109375 0.025
2 0.57578125 0.2890625 0.0109375 0.0359375
2 0.5140625 0.20625 0.0125 0.0296875
2 0.778125 0.275 0.015625 0.0453125
2 0.78203125 0.26796875 0.021875 0.053125
3 0.5203125 0.290625 0.0671875 0.1421875
1 0.61875 0.3359375 0.0640625 0.128125
1 0.5640625 0.225 0.04375 0.0828125