1 0.5109375 0.20703125 0.0375 0.059375
1 0.7 0.25234375 0.059375 0.0875
1 0.6390625 0.203125 0.0484375 0.065625
1 0.5625 0.1640625 0.034375 0.0453125
1 0.475 0.22265625 0.015625 0.040625
1 0.6921875 0.1296875 0.0125 0.015625
2 0.89453125 0.365625 0.025 0.06875
2 0.796875 0.38515625 0.034375 0.09375
2 0.659375 0.259375 0.01875 0.06875
2 0.878125 0.44140625 0.034375 0.0859375
2 0.7296875 0.25234375 0.01875 0.0546875
2 0.634375 0.23125 0.0125 0.0625
2 0.76875 0.2765625 0.0078125 0.046875
2 0.48828125 0.38203125 0.021875 0.0671875
2 0.79375 0.315625 0.025 0.0578125
2 0.596875 0.1703125 0.0109375 0.0265625
2 0.83359375 0.346875 0.028125 0.08125
2 0.83671875 0.29921875 0.01875 0.0375
2 0.4953125 0.30078125 0.0234375 0.0625
2 0.99375 0.40078125 0.0109375 0.0515625