1 0.71953125 0.22734375 0.0515625 0.0765625
1 0.9546875 0.48359375 0.0890625 0.1953125
1 0.56796875 0.16640625 0.0390625 0.053125
1 0.64765625 0.1796875 0.04375 0.0578125
1 0.61328125 0.19296875 0.0453125 0.0609375
1 0.59609375 0.1546875 0.0296875 0.040625
2 0.5859375 0.3390625 0.025 0.071875
2 0.48984375 0.25078125 0.015625 0.046875
2 0.96015625 0.66015625 0.046875 0.134375
2 0.48671875 0.4078125 0.0328125 0.09375
2 0.928125 0.384375 0.03125 0.0609375
2 0.84375 0.3140625 0.021875 0.046875
2 0.8578125 0.359375 0.0296875 0.078125
2 0.4296875 0.659375 0.0421875 0.15625
2 0.9921875 0.390625 0.015625 0.0484375
3 0.4953125 0.190625 0.0359375 0.0765625