1 0.6984375 0.25390625 0.0625 0.084375
1 0.55390625 0.171875 0.0234375 0.0375
1 0.578125 0.1765625 0.0296875 0.053125
2 0.5453125 0.5703125 0.040625 0.1375
2 0.3765625 0.87265625 0.059375 0.1875
2 0.871875 0.55703125 0.0421875 0.128125
2 0.5375 0.2734375 0.01875 0.05625
2 0.65 0.246875 0.01875 0.05625
2 0.478125 0.4421875 0.028125 0.0765625
2 0.8109375 0.440625 0.0375 0.115625
2 0.9609375 0.44765625 0.0328125 0.09375
2 0.79921875 0.325 0.025 0.0671875
2 0.96875 0.64140625 0.0484375 0.196875
2 0.86875 0.4515625 0.0328125 0.0640625
2 0.7484375 0.32734375 0.0109375 0.0578125
2 0.9171875 0.39765625 0.028125 0.0828125
2 0.89375 0.415625 0.034375 0.084375
2 0.73984375 0.2546875 0.0125 0.065625
2 0.721875 0.2265625 0.0125 0.0390625
2 0.77421875 0.2453125 0.0140625 0.04375
2 0.7859375 0.265625 0.0203125 0.0484375
2 0.8375 0.3125 0.0234375 0.0671875
2 0.6578125 0.20546875 0.0109375 0.0359375
2 0.6828125 0.2015625 0.015625 0.028125
2 0.98203125 0.4171875 0.0203125 0.0578125
2 0.9875 0.5515625 0.0234375 0.146875
2 0.9890625 0.58359375 0.0203125 0.0859375
3 0.61953125 0.1765625 0.0640625 0.1109375
2 0.73515625 0.2125 0.0125 0.034375