0 0.6 0.1734375 0.0484375 0.0859375
1 0.67578125 0.246875 0.05625 0.0765625
3 0.87890625 0.52578125 0.1328125 0.23125
1 0.7265625 0.228125 0.0390625 0.0734375
2 0.475 0.859375 0.065625 0.2078125
2 0.49375 0.23359375 0.015625 0.053125
2 0.525 0.24765625 0.015625 0.046875
2 0.6078125 0.7390625 0.0578125 0.171875
2 0.63671875 0.190625 0.0125 0.034375
2 0.80234375 0.27890625 0.0171875 0.046875
2 0.475 0.22734375 0.0140625 0.0375
2 0.6828125 0.196875 0.0125 0.0328125
2 0.790625 0.30625 0.0234375 0.059375
2 0.54375 0.165625 0.0078125 0.0296875
2 0.65625 0.215625 0.0125 0.034375
2 0.565625 0.16796875 0.009375 0.025
3 0.7171875 0.2109375 0.0578125 0.109375
3 0.8734375 0.34296875 0.09375 0.1390625
1 0.5734375 0.1515625 0.0234375 0.053125