1 0.53046875 0.2421875 0.046875 0.0734375
1 0.68046875 0.23515625 0.05625 0.0796875
1 0.63125 0.2015625 0.05 0.0703125
2 0.846875 0.2953125 0.0234375 0.065625
2 0.4859375 0.253125 0.0171875 0.0546875
2 0.809375 0.32578125 0.025 0.0734375
2 0.725 0.24609375 0.01875 0.053125
2 0.4734375 0.49296875 0.03125 0.1109375
2 0.6109375 0.2171875 0.015625 0.046875
2 0.5015625 0.3796875 0.028125 0.0828125
2 0.80078125 0.28125 0.021875 0.0515625
2 0.63671875 0.24140625 0.015625 0.046875
2 0.5796875 0.1625 0.0109375 0.03125
2 0.76875 0.2578125 0.0078125 0.046875
2 0.48515625 0.2015625 0.0125 0.040625
2 0.5984375 0.178125 0.0109375 0.0296875
2 0.72109375 0.22109375 0.0140625 0.0390625