1 0.56953125 0.509375 0.0953125 0.18125
1 0.5203125 0.296875 0.0546875 0.0796875
1 0.490625 0.2203125 0.0421875 0.0625
1 0.62734375 0.2 0.040625 0.0671875
1 0.66484375 0.2234375 0.053125 0.075
1 0.75859375 0.2359375 0.034375 0.0671875
2 0.8875 0.46484375 0.0359375 0.0984375
2 0.5484375 0.2078125 0.0140625 0.0375
2 0.47421875 0.4671875 0.028125 0.0796875
2 0.59375 0.20390625 0.015625 0.040625
2 0.6984375 0.209375 0.01875 0.04375
2 0.79921875 0.246875 0.01875 0.0453125
2 0.7421875 0.28828125 0.015625 0.06875
2 0.47421875 0.34453125 0.0203125 0.0640625
2 0.73125 0.2140625 0.0140625 0.0359375
2 0.7703125 0.24375 0.0109375 0.0515625
2 0.5671875 0.18203125 0.0109375 0.03125
2 0.575 0.171875 0.0109375 0.0265625