3 0.65390625 0.17109375 0.0546875 0.0796875
1 0.5203125 0.33359375 0.065625 0.109375
1 0.565625 0.16796875 0.0390625 0.046875
1 0.653125 0.2265625 0.0515625 0.071875
1 0.7234375 0.2125 0.046875 0.0671875
1 0.6125 0.19140625 0.0421875 0.071875
1 0.790625 0.25859375 0.0484375 0.059375
2 0.909375 0.4609375 0.0359375 0.10625
2 0.715625 0.26484375 0.0203125 0.065625
2 0.546875 0.2578125 0.0203125 0.0484375
2 0.975 0.46953125 0.0390625 0.1
2 0.5953125 0.37734375 0.028125 0.0828125
2 0.59296875 0.571875 0.0421875 0.1375
2 0.565625 0.23359375 0.0125 0.034375
2 0.5859375 0.73828125 0.0515625 0.1765625
2 0.94609375 0.4203125 0.0296875 0.0875
2 0.88671875 0.40078125 0.0140625 0.0828125
2 0.88125 0.38359375 0.025 0.1171875
0 0.82578125 0.38515625 0.1203125 0.2484375