1 0.9421875 0.64140625 0.1140625 0.271875
1 0.6921875 0.265625 0.0515625 0.096875
1 0.6359375 0.21640625 0.046875 0.0609375
1 0.525 0.209375 0.0359375 0.046875
1 0.5859375 0.17890625 0.040625 0.05
1 0.61328125 0.1640625 0.0375 0.046875
1 0.5546875 0.16875 0.0265625 0.0296875
2 0.46953125 0.51015625 0.0375 0.11875
2 0.525 0.5546875 0.040625 0.1234375
2 0.8703125 0.325 0.0234375 0.0640625
2 0.934375 0.421875 0.03125 0.0921875
2 0.84609375 0.37421875 0.0296875 0.0796875
2 0.50546875 0.27578125 0.0171875 0.0546875
2 0.915625 0.496875 0.04375 0.0703125
2 0.490625 0.2265625 0.0125 0.0390625
2 0.89609375 0.4328125 0.0390625 0.0828125
2 0.984375 0.5171875 0.03125 0.0546875
2 0.8265625 0.3109375 0.0171875 0.0609375
3 0.7703125 0.315625 0.1125 0.234375
3 0.67734375 0.178125 0.0546875 0.0890625
3 0.5609375 0.221875 0.04375 0.078125