1 0.915625 0.19921875 0.0796875 0.140625
1 0.59296875 0.503125 0.1328125 0.2546875
1 0.4015625 0.0796875 0.13125 0.084375
1 0.246875 0.07578125 0.0890625 0.0765625
1 0.8359375 0.06171875 0.053125 0.0765625
1 0.7625 0.48984375 0.140625 0.2875
1 0.8 0.021875 0.0359375 0.04375
1 0.6390625 0.01953125 0.04375 0.0390625
1 0.82265625 0.0609375 0.0265625 0.075
1 0.4875 0.02734375 0.0484375 0.0546875
1 0.41328125 0.04609375 0.078125 0.040625
1 0.5625 0.046875 0.0140625 0.0671875
1 0.634375 0.03828125 0.040625 0.065625
2 0.484375 0.38203125 0.0421875 0.125
2 0.6125 0.24375 0.0578125 0.084375
2 0.759375 0.284375 0.065625 0.1015625
2 0.8171875 0.28203125 0.0625 0.096875
2 0.77265625 0.059375 0.015625 0.053125
2 0.721875 0.171875 0.0421875 0.0609375
2 0.8890625 0.3703125 0.05625 0.11875
2 0.2 0.47421875 0.103125 0.1296875
2 0.559375 0.17578125 0.0640625 0.071875
2 0.53984375 0.34921875 0.04375 0.1265625
2 0.95234375 0.36796875 0.046875 0.0984375
2 0.2765625 0.321875 0.0375 0.0984375
2 0.7609375 0.0171875 0.0125 0.0328125
2 0.475 0.05234375 0.028125 0.0484375
2 0.6375 0.18203125 0.046875 0.0671875
2 0.3390625 0.16328125 0.028125 0.06875
2 0.3109375 0.75234375 0.0625 0.1234375
2 0.50625 0.15546875 0.059375 0.0671875
2 0.740625 0.07578125 0.0203125 0.0484375
2 0.47578125 0.1453125 0.0390625 0.0671875
2 0.3546875 0.16328125 0.059375 0.071875
2 0.5421875 0.43125 0.0359375 0.1296875
2 0.3125 0.7 0.0671875 0.2203125
2 0.6921875 0.784375 0.065625 0.2078125
2 0.415625 0.15859375 0.0609375 0.08125
2 0.2515625 0.39375 0.0546875 0.1015625
2 0.915625 0.32265625 0.0453125 0.0875
2 0.66171875 0.1328125 0.04375 0.065625
2 0.43359375 0.17890625 0.065625 0.0671875
3 0.8515625 0.7421875 0.2515625 0.5125
3 0.440625 0.7078125 0.2015625 0.434375
3 0.5328125 0.059375 0.0515625 0.11875
3 0.0421875 0.39296875 0.0390625 0.525
3 0.4984375 0.925 0.3015625 0.15
2 0.5234375 0.12109375 0.0453125 0.0515625
2 0.575 0.13828125 0.05 0.0421875
2 0.621875 0.15546875 0.053125 0.0625
2 0.61171875 0.1109375 0.0421875 0.0515625
2 0.59140625 0.078125 0.0140625 0.0390625
2 0.584375 0.065625 0.015625 0.0390625
2 0.7015625 0.1453125 0.021875 0.0640625
2 0.69921875 0.06015625 0.0140625 0.046875
2 0.684375 0.08984375 0.0140625 0.046875
2 0.70625 0.10859375 0.0125 0.0359375
2 0.72734375 0.04921875 0.0109375 0.04375
2 0.6875 0.04921875 0.0140625 0.040625
2 0.46875 0.13515625 0.025 0.053125