1 0.60078125 0.38828125 0.075 0.1125
1 0.61640625 0.196875 0.040625 0.0640625
1 0.77890625 0.34609375 0.08125 0.121875
1 0.5765625 0.17890625 0.0359375 0.046875
1 0.55078125 0.16015625 0.03125 0.046875
2 0.496875 0.528125 0.040625 0.1234375
2 0.8984375 0.68359375 0.0546875 0.159375
2 0.9875 0.409375 0.025 0.090625
2 0.4734375 0.24375 0.015625 0.040625
2 0.7171875 0.3703125 0.028125 0.0828125
2 0.5 0.23125 0.015625 0.046875
2 0.8671875 0.43046875 0.0296875 0.0890625
2 0.53125 0.38359375 0.021875 0.0609375
2 0.48671875 0.325 0.021875 0.0703125
2 0.9140625 0.5046875 0.0390625 0.1046875
2 0.93828125 0.45546875 0.0296875 0.1
2 0.7203125 0.24453125 0.0203125 0.053125
2 0.9078125 0.378125 0.028125 0.059375
2 0.79609375 0.28984375 0.0171875 0.040625
2 0.740625 0.26640625 0.0125 0.0703125
2 0.86484375 0.35 0.025 0.05
2 0.828125 0.34765625 0.025 0.0796875
2 0.7765625 0.26171875 0.01875 0.0484375
2 0.5234375 0.32421875 0.0203125 0.0625
3 0.66953125 0.60546875 0.1265625 0.259375
3 0.6703125 0.21328125 0.071875 0.140625
3 0.590625 0.1421875 0.0421875 0.0625
2 0.91796875 0.34609375 0.0109375 0.0453125
2 0.8359375 0.30625 0.0109375 0.0296875
2 0.73671875 0.2171875 0.0125 0.0375
2 0.70859375 0.20078125 0.0109375 0.0359375