1 0.95625 0.459375 0.0875 0.1921875
1 0.503125 0.37890625 0.06875 0.1390625
1 0.48125 0.896875 0.18125 0.1484375
1 0.58828125 0.33203125 0.0625 0.1109375
1 0.6359375 0.178125 0.04375 0.05625
1 0.69375 0.12890625 0.0140625 0.0140625
2 0.72578125 0.28125 0.0203125 0.0578125
2 0.675 0.246875 0.01875 0.05
2 0.640625 0.4640625 0.034375 0.096875
2 0.49765625 0.2390625 0.0125 0.03125
2 0.515625 0.1984375 0.009375 0.025
2 0.77265625 0.26328125 0.0125 0.0484375
2 0.49609375 0.228125 0.015625 0.053125
2 0.721875 0.2421875 0.0171875 0.04375
2 0.4890625 0.19921875 0.0125 0.0265625
2 0.68046875 0.23046875 0.0125 0.0390625
2 0.678125 0.2 0.0125 0.028125
2 0.7140625 0.93515625 0.0671875 0.06875
3 0.5890625 0.178125 0.046875 0.075