1 0.50625 0.4078125 0.075 0.1171875
1 0.66484375 0.221875 0.053125 0.075
1 0.5875 0.3296875 0.059375 0.0953125
1 0.6234375 0.196875 0.04375 0.065625
3 0.540625 0.22734375 0.0484375 0.0796875
1 0.58046875 0.2765625 0.06875 0.08125
1 0.9375 0.47578125 0.0953125 0.2046875
1 0.496875 0.278125 0.053125 0.084375
1 0.490625 0.190625 0.0203125 0.0328125
2 0.5265625 0.3296875 0.015625 0.046875
2 0.4765625 0.3359375 0.021875 0.053125
2 0.56484375 0.165625 0.009375 0.0265625
2 0.9625 0.396875 0.0265625 0.06875
2 0.475 0.31796875 0.025 0.0859375
2 0.56484375 0.425 0.0296875 0.096875
2 0.990625 0.38515625 0.01875 0.0796875
3 0.53203125 0.1875 0.034375 0.053125